0 0.49189814814814814 0.5271990740740741 0.016975308641975308 0.03819444444444445
0 0.4757908950617284 0.5245949074074074 0.01871141975308642 0.043402777777777776
0 0.45881558641975306 0.5118634259259259 0.011766975308641976 0.027777777777777776
0 0.4411651234567901 0.4674479166666667 0.02700617283950617 0.030381944444444444
0 0.4140625 0.4916087962962963 0.02025462962962963 0.027777777777777776
0 0.39457947530864196 0.5069444444444444 0.025270061728395063 0.03298611111111111
0 0.4148341049382716 0.5120081018518519 0.01871141975308642 0.022858796296296297
0 0.42158564814814814 0.5258969907407407 0.015239197530864198 0.025173611111111112
0 0.42669753086419754 0.5373263888888888 0.018518518518518517 0.027777777777777776
0 0.39544753086419754 0.5360243055555556 0.016975308641975308 0.025173611111111112
0 0.42582947530864196 0.5766782407407407 0.02025462962962963 0.02546296296296296
0 0.4537037037037037 0.6134259259259259 0.02199074074074074 0.022569444444444444
0 0.49691358024691357 0.6578414351851852 0.02700617283950617 0.025173611111111112
0 0.48427854938271603 0.6793981481481481 0.025270061728395063 0.03298611111111111
0 0.4605516975308642 0.6717303240740741 0.01871141975308642 0.01765046296296296
0 0.49189814814814814 0.7112268518518519 0.016975308641975308 0.02546296296296296
0 0.43778935185185186 0.3431712962962963 0.03722993827160494 0.05092592592592592
0 0.46739969135802467 0.6336805555555556 0.02199074074074074 0.027777777777777776
0 0.44222608024691357 0.5111400462962963 0.025655864197530864 0.03153935185185185
0 0.4458912037037037 0.6655092592592593 0.01678240740740741 0.024305555555555556
0 0.4506172839506173 0.6854745370370371 0.018518518518518517 0.027777777777777776