0 0.631514657980456 0.42662377450980393 0.011807817589576547 0.030330882352941176
0 0.6221498371335505 0.4482230392156863 0.023615635179153095 0.03308823529411765
0 0.541836319218241 0.47763480392156865 0.028705211726384364 0.030637254901960783
0 0.6017915309446255 0.48268995098039214 0.030537459283387622 0.035845588235294115
0 0.602707654723127 0.5119485294117647 0.025447882736156353 0.03308823529411765
0 0.583163680781759 0.5526960784313726 0.016897394136807818 0.028186274509803922
0 0.6103420195439739 0.547640931372549 0.013436482084690555 0.027879901960784315
0 0.6137011400651465 0.5807291666666666 0.03033387622149837 0.027879901960784315
0 0.6516693811074918 0.5436580882352942 0.03216612377850163 0.040747549019607844
0 0.6366042345276873 0.4954044117647059 0.03216612377850163 0.04595588235294118
0 0.6543159609120521 0.4572610294117647 0.04723127035830619 0.040747549019607844
0 0.6670399022801303 0.6124387254901961 0.018526058631921825 0.03553921568627451
0 0.6187907166123778 0.6493566176470589 0.016897394136807818 0.02297794117647059
0 0.5950732899022801 0.6608455882352942 0.01710097719869707 0.03553921568627451
0 0.47068403908794787 0.8238357843137255 0.028908794788273615 0.03553921568627451
0 0.49022801302931596 0.8849571078431373 0.023615635179153095 0.040747549019607844
0 0.5172027687296417 0.8849571078431373 0.02707654723127036 0.040747549019607844
0 0.5443811074918566 0.8786764705882353 0.033794788273615636 0.04840686274509804