0 0.4811594202898551 0.2793478260869565 0.03188405797101449 0.041304347826086954
0 0.4789855072463768 0.3402173913043478 0.04782608695652174 0.030434782608695653
0 0.558695652173913 0.44456521739130433 0.04782608695652174 0.030434782608695653
0 0.4717391304347826 0.41684782608695653 0.03333333333333333 0.029347826086956522
0 0.3536231884057971 0.34619565217391307 0.05507246376811594 0.04673913043478261
0 0.43478260869565216 0.4923913043478261 0.04057971014492753 0.03695652173913044
0 0.4514492753623188 0.5277173913043478 0.04492753623188406 0.03804347826086957
0 0.5239130434782608 0.5597826086956522 0.042028985507246375 0.0391304347826087
0 0.5181159420289855 0.5983695652173913 0.042028985507246375 0.03369565217391304
0 0.37318840579710144 0.6298913043478261 0.059420289855072465 0.03804347826086957
0 0.2644927536231884 0.6076086956521739 0.06231884057971015 0.03695652173913044
0 0.6376811594202898 0.5429347826086957 0.043478260869565216 0.03804347826086957
0 0.6181159420289855 0.6375 0.036231884057971016 0.035869565217391305
0 0.644927536231884 0.7679347826086956 0.034782608695652174 0.04456521739130435
0 0.5768115942028985 0.8559782608695652 0.0463768115942029 0.04673913043478261
0 0.47608695652173916 0.7695652173913043 0.036231884057971016 0.03260869565217391
0 0.5384057971014493 0.3934782608695652 0.042028985507246375 0.043478260869565216
0 0.29927536231884055 0.5554347826086956 0.07681159420289856 0.04782608695652174
0 0.48333333333333334 0.725 0.04492753623188406 0.041304347826086954
0 0.4007246376811594 0.7309782608695652 0.04492753623188406 0.04456521739130435
0 0.3442028985507246 0.7288043478260869 0.06811594202898551 0.04456521739130435
0 0.40942028985507245 0.8440217391304348 0.06811594202898551 0.04891304347826087
0 0.2898550724637681 0.8559782608695652 0.04057971014492753 0.029347826086956522
0 0.29927536231884055 0.8983695652173913 0.059420289855072465 0.04673913043478261
0 0.25579710144927537 0.8092391304347826 0.06811594202898551 0.03804347826086957
0 0.4717391304347826 0.9266304347826086 0.06811594202898551 0.025