0 0.6724890829694323 0.09772727272727273 0.026200873362445413 0.04090909090909091
0 0.665938864628821 0.13636363636363635 0.039301310043668124 0.045454545454545456
0 0.8122270742358079 0.3659090909090909 0.06986899563318777 0.05
0 0.4672489082969432 0.8590909090909091 0.026200873362445413 0.045454545454545456
0 0.4279475982532751 0.8227272727272728 0.034934497816593885 0.05454545454545454
0 0.5960698689956332 0.10454545454545454 0.056768558951965066 0.06363636363636363
0 0.5087336244541485 0.8204545454545454 0.048034934497816595 0.04090909090909091
0 0.5349344978165939 0.7772727272727272 0.048034934497816595 0.05454545454545454
0 0.5480349344978166 0.8590909090909091 0.056768558951965066 0.03636363636363636
0 0.5873362445414847 0.8863636363636364 0.039301310043668124 0.045454545454545456
0 0.39082969432314413 0.6863636363636364 0.06550218340611354 0.08181818181818182
0 0.4279475982532751 0.6318181818181818 0.0611353711790393 0.045454545454545456
0 0.5393013100436681 0.6272727272727273 0.07423580786026202 0.07272727272727272
0 0.5873362445414847 0.5977272727272728 0.056768558951965066 0.05
0 0.631004366812227 0.5977272727272728 0.056768558951965066 0.05909090909090909
0 0.7008733624454149 0.5818181818181818 0.07423580786026202 0.05454545454545454
0 0.7445414847161572 0.5636363636363636 0.056768558951965066 0.03636363636363636
0 0.7794759825327511 0.5431818181818182 0.056768558951965066 0.05
0 0.74235807860262 0.42954545454545456 0.07860262008733625 0.05909090909090909
0 0.7532751091703057 0.7022727272727273 0.08296943231441048 0.05
0 0.6921397379912664 0.6909090909090909 0.06550218340611354 0.06363636363636363
0 0.722707423580786 0.7681818181818182 0.06550218340611354 0.08181818181818182
0 0.6397379912663755 0.7159090909090909 0.048034934497816595 0.05
0 0.5873362445414847 0.7363636363636363 0.08296943231441048 0.045454545454545456