0 0.5724094881398252 0.18523153942428036 0.08863920099875156 0.07008760951188986
0 0.6429463171036205 0.15707133917396746 0.0599250936329588 0.05131414267834793
0 0.6935081148564295 0.03254067584480601 0.05867665418227216 0.057571964956195244
0 0.9213483146067416 0.18523153942428036 0.04244694132334582 0.04505632040050062
0 0.4431960049937578 0.5344180225281602 0.0599250936329588 0.06508135168961202
0 0.43757802746566793 0.6182728410513142 0.066167290886392 0.0425531914893617
0 0.45068664169787764 0.6752190237797246 0.05742821473158552 0.05381727158948686
0 0.40012484394506864 0.6564455569461827 0.07116104868913857 0.04130162703379224
0 0.3258426966292135 0.6408010012515645 0.0599250936329588 0.04755944931163955
0 0.3121098626716604 0.5444305381727159 0.052434456928838954 0.057571964956195244
0 0.266541822721598 0.5932415519399249 0.05118601747815231 0.052565707133917394
0 0.32709113607990015 0.704630788485607 0.05742821473158552 0.0425531914893617
0 0.5243445692883895 0.7959949937421777 0.062421972534332085 0.05506883604505632
0 0.6223470661672909 0.7684605757196495 0.046192259675405745 0.052565707133917394
0 0.5099875156054932 0.8391739674593242 0.05118601747815231 0.058823529411764705
0 0.4500624219725343 0.876720901126408 0.06367041198501873 0.06132665832290363
0 0.1647940074906367 0.8479349186483104 0.05493133583021224 0.06633291614518148
0 0.2852684144818976 0.9111389236545682 0.06117353308364544 0.0425531914893617
0 0.3895131086142322 0.9267834793491865 0.0449438202247191 0.04130162703379224
0 0.33395755305867664 0.934918648310388 0.05368289637952559 0.057571964956195244
0 0.7871410736579276 0.14080100125156444 0.05368289637952559 0.06132665832290363
0 0.6310861423220974 0.09261576971214018 0.05118601747815231 0.060075093867334166
0 0.7503121098626716 0.10513141426783479 0.039950062421972535 0.052565707133917394
0 0.4912609238451935 0.3091364205256571 0.05368289637952559 0.03504380475594493
0 0.3227215980024969 0.3904881101376721 0.04868913857677903 0.060075093867334166
0 0.34269662921348315 0.30350438047559447 0.04369538077403246 0.04630788485607009
0 0.37265917602996257 0.5062578222778473 0.046192259675405745 0.05381727158948686
0 0.5349563046192259 0.5663329161451814 0.04868913857677903 0.04380475594493116
0 0.6117353308364545 0.6339173967459324 0.049937578027465665 0.04630788485607009
0 0.581772784019975 0.6939924906132666 0.03495630461922597 0.028785982478097622
0 0.3352059925093633 0.7603254067584481 0.046192259675405745 0.04130162703379224
0 0.44569288389513106 0.7553191489361702 0.049937578027465665 0.06633291614518148
0 0.45880149812734083 0.928035043804756 0.02372034956304619 0.04881101376720901
0 0.6466916354556804 0.8823529411764706 0.03745318352059925 0.03254067584480601
0 0.22409488139825218 0.8416770963704631 0.03870162297128589 0.04630788485607009
0 0.21161048689138576 0.8917396745932415 0.04119850187265917 0.04630788485607009
0 0.3807740324594257 0.8585732165206508 0.0449438202247191 0.03254067584480601
0 0.3739076154806492 0.7071339173967459 0.026217228464419477 0.02753441802252816
0 0.3951310861423221 0.7202753441802253 0.033707865168539325 0.028785982478097622
0 0.3495630461922597 0.574468085106383 0.03745318352059925 0.03254067584480601
0 0.40886392009987516 0.48435544430538174 0.033707865168539325 0.03504380475594493
0 0.21910112359550563 0.45869837296620775 0.03620474406991261 0.03379224030037547
0 0.4107365792759051 0.28660826032540676 0.03495630461922597 0.03754693366708386
0 0.43258426966292135 0.2146433041301627 0.04369538077403246 0.03879849812265332
0 0.9831460674157303 0.2284105131414268 0.031210986267166042 0.04380475594493116
0 0.982521847690387 0.2816020025031289 0.03245942571785269 0.0425531914893617
0 0.7034956304619226 0.23842302878598248 0.04119850187265917 0.03379224030037547
0 0.5511860174781523 0.9136420525657072 0.07116104868913857 0.04505632040050062
0 0.47253433208489387 0.9618272841051314 0.07365792759051186 0.04881101376720901
0 0.40823970037453183 0.9868585732165206 0.05742821473158552 0.023779724655819776
0 0.3389513108614232 0.9843554443053817 0.03620474406991261 0.028785982478097622
0 0.36704119850187267 0.9693366708385481 0.03745318352059925 0.03379224030037547
0 0.42446941323345816 0.8097622027534418 0.03495630461922597 0.04005006257822278
0 0.38264669163545567 0.769712140175219 0.03870162297128589 0.030037546933667083
0 0.8227215980024969 0.590738423028786 0.04244694132334582 0.03754693366708386
0 0.1704119850187266 0.5112640801001251 0.05118601747815231 0.04380475594493116
0 0.17852684144818975 0.8010012515644556 0.039950062421972535 0.03254067584480601
0 0.49563046192259674 0.7897371714643304 0.04244694132334582 0.03754693366708386
0 0.49875156054931336 0.5957446808510638 0.03870162297128589 0.03504380475594493
0 0.5380774032459426 0.8760951188986232 0.06491885143570537 0.04755944931163955
0 0.7191011235955056 0.7428035043804756 0.03745318352059925 0.03128911138923655