0 0.07824550128534705 0.38961226851851855 0.05173521850899743 0.044270833333333336
0 0.13480077120822623 0.3185763888888889 0.046593830334190234 0.02199074074074074
0 0.14219151670951158 0.3585069444444444 0.08129820051413882 0.03993055555555555
0 0.05109254498714653 0.45384837962962965 0.061696658097686374 0.030960648148148147
0 0.04980719794344473 0.5135995370370371 0.03920308483290488 0.03993055555555555
0 0.06089331619537275 0.5413773148148148 0.04209511568123393 0.028935185185185185
0 0.09415167095115681 0.5513599537037037 0.04948586118251928 0.044270833333333336
0 0.1384961439588689 0.5147569444444444 0.04948586118251928 0.03761574074074074
0 0.14845758354755784 0.5648148148148148 0.05912596401028278 0.03993055555555555
0 0.09672236503856041 0.5934606481481481 0.05912596401028278 0.02662037037037037
0 0.06089331619537275 0.6179108796296297 0.046593830334190234 0.030960648148148147
0 0.07808483290488431 0.6501736111111112 0.04177377892030849 0.03761574074074074
0 0.11519922879177377 0.6179108796296297 0.02217223650385604 0.030960648148148147
0 0.1532776349614396 0.6290509259259259 0.06426735218508997 0.017939814814814815
0 0.09415167095115681 0.6889467592592593 0.03920308483290488 0.03993055555555555
0 0.1359254498714653 0.6966145833333334 0.04434447300771208 0.04195601851851852
0 0.19762210796915167 0.6999421296296297 0.07390745501285347 0.03530092592592592
0 0.23827120822622108 0.6976273148148148 0.046593830334190234 0.03993055555555555
0 0.27522493573264784 0.7132523148148148 0.03695372750642673 0.04456018518518518
0 0.14219151670951158 0.7475405092592593 0.05687660668380463 0.033275462962962965
0 0.09784704370179949 0.7420428240740741 0.07615681233933162 0.035590277777777776
0 0.19505141388174807 0.7310474537037037 0.04434447300771208 0.035590277777777776
0 0.20613753213367608 0.7764756944444444 0.046593830334190234 0.033275462962962965
0 0.22589974293059126 0.8009259259259259 0.04691516709511568 0.028935185185185185
0 0.28133033419023135 0.7798032407407407 0.05430591259640103 0.05324074074074074
0 0.17046915167095117 0.8152488425925926 0.034383033419023136 0.02228009259259259
0 0.22718508997429307 0.8430266203703703 0.05398457583547558 0.04658564814814815
0 0.39090616966580977 0.6401909722222222 0.04209511568123393 0.030960648148148147
0 0.1778598971722365 0.24320023148148148 0.05430591259640103 0.048900462962962965
0 0.23216580976863754 0.1378761574074074 0.06394601542416452 0.015335648148148149
0 0.26413881748071977 0.18561921296296297 0.07390745501285347 0.06221064814814815
0 0.30960796915167094 0.14554398148148148 0.05687660668380463 0.05324074074074074
0 0.3563624678663239 0.16999421296296297 0.061696658097686374 0.06221064814814815
0 0.39203084832904883 0.19111689814814814 0.04434447300771208 0.037905092592592594
0 0.4193444730077121 0.1545138888888889 0.02956298200514139 0.04861111111111111
0 0.46352827763496146 0.16782407407407407 0.04402313624678663 0.04456018518518518
0 0.4930912596401028 0.12225115740740741 0.039524421593830336 0.033275462962962965
0 0.4315552699228792 0.10127314814814815 0.04434447300771208 0.04861111111111111
0 0.4869858611825193 0.08463541666666667 0.05173521850899743 0.04195601851851852
0 0.5422557840616966 0.11906828703703703 0.05430591259640103 0.030960648148148147
0 0.4991966580976864 0.15784143518518517 0.04209511568123393 0.033275462962962965
0 0.4991966580976864 0.18663194444444445 0.05173521850899743 0.024305555555555556
0 0.5422557840616966 0.3119212962962963 0.04916452442159383 0.05324074074074074
0 0.5743894601542416 0.1300636574074074 0.039524421593830336 0.044270833333333336
0 0.3774100257069409 0.09461805555555555 0.05430591259640103 0.04861111111111111
0 0.5597686375321337 0.7719907407407407 0.03984575835475578 0.028935185185185185
0 0.5133354755784062 0.3537326388888889 0.03759640102827763 0.026909722222222224
0 0.03839974293059126 0.5827546296296297 0.04980719794344473 0.03009259259259259
0 0.14926092544987146 0.6685474537037037 0.04338046272493573 0.02980324074074074
0 0.11487789203084833 0.6575520833333334 0.040809768637532134 0.02980324074074074
0 0.10571979434447301 0.76953125 0.04434447300771208 0.024016203703703703
0 0.2461439588688946 0.7573784722222222 0.02634961439588689 0.03211805555555555
0 0.03888174807197944 0.3922164351851852 0.03984575835475578 0.04369212962962963
0 0.5751928020565553 0.1597222222222222 0.03534704370179949 0.026041666666666668
0 0.18460796915167096 0.29542824074074076 0.034383033419023136 0.03587962962962963
0 0.3828727506426735 0.6890914351851852 0.05430591259640103 0.03674768518518518