0 0.5497572815533981 0.5227272727272727 0.03640776699029126 0.045454545454545456
0 0.35436893203883496 0.4727272727272727 0.03398058252427184 0.025454545454545455
0 0.37014563106796117 0.2581818181818182 0.06553398058252427 0.04
0 0.4320388349514563 0.6 0.038834951456310676 0.04
0 0.4053398058252427 0.6245454545454545 0.05339805825242718 0.038181818181818185
0 0.5097087378640777 0.6163636363636363 0.043689320388349516 0.03272727272727273
0 0.5995145631067961 0.6145454545454545 0.05339805825242718 0.04
0 0.5703883495145631 0.6818181818181818 0.04854368932038835 0.05090909090909091
0 0.595873786407767 0.7354545454545455 0.055825242718446605 0.038181818181818185
0 0.595873786407767 0.7672727272727272 0.04611650485436893 0.03272727272727273
0 0.654126213592233 0.7645454545454545 0.03640776699029126 0.038181818181818185