0 0.5633033419023136 0.5768229166666666 0.061696658097686374 0.059895833333333336
0 0.4646529562982005 0.8009259259259259 0.032133676092544985 0.05092592592592592
0 0.4561375321336761 0.6090856481481481 0.04402313624678663 0.04861111111111111
0 0.4278598971722365 0.5348668981481481 0.08129820051413882 0.0865162037037037
0 0.33547557840616965 0.5691550925925926 0.08868894601542417 0.05324074074074074
0 0.23827120822622108 0.5902777777777778 0.03695372750642673 0.04224537037037037
0 0.2037275064267352 0.6290509259259259 0.05141388174807198 0.061921296296296294
0 0.1791452442159383 0.5658275462962963 0.046593830334190234 0.059895833333333336
0 0.11873393316195373 0.4926215277777778 0.06394601542416452 0.06452546296296297
0 0.3846401028277635 0.1478587962962963 0.04434447300771208 0.04861111111111111
0 0.480719794344473 0.08130787037037036 0.06426735218508997 0.061921296296296294
0 0.570694087403599 0.06032986111111111 0.04691516709511568 0.04195601851851852
0 0.6346401028277635 0.08564814814814815 0.04691516709511568 0.02662037037037037
0 0.6778598971722365 0.1255787037037037 0.10829048843187661 0.02662037037037037
0 0.6605077120822622 0.17346643518518517 0.07358611825192803 0.07320601851851852
0 0.7663881748071979 0.1644965277777778 0.05398457583547558 0.059895833333333336
0 0.6715938303341902 0.26765046296296297 0.04691516709511568 0.05324074074074074
0 0.2985218508997429 0.6490162037037037 0.07390745501285347 0.06655092592592593
0 0.3698586118251928 0.8347800925925926 0.056555269922879174 0.037037037037037035
0 0.3857647814910026 0.8052662037037037 0.046593830334190234 0.031828703703703706
0 0.30205655526992287 0.6750578703703703 0.043059125964010285 0.034722222222222224