0 0.7127442996742671 0.6011029411764706 0.021986970684039087 0.05330882352941176
0 0.6322271986970684 0.6214767156862745 0.0372557003257329 0.05361519607843137
0 0.4800488599348534 0.4100796568627451 0.05741042345276873 0.07873774509803921
0 0.37591612377850164 0.3056066176470588 0.04580618892508143 0.05361519607843137
0 0.40390879478827363 0.3362438725490196 0.033794788273615636 0.048100490196078434
0 0.31504478827361565 0.33746936274509803 0.04580618892508143 0.06096813725490196
0 0.31585912052117265 0.3005514705882353 0.050692182410423454 0.07904411764705882
0 0.31423045602605865 0.15165441176470587 0.050692182410423454 0.07659313725490197
0 0.4198900651465798 0.4368872549019608 0.03888436482084691 0.061274509803921566
0 0.33794788273615634 0.6545649509803921 0.043973941368078175 0.0585171568627451
0 0.3040513029315961 0.6876531862745098 0.07430781758957655 0.043198529411764705
0 0.3953583061889251 0.7207414215686274 0.06433224755700326 0.06341911764705882
0 0.39037052117263843 0.5857843137254902 0.0372557003257329 0.04840686274509804
0 0.3946457654723127 0.6340379901960784 0.03888436482084691 0.07383578431372549
0 0.4276262214983713 0.5667892156862745 0.0372557003257329 0.0508578431372549
0 0.4377035830618892 0.6150428921568627 0.033794788273615636 0.05606617647058824
0 0.4512418566775244 0.28400735294117646 0.03399837133550489 0.07659313725490197
0 0.41663273615635177 0.22426470588235295 0.03888436482084691 0.04840686274509804
0 0.5460097719869706 0.17325367647058823 0.06758957654723127 0.0940563725490196
0 0.36838355048859933 0.4788602941176471 0.07105048859934854 0.03799019607843137
0 0.3293973941368078 0.5413602941176471 0.050895765472312705 0.08149509803921569
0 0.26944218241042345 0.5807291666666666 0.03888436482084691 0.08425245098039216
0 0.23544381107491857 0.5373774509803921 0.059242671009771986 0.08394607843137254
0 0.31158387622149836 0.7449448529411765 0.03888436482084691 0.045649509803921566
0 0.340492671009772 0.7691482843137255 0.03888436482084691 0.06893382352941177
0 0.38355048859934854 0.8621323529411765 0.04071661237785016 0.08149509803921569
0 0.48340798045602607 0.8938419117647058 0.06087133550488599 0.06893382352941177
0 0.49531758957654726 0.6329656862745098 0.043973941368078175 0.061274509803921566
0 0.5477402280130294 0.5756740196078431 0.06087133550488599 0.06372549019607843
0 0.5460097719869706 0.5018382352941176 0.05741042345276873 0.06862745098039216
0 0.5958876221498371 0.7080269607843137 0.05578175895765472 0.07904411764705882
0 0.6457654723127035 0.7895220588235294 0.06433224755700326 0.09926470588235294
0 0.7634364820846905 0.7221200980392157 0.08957654723127036 0.09681372549019608