0 0.4385179153094462 0.5272671568627451 0.03216612377850163 0.04840686274509804
0 0.47668973941368076 0.5640318627450981 0.0372557003257329 0.030637254901960783
0 0.4851384364820847 0.6138174019607843 0.04071661237785016 0.0585171568627451
0 0.4512418566775244 0.6035539215686274 0.03399837133550489 0.05330882352941176
0 0.371742671009772 0.7207414215686274 0.043973941368078175 0.06341911764705882
0 0.39963355048859933 0.7424938725490197 0.03908794788273615 0.040747549019607844
0 0.45297231270358307 0.7806372549019608 0.030537459283387622 0.0661764705882353
0 0.5256514657980456 0.4227941176470588 0.013436482084690555 0.03799019607843137
0 0.550285016286645 0.19745710784313725 0.03216612377850163 0.035845588235294115
0 0.6602198697068404 0.28400735294117646 0.028908794788273615 0.03553921568627451
0 0.6602198697068404 0.22028186274509803 0.025244299674267102 0.0508578431372549
0 0.5155741042345277 0.2853860294117647 0.02707654723127036 0.043198529411764705
0 0.6077972312703583 0.725796568627451 0.035627035830618894 0.06862745098039216
0 0.5654519543973942 0.7398897058823529 0.028705211726384364 0.061274509803921566
0 0.6145154723127035 0.8276654411764706 0.028705211726384364 0.05361519607843137
0 0.5925285016286646 0.8823529411764706 0.035627035830618894 0.04595588235294118
0 0.5112988599348535 0.3553921568627451 0.018526058631921825 0.061274509803921566
0 0.49185667752442996 0.3795955882352941 0.030537459283387622 0.05330882352941176
0 0.47994706840390877 0.6787683823529411 0.02707654723127036 0.045649509803921566
0 0.34833061889250816 0.8648897058823529 0.023615635179153095 0.028186274509803922
0 0.5478420195439739 0.6253063725490197 0.02687296416938111 0.03676470588235294