0 0.4561375321336761 0.5448495370370371 0.034383033419023136 0.03993055555555555
0 0.49052056555269924 0.9094328703703703 0.04916452442159383 0.04224537037037037
0 0.5989717223650386 0.16782407407407407 0.02956298200514139 0.03993055555555555
0 0.5139781491002571 0.10243055555555555 0.05173521850899743 0.03761574074074074
0 0.5422557840616966 0.23206018518518517 0.05430591259640103 0.05324074074074074
0 0.07197943444730077 0.45384837962962965 0.04434447300771208 0.048900462962962965
0 0.2602827763496144 0.6578414351851852 0.04177377892030849 0.044270833333333336
0 0.2972365038560411 0.6245659722222222 0.07133676092544987 0.05295138888888889
0 0.37853470437017994 0.6422164351851852 0.07133676092544987 0.044270833333333336
0 0.36873393316195374 0.5625 0.03695372750642673 0.03993055555555555
0 0.5324550128534704 0.5481770833333334 0.04948586118251928 0.059895833333333336
0 0.592866323907455 0.5192418981481481 0.056555269922879174 0.055266203703703706
0 0.18043059125964012 0.7708333333333334 0.05430591259640103 0.05324074074074074
0 0.20244215938303342 0.8574942129629629 0.05912596401028278 0.05758101851851852
0 0.5324550128534704 0.6588541666666666 0.05912596401028278 0.03761574074074074
0 0.36503856041131105 0.17447916666666666 0.05912596401028278 0.04861111111111111
0 0.4672236503856041 0.1644965277777778 0.04177377892030849 0.051215277777777776
0 0.262853470437018 0.5691550925925926 0.04177377892030849 0.04861111111111111
0 0.1474935732647815 0.7932581018518519 0.06426735218508997 0.04195601851851852
0 0.36134318766066836 0.6830150462962963 0.05109254498714653 0.04079861111111111
0 0.6351221079691517 0.5743634259259259 0.035668380462724934 0.03877314814814815