0 0.4783950617283951 0.36472800925925924 0.016975308641975308 0.02806712962962963
0 0.4782986111111111 0.39134837962962965 0.027199074074074073 0.020543981481481483
0 0.597704475308642 0.32421875 0.015239197530864198 0.04311342592592592
0 0.5713734567901234 0.3368055555555556 0.016975308641975308 0.03819444444444445
0 0.4715470679012346 0.45341435185185186 0.013695987654320988 0.03298611111111111
0 0.48505015432098764 0.4408275462962963 0.02025462962962963 0.01244212962962963
0 0.4816743827160494 0.4777199074074074 0.02700617283950617 0.02546296296296296
0 0.4782986111111111 0.4991319444444444 0.027199074074074073 0.01273148148148148
0 0.4724151234567901 0.5499131944444444 0.018518518518518517 0.01765046296296296
0 0.49440586419753085 0.6032986111111112 0.02199074074074074 0.03819444444444445
0 0.5426311728395061 0.5410879629629629 0.02700617283950617 0.02025462962962963
0 0.5587384259259259 0.5892650462962963 0.028742283950617283 0.015335648148148149
0 0.546875 0.6057581018518519 0.02199074074074074 0.04311342592592592
0 0.5061728395061729 0.6477141203703703 0.02199074074074074 0.030381944444444444
0 0.521508487654321 0.6439525462962963 0.015239197530864198 0.022858796296296297
0 0.5350115740740741 0.6692708333333334 0.015239197530864198 0.043402777777777776
0 0.546875 0.6374421296296297 0.02199074074074074 0.02025462962962963
0 0.5587384259259259 0.6465567129629629 0.01871141975308642 0.022858796296296297
0 0.5731095679012346 0.6336805555555556 0.016975308641975308 0.017939814814814815
0 0.5476466049382716 0.6882233796296297 0.013503086419753086 0.035590277777777776
0 0.5654899691358025 0.6857638888888888 0.028742283950617283 0.02546296296296296
0 0.6001157407407407 0.6653645833333334 0.013503086419753086 0.035590277777777776
0 0.6077353395061729 0.6844618055555556 0.015239197530864198 0.022858796296296297
0 0.6229745370370371 0.7097800925925926 0.025270061728395063 0.03298611111111111
0 0.6408179012345679 0.6769386574074074 0.013503086419753086 0.01765046296296296
0 0.6517168209876543 0.6945891203703703 0.011766975308641976 0.01765046296296296
0 0.6661844135802469 0.7073206018518519 0.02025462962962963 0.01765046296296296
0 0.667920524691358 0.6692708333333334 0.03722993827160494 0.03819444444444445
0 0.5172646604938271 0.5868055555555556 0.023726851851851853 0.03530092592592592
0 0.5037615740740741 0.5397858796296297 0.02025462962962963 0.02806712962962963
0 0.49604552469135804 0.5627893518518519 0.028742283950617283 0.03298611111111111
0 0.5798611111111112 0.3956886574074074 0.015432098765432098 0.01765046296296296
0 0.5381944444444444 0.38773148148148145 0.016203703703703703 0.015046296296296295
0 0.5237268518518519 0.40552662037037035 0.015432098765432098 0.016493055555555556
0 0.517554012345679 0.39091435185185186 0.013503086419753086 0.024305555555555556
0 0.6142939814814815 0.38208912037037035 0.011381172839506173 0.015914351851851853
0 0.6401427469135802 0.3621238425925926 0.013310185185185185 0.016493055555555556
0 0.6532600308641975 0.3433159722222222 0.01408179012345679 0.021122685185185185
0 0.5528549382716049 0.5716145833333334 0.018518518518518517 0.02228009259259259
0 0.5300925925925926 0.5554108796296297 0.015046296296296295 0.015335648148148149
0 0.5719521604938271 0.6080729166666666 0.015432098765432098 0.015335648148148149
0 0.5879629629629629 0.6944444444444444 0.011574074074074073 0.019675925925925927
0 0.48823302469135804 0.5326967592592593 0.016203703703703703 0.023726851851851853
0 0.5024112654320988 0.4916087962962963 0.011381172839506173 0.015046296296296295
0 0.4853395061728395 0.46469907407407407 0.02199074074074074 0.024305555555555556
0 0.6072530864197531 0.47251157407407407 0.016589506172839507 0.023148148148148147
0 0.5108024691358025 0.6206597222222222 0.015046296296296295 0.019097222222222224
0 0.5345293209876543 0.6083622685185185 0.013117283950617283 0.021122685185185185
0 0.5239197530864198 0.5337094907407407 0.02199074074074074 0.016493055555555556
0 0.48842592592592593 0.5098379629629629 0.016589506172839507 0.023726851851851853
0 0.6755401234567902 0.49204282407407407 0.01890432098765432 0.026331018518518517
0 0.6101466049382716 0.70703125 0.013503086419753086 0.02228009259259259
0 0.5075231481481481 0.6767939814814815 0.021604938271604937 0.02488425925925926
0 0.4654706790123457 0.5376157407407407 0.013503086419753086 0.02025462962962963
0 0.4781057098765432 0.5721932870370371 0.014467592592592593 0.018229166666666668
0 0.49170524691358025 0.6306423611111112 0.01273148148148148 0.02228009259259259
0 0.5936535493827161 0.7113715277777778 0.014853395061728395 0.021701388888888888
0 0.6241319444444444 0.6714409722222222 0.014467592592592593 0.02228009259259259
0 0.6168981481481481 0.3197337962962963 0.015046296296296295 0.019675925925925927
0 0.6089891975308642 0.33521412037037035 0.019290123456790122 0.021701388888888888
0 0.5917245370370371 0.5481770833333334 0.013695987654320988 0.020543981481481483
0 0.6313657407407407 0.26576967592592593 0.013117283950617283 0.01707175925925926
0 0.6010802469135802 0.24377893518518517 0.015817901234567902 0.01765046296296296
0 0.5932677469135802 0.2842881944444444 0.017554012345679014 0.01707175925925926