0 0.6162459283387622 0.21277573529411764 0.04234527687296417 0.05116421568627451
0 0.6678542345276873 0.1643688725490196 0.050692182410423454 0.05606617647058824
0 0.7059242671009772 0.1248468137254902 0.042141693811074916 0.06893382352941177
0 0.6898412052117264 0.22426470588235295 0.06087133550488599 0.06372549019607843
0 0.47831840390879476 0.47487745098039214 0.04743485342019544 0.08149509803921569
0 0.5053949511400652 0.5220588235294118 0.02707654723127036 0.04840686274509804
0 0.47495928338762217 0.5922181372549019 0.030537459283387622 0.061274509803921566
0 0.5079397394136808 0.5998774509803921 0.035423452768729644 0.0508578431372549
0 0.543464983713355 0.5042892156862745 0.025447882736156353 0.04840686274509804
0 0.4258957654723127 0.6902573529411765 0.030537459283387622 0.06372549019607843
0 0.4800488599348534 0.7308517156862745 0.030537459283387622 0.0585171568627451
0 0.47495928338762217 0.7703737745098039 0.050895765472312705 0.06096813725490196
0 0.4098127035830619 0.8048406862745098 0.03908794788273615 0.05330882352941176
0 0.48340798045602607 0.8212316176470589 0.06087133550488599 0.040747549019607844
0 0.5257532573289903 0.7870710784313726 0.04743485342019544 0.04840686274509804
0 0.5612785016286646 0.8201593137254902 0.043973941368078175 0.06372549019607843
0 0.5366449511400652 0.8532475490196079 0.05252442996742671 0.04840686274509804
0 0.49185667752442996 0.8633578431372549 0.061074918566775244 0.03799019607843137
0 0.43943403908794787 0.9116115196078431 0.02707654723127036 0.0585171568627451
0 0.49694625407166126 0.8900122549019608 0.03705211726384365 0.030637254901960783
0 0.5146579804560261 0.9283088235294118 0.04560260586319218 0.04595588235294118
0 0.5460097719869706 0.6277573529411765 0.033794788273615636 0.0508578431372549
0 0.5662662866449512 0.5742953431372549 0.04743485342019544 0.040747549019607844
0 0.5595480456026058 0.7322303921568627 0.044177524429967426 0.0661764705882353
0 0.5679967426710097 0.4088541666666667 0.050895765472312705 0.040747549019607844
0 0.60189332247557 0.4661458333333333 0.04743485342019544 0.07383578431372549
0 0.6263232899022801 0.39736519607843135 0.03888436482084691 0.04350490196078431
0 0.6348737785016286 0.47503063725490197 0.025447882736156353 0.045649509803921566
0 0.6644951140065146 0.6075367647058824 0.043973941368078175 0.09681372549019608
0 0.6729438110749185 0.3909313725490196 0.03033387622149837 0.0508578431372549
0 0.7185464169381107 0.3717830882352941 0.04743485342019544 0.0585171568627451
0 0.5951750814332247 0.07904411764705882 0.02707654723127036 0.04350490196078431
0 0.6213355048859935 0.09941789215686274 0.03216612377850163 0.05361519607843137
0 0.6568607491856677 0.10079656862745098 0.03888436482084691 0.0661764705882353
0 0.6508550488599348 0.04090073529411765 0.05415309446254072 0.07873774509803921