0 0.37001928020565555 0.3074363425925926 0.05430591259640103 0.048900462962962965
0 0.3022172236503856 0.3375289351851852 0.046593830334190234 0.033275462962962965
0 0.5633033419023136 0.5668402777777778 0.061696658097686374 0.05324074074074074
0 0.6998714652956298 0.3741319444444444 0.03470437017994859 0.02662037037037037
0 0.47332904884318766 0.7199074074074074 0.04434447300771208 0.03993055555555555
0 0.48312982005141386 0.7743055555555556 0.039524421593830336 0.03761574074074074
0 0.3009318766066838 0.6278935185185185 0.039524421593830336 0.028935185185185185
0 0.32069408740359895 0.6578414351851852 0.06426735218508997 0.030960648148148147
0 0.32438946015424164 0.6954571759259259 0.02731362467866324 0.030960648148148147
0 0.363913881748072 0.7853009259259259 0.03695372750642673 0.03761574074074074
0 0.2615681233933162 0.7643229166666666 0.02442159383033419 0.035590277777777776
0 0.2763496143958869 0.734375 0.04434447300771208 0.028935185185185185
0 0.2602827763496144 0.6876446759259259 0.04177377892030849 0.033275462962962965
0 0.2639781491002571 0.6533564814814815 0.02474293059125964 0.02199074074074074
0 0.24196658097686374 0.6202256944444444 0.04434447300771208 0.030960648148148147
0 0.23939588688946015 0.6468460648148148 0.03920308483290488 0.030960648148148147
0 0.21224293059125965 0.6556712962962963 0.034383033419023136 0.03530092592592592
0 0.2048521850899743 0.6866319444444444 0.034383033419023136 0.02199074074074074
0 0.22589974293059126 0.7122395833333334 0.02699228791773779 0.019965277777777776
0 0.18766066838046272 0.7109375 0.02956298200514139 0.02662037037037037
0 0.1778598971722365 0.6644965277777778 0.02474293059125964 0.030960648148148147
0 0.10652313624678664 0.6190682870370371 0.02474293059125964 0.028645833333333332
0 0.13480077120822623 0.64453125 0.03181233933161954 0.02228009259259259
0 0.12853470437017994 0.6788194444444444 0.02956298200514139 0.03761574074074074
0 0.4167737789203085 0.6578414351851852 0.03920308483290488 0.030960648148148147
0 0.29980719794344474 0.9017650462962963 0.04691516709511568 0.035590277777777776
0 0.34174164524421596 0.2265625 0.03695372750642673 0.028935185185185185
0 0.39701156812339333 0.26634837962962965 0.02474293059125964 0.033275462962962965
0 0.443926735218509 0.24204282407407407 0.034383033419023136 0.033275462962962965
0 0.5102827763496144 0.2365451388888889 0.02442159383033419 0.026331018518518517
0 0.4818444730077121 0.16333912037037038 0.03695372750642673 0.035590277777777776
0 0.6050771208226221 0.20326967592592593 0.032133676092544985 0.02228009259259259
0 0.6200192802056556 0.2332175925925926 0.02217223650385604 0.024305555555555556