0 0.5176735218508998 0.33738425925925924 0.02956298200514139 0.028935185185185185
0 0.5644280205655527 0.36617476851851855 0.039524421593830336 0.04658564814814815
0 0.5409704370179949 0.38078703703703703 0.03695372750642673 0.03993055555555555
0 0.5448264781491002 0.4117476851851852 0.02474293059125964 0.03993055555555555
0 0.5915809768637532 0.4162326388888889 0.02442159383033419 0.035590277777777776
0 0.6518316195372751 0.3939525462962963 0.03695372750642673 0.044270833333333336
0 0.6148778920308483 0.44169560185185186 0.02217223650385604 0.028645833333333332
0 0.45983290488431877 0.46498842592592593 0.02699228791773779 0.02662037037037037
0 0.5077120822622108 0.4947916666666667 0.02956298200514139 0.024305555555555556
0 0.4646529562982005 0.5070891203703703 0.02699228791773779 0.030960648148148147
0 0.49180591259640105 0.5370370370370371 0.04209511568123393 0.04224537037037037
0 0.4252892030848329 0.5325520833333334 0.05173521850899743 0.051215277777777776
0 0.35025706940874035 0.5092592592592593 0.05398457583547558 0.05324074074074074
0 0.3231041131105398 0.5070891203703703 0.039524421593830336 0.044270833333333336
0 0.37982005141388175 0.5836226851851852 0.03470437017994859 0.028935185185185185
0 0.4241645244215938 0.5891203703703703 0.04434447300771208 0.04456018518518518
0 0.4783097686375321 0.5891203703703703 0.04916452442159383 0.03993055555555555
0 0.4633676092544987 0.6312210648148148 0.02956298200514139 0.035590277777777776
0 0.3934768637532134 0.6368634259259259 0.03695372750642673 0.024305555555555556
0 0.35523778920308485 0.6200810185185185 0.04916452442159383 0.03993055555555555
0 0.5313303341902313 0.5536747685185185 0.03695372750642673 0.030960648148148147
0 0.5483611825192802 0.5779803240740741 0.03695372750642673 0.048900462962962965
0 0.5965616966580977 0.5736400462962963 0.039524421593830336 0.048900462962962965
0 0.5065874035989717 0.6190682870370371 0.03181233933161954 0.033275462962962965
0 0.5311696658097687 0.6490162037037037 0.02699228791773779 0.03993055555555555
0 0.5089974293059126 0.6954571759259259 0.04177377892030849 0.048900462962962965
0 0.46963367609254497 0.7032696759259259 0.04209511568123393 0.04195601851851852
0 0.4402313624678663 0.7076099537037037 0.04177377892030849 0.04658564814814815
0 0.39460154241645246 0.6844618055555556 0.04434447300771208 0.05758101851851852
0 0.45115681233933164 0.7721354166666666 0.03920308483290488 0.059895833333333336
0 0.5054627249357326 0.7465277777777778 0.04434447300771208 0.04861111111111111
0 0.5324550128534704 0.7808159722222222 0.03470437017994859 0.04658564814814815
0 0.5448264781491002 0.7384259259259259 0.034383033419023136 0.026041666666666668
0 0.35539845758354754 0.7554976851851852 0.032133676092544985 0.026041666666666668
0 0.3425449871465296 0.8301504629629629 0.02892030848329049 0.02199074074074074
0 0.3936375321336761 0.84765625 0.03984575835475578 0.026909722222222224
0 0.4072943444730077 0.7579571759259259 0.03888174807197944 0.026909722222222224
0 0.4124357326478149 0.7239583333333334 0.02667095115681234 0.028935185185185185
0 0.3486503856041131 0.6636284722222222 0.036632390745501286 0.03211805555555555
0 0.32760282776349614 0.6357060185185185 0.034383033419023136 0.031828703703703706
0 0.33483290488431877 0.5873842592592593 0.037917737789203085 0.03298611111111111
0 0.5764781491002571 0.5179398148148148 0.03534704370179949 0.031828703703703706
0 0.5991323907455013 0.38035300925925924 0.04338046272493573 0.037905092592592594
0 0.3309768637532134 0.5458622685185185 0.038560411311053984 0.037905092592592594
0 0.4000642673521851 0.5034722222222222 0.03984575835475578 0.03298611111111111
0 0.4726863753213368 0.5588831018518519 0.036632390745501286 0.033854166666666664
0 0.46224293059125965 0.6676793981481481 0.05109254498714653 0.02980324074074074
0 0.37516066838046275 0.7120949074074074 0.03888174807197944 0.02488425925925926
0 0.3309768637532134 0.7699652777777778 0.036632390745501286 0.028935185185185185
0 0.6683804627249358 0.5658275462962963 0.037917737789203085 0.04369212962962963
0 0.69103470437018 0.6442418981481481 0.03631105398457583 0.03501157407407408
0 0.6523136246786633 0.6077835648148148 0.04562982005141388 0.037905092592592594
0 0.6000964010282777 0.6302083333333334 0.034383033419023136 0.03877314814814815
0 0.6174485861182519 0.6141493055555556 0.03309768637532134 0.03501157407407408
0 0.6097365038560412 0.4661458333333333 0.03759640102827763 0.031828703703703706
0 0.5703727506426736 0.3359375 0.036632390745501286 0.028935185185185185
0 0.5324550128534704 0.3263888888888889 0.032133676092544985 0.031828703703703706
0 0.6169665809768637 0.3587962962962963 0.032133676092544985 0.02488425925925926
0 0.6373714652956298 0.3433159722222222 0.03309768637532134 0.02980324074074074
0 0.6672557840616966 0.33839699074074076 0.03759640102827763 0.033854166666666664
0 0.46224293059125965 0.7329282407407407 0.03759640102827763 0.028935185185185185
0 0.2982005141388175 0.5768229166666666 0.03984575835475578 0.02980324074074074
0 0.6500642673521851 0.4635416666666667 0.032133676092544985 0.03298611111111111
0 0.5597686375321337 0.5483217592592593 0.037917737789203085 0.028935185185185185
0 0.6772172236503856 0.47251157407407407 0.02859897172236504 0.041087962962962965