0 0.6574212893553223 0.693 0.02848575712143928 0.05
0 0.691904047976012 0.691 0.022488755622188907 0.038
0 0.656671664167916 0.604 0.038980509745127435 0.048
0 0.6086956521739131 0.578 0.029985007496251874 0.052
0 0.6424287856071964 0.534 0.04047976011994003 0.052
0 0.6619190404797601 0.472 0.04047976011994003 0.048
0 0.6476761619190404 0.409 0.029985007496251874 0.042
0 0.49250374812593706 0.474 0.022488755622188907 0.024
0 0.48425787106446777 0.52 0.053973013493253376 0.064
0 0.5269865067466267 0.389 0.034482758620689655 0.062
0 0.5509745127436282 0.368 0.049475262368815595 0.052
0 0.5584707646176912 0.435 0.04047976011994003 0.062
0 0.5134932533733133 0.252 0.04047976011994003 0.068
0 0.4535232383808096 0.284 0.031484257871064465 0.064
0 0.4257871064467766 0.195 0.026986506746626688 0.042
0 0.4580209895052474 0.253 0.0074962518740629685 0.014
0 0.404047976011994 0.727 0.049475262368815595 0.05
0 0.444527736131934 0.758 0.049475262368815595 0.052
0 0.46701649175412296 0.803 0.04047976011994003 0.058
0 0.4947526236881559 0.784 0.029985007496251874 0.056
0 0.5037481259370314 0.855 0.035982008995502246 0.038
0 0.43478260869565216 0.639 0.0239880059970015 0.058
0 0.7983508245877061 0.745 0.043478260869565216 0.042
0 0.7451274362818591 0.779 0.029985007496251874 0.038
0 0.7758620689655172 0.701 0.037481259370314844 0.054
0 0.5817091454272864 0.527 0.020989505247376312 0.026
0 0.5007496251874063 0.6 0.035982008995502246 0.04
0 0.5374812593703149 0.688 0.05847076461769116 0.076
0 0.5539730134932533 0.766 0.06746626686656672 0.1
0 0.7961019490254873 0.584 0.053973013493253376 0.064
0 0.8013493253373314 0.812 0.049475262368815595 0.052
0 0.7338830584707646 0.841 0.05547226386806597 0.066
0 0.7728635682158921 0.858 0.043478260869565216 0.048
0 0.6401799100449775 0.822 0.035982008995502246 0.068
0 0.856071964017991 0.713 0.035982008995502246 0.046
0 0.5944527736131934 0.704 0.04047976011994003 0.052
0 0.411544227886057 0.549 0.049475262368815595 0.042
0 0.5577211394302849 0.858 0.035982008995502246 0.06
0 0.6394302848575713 0.903 0.037481259370314844 0.034
0 0.9055472263868066 0.644 0.026986506746626688 0.036
0 0.868815592203898 0.638 0.031484257871064465 0.044
0 0.9437781109445277 0.644 0.034482758620689655 0.06
0 0.9182908545727136 0.692 0.043478260869565216 0.044
0 0.8598200899550225 0.593 0.04047976011994003 0.054
0 0.767616191904048 0.669 0.044977511244377814 0.05
0 0.732383808095952 0.73 0.034482758620689655 0.044
0 0.704647676161919 0.798 0.029985007496251874 0.044
0 0.8073463268365817 0.885 0.02848575712143928 0.038
0 0.7616191904047976 0.907 0.050974512743628186 0.05
0 0.5622188905547226 0.631 0.050974512743628186 0.058
0 0.49325337331334335 0.3 0.029985007496251874 0.044
0 0.4955022488755622 0.694 0.043478260869565216 0.048
0 0.4835082458770615 0.59 0.06746626686656672 0.064