0 0.7108695652173913 0.508695652173913 0.09130434782608696 0.07608695652173914
0 0.768840579710145 0.4766304347826087 0.08260869565217391 0.051086956521739134
0 0.572463768115942 0.5733695652173914 0.03768115942028986 0.05326086956521739
0 0.48333333333333334 0.5478260869565217 0.05652173913043478 0.03260869565217391
0 0.5920289855072464 0.5081521739130435 0.059420289855072465 0.051086956521739134
0 0.5485507246376812 0.45 0.09130434782608696 0.07391304347826087
0 0.42028985507246375 0.3527173913043478 0.13043478260869565 0.09021739130434783
0 0.41956521739130437 0.42880434782608695 0.07681159420289856 0.04891304347826087
0 0.40652173913043477 0.4907608695652174 0.08550724637681159 0.05326086956521739
0 0.3442028985507246 0.4603260869565217 0.06231884057971015 0.04456521739130435
0 0.34347826086956523 0.5385869565217392 0.05217391304347826 0.051086956521739134
0 0.4152173913043478 0.5461956521739131 0.07391304347826087 0.05326086956521739
0 0.4326086956521739 0.5896739130434783 0.08260869565217391 0.042391304347826085
0 0.44855072463768114 0.6201086956521739 0.06231884057971015 0.05326086956521739
0 0.5057971014492754 0.5972826086956522 0.057971014492753624 0.04456521739130435
0 0.6007246376811595 0.5521739130434783 0.04782608695652174 0.03695652173913044
0 0.6536231884057971 0.5798913043478261 0.057971014492753624 0.057608695652173914
0 0.6420289855072464 0.658695652173913 0.10144927536231885 0.07391304347826087
0 0.5072463768115942 0.6396739130434783 0.043478260869565216 0.035869565217391305
0 0.4572463768115942 0.6994565217391304 0.07971014492753623 0.06195652173913044
0 0.48333333333333334 0.7342391304347826 0.06231884057971015 0.05543478260869565
0 0.5253623188405797 0.7951086956521739 0.09710144927536232 0.06630434782608696
0 0.377536231884058 0.7657608695652174 0.07971014492753623 0.057608695652173914
0 0.3818840579710145 0.7228260869565217 0.08840579710144927 0.06521739130434782
0 0.44855072463768114 0.8168478260869565 0.08550724637681159 0.06195652173913044
0 0.5456521739130434 0.7195652173913043 0.09130434782608696 0.06739130434782609
0 0.6181159420289855 0.7896739130434782 0.07681159420289856 0.05543478260869565
0 0.5963768115942029 0.9081521739130435 0.06811594202898551 0.06630434782608696
0 0.672463768115942 0.8891304347826087 0.13333333333333333 0.07391304347826087
0 0.6673913043478261 0.9527173913043478 0.09710144927536232 0.07065217391304347
0 0.8456521739130435 0.7516304347826087 0.06521739130434782 0.05543478260869565
0 0.5782608695652174 0.20652173913043478 0.03768115942028986 0.02826086956521739
0 0.936231884057971 0.08043478260869565 0.0463768115942029 0.02391304347826087
0 0.8992753623188405 0.051086956521739134 0.050724637681159424 0.0391304347826087
0 0.8456521739130435 0.041304347826086954 0.042028985507246375 0.034782608695652174
0 0.8478260869565217 0.07934782608695652 0.05217391304347826 0.034782608695652174
0 0.7942028985507247 0.10108695652173913 0.06666666666666667 0.02608695652173913
0 0.7463768115942029 0.10054347826086957 0.0463768115942029 0.029347826086956522
0 0.768840579710145 0.043478260869565216 0.050724637681159424 0.02826086956521739
0 0.7528985507246376 0.06630434782608696 0.0536231884057971 0.02608695652173913
0 0.7079710144927536 0.07010869565217391 0.0391304347826087 0.02717391304347826
0 0.696376811594203 0.09945652173913043 0.050724637681159424 0.025
0 0.6471014492753623 0.18641304347826088 0.0391304347826087 0.025
0 0.3521739130434783 0.39021739130434785 0.04927536231884058 0.02826086956521739
0 0.48043478260869565 0.46630434782608693 0.0391304347826087 0.03260869565217391
0 0.3847826086956522 0.5896739130434783 0.04782608695652174 0.029347826086956522
0 0.4666666666666667 0.9326086956521739 0.043478260869565216 0.041304347826086954
0 0.5934782608695652 0.9652173913043478 0.0391304347826087 0.034782608695652174
0 0.7094202898550724 0.8070652173913043 0.059420289855072465 0.03369565217391304
0 0.7420289855072464 0.725 0.04057971014492753 0.02608695652173913
0 0.6695652173913044 0.7222826086956522 0.05507246376811594 0.03804347826086957
0 0.6094202898550725 0.7358695652173913 0.04782608695652174 0.030434782608695653
0 0.7985507246376812 0.8657608695652174 0.04057971014492753 0.03152173913043478
0 0.7492753623188406 0.9054347826086957 0.0463768115942029 0.030434782608695653
0 0.4579710144927536 0.29836956521739133 0.04927536231884058 0.035869565217391305
0 0.5108695652173914 0.2592391304347826 0.04782608695652174 0.03804347826086957
0 0.5594202898550724 0.16793478260869565 0.0463768115942029 0.029347826086956522
0 0.8181159420289855 0.15706521739130436 0.050724637681159424 0.029347826086956522
0 0.9594202898550724 0.6967391304347826 0.03768115942028986 0.03695652173913044
0 0.7608695652173914 0.5766304347826087 0.057971014492753624 0.035869565217391305
0 0.7123188405797102 0.5902173913043478 0.0391304347826087 0.03260869565217391
0 0.48333333333333334 0.5190217391304348 0.04782608695652174 0.03804347826086957
0 0.5210144927536232 0.5010869565217392 0.036231884057971016 0.030434782608695653
0 0.5739130434782609 0.6592391304347827 0.057971014492753624 0.04021739130434782