0 0.521478013029316 0.23314950980392157 0.035627035830618894 0.061274509803921566
0 0.47831840390879476 0.30943627450980393 0.044177524429967426 0.0661764705882353
0 0.4284405537459283 0.30315563725490197 0.028705211726384364 0.0585171568627451
0 0.47994706840390877 0.38587622549019607 0.0372557003257329 0.06096813725490196
0 0.5299267100977199 0.3527879901960784 0.035423452768729644 0.05606617647058824
0 0.5561889250814332 0.4074754901960784 0.033794788273615636 0.05330882352941176
0 0.6001628664495114 0.5042892156862745 0.04071661237785016 0.058823529411764705
0 0.6237785016286646 0.28140318627450983 0.033794788273615636 0.07138480392156862
0 0.7328990228013029 0.2688419117647059 0.03216612377850163 0.06096813725490196
0 0.6255089576547231 0.6392463235294118 0.0372557003257329 0.06341911764705882
0 0.6017915309446255 0.711703431372549 0.043973941368078175 0.0661764705882353
0 0.6170602605863192 0.7869178921568627 0.04723127035830619 0.08425245098039216