0 0.6274100257069408 0.5679976851851852 0.05173521850899743 0.04224537037037037
0 0.6605077120822622 0.6822916666666666 0.04402313624678663 0.05324074074074074
0 0.7344151670951157 0.6556712962962963 0.05430591259640103 0.03993055555555555
0 0.731844473007712 0.6866319444444444 0.05430591259640103 0.03993055555555555
0 0.7061375321336761 0.7798032407407407 0.03695372750642673 0.03125
0 0.8083226221079691 0.6223958333333334 0.04916452442159383 0.04456018518518518
0 0.5767994858611826 0.7964409722222222 0.05398457583547558 0.037905092592592594
0 0.6409061696658098 0.8528645833333334 0.034383033419023136 0.044270833333333336
0 0.6703084832904884 0.8385416666666666 0.04434447300771208 0.05960648148148148
0 0.40568766066838047 0.8949652777777778 0.04209511568123393 0.02662037037037037
0 0.49180591259640105 0.9495081018518519 0.06137532133676093 0.033275462962962965
0 0.7466259640102828 0.8408564814814815 0.06394601542416452 0.024305555555555556