0 0.28116966580976865 0.14453125 0.04434447300771208 0.051215277777777776
0 0.5509318766066839 0.20992476851851852 0.04209511568123393 0.048900462962962965
0 0.640745501285347 0.1545138888888889 0.02956298200514139 0.04861111111111111
0 0.33547557840616965 0.5980902777777778 0.04948586118251928 0.03993055555555555
0 0.4119537275064267 0.5736400462962963 0.05912596401028278 0.048900462962962965
0 0.581780205655527 0.7154224537037037 0.06394601542416452 0.035590277777777776
0 0.21111825192802056 0.7488425925925926 0.04691516709511568 0.03993055555555555
0 0.24919665809768637 0.6456886574074074 0.034383033419023136 0.04658564814814815
0 0.30703727506426737 0.6811342592592593 0.03695372750642673 0.04224537037037037
0 0.3169987146529563 0.7210648148148148 0.05687660668380463 0.028935185185185185
0 0.1532776349614396 0.6114004629629629 0.02956298200514139 0.03993055555555555