0 0.5216666666666666 0.59 0.03666666666666667 0.08
0 0.39 0.645 0.04666666666666667 0.06
0 0.36666666666666664 0.5975 0.05333333333333334 0.085
0 0.315 0.9375 0.023333333333333334 0.055
0 0.35333333333333333 0.935 0.02666666666666667 0.06
0 0.43833333333333335 0.6825 0.05 0.065
0 0.6466666666666666 0.29 0.04 0.04
0 0.68 0.0975 0.06 0.055
0 0.575 0.02 0.043333333333333335 0.04
0 0.6233333333333333 0.0575 0.04666666666666667 0.085
0 0.5833333333333334 0.0975 0.05333333333333334 0.065
0 0.5833333333333334 0.2075 0.05333333333333334 0.065
0 0.43166666666666664 0.2 0.03666666666666667 0.04
0 0.39166666666666666 0.1975 0.043333333333333335 0.075
0 0.37166666666666665 0.2475 0.03666666666666667 0.035
0 0.4083333333333333 0.28 0.03 0.06
0 0.315 0.2625 0.03666666666666667 0.045
0 0.30333333333333334 0.2075 0.03333333333333333 0.065
0 0.24333333333333335 0.52 0.05333333333333334 0.06
0 0.565 0.2875 0.03666666666666667 0.075
0 0.4866666666666667 0.445 0.05333333333333334 0.06
0 0.54 0.435 0.04666666666666667 0.04
0 0.4166666666666667 0.35 0.03333333333333333 0.04
0 0.5883333333333334 0.155 0.043333333333333335 0.06
0 0.5133333333333333 0.2425 0.04 0.055
0 0.47 0.31 0.06 0.09
0 0.49666666666666665 0.375 0.04666666666666667 0.07
0 0.425 0.3975 0.03 0.055
0 0.395 0.4425 0.05 0.075
0 0.38 0.3325 0.03333333333333333 0.055
0 0.35333333333333333 0.31 0.03333333333333333 0.06
0 0.31333333333333335 0.48 0.04 0.08
0 0.24166666666666667 0.3625 0.043333333333333335 0.065
0 0.39666666666666667 0.8175 0.04666666666666667 0.075
0 0.45166666666666666 0.94 0.06333333333333334 0.09