0 0.7429435483870968 0.6380753138075314 0.04233870967741935 0.03347280334728033
0 0.7227822580645161 0.6600418410041841 0.04233870967741935 0.04811715481171548
0 0.7298387096774194 0.5930962343096234 0.04435483870967742 0.043933054393305436
0 0.6794354838709677 0.555439330543933 0.04435483870967742 0.06485355648535565
0 0.625 0.645397489539749 0.04435483870967742 0.043933054393305436
0 0.5564516129032258 0.6893305439330544 0.04838709677419355 0.06485355648535565
0 0.5554435483870968 0.6192468619246861 0.05040322580645161 0.06276150627615062
0 0.35181451612903225 0.6443514644351465 0.05443548387096774 0.058577405857740586
0 0.41935483870967744 0.6569037656903766 0.04838709677419355 0.058577405857740586
0 0.4586693548387097 0.7405857740585774 0.046370967741935484 0.03765690376569038
0 0.39818548387096775 0.5669456066945606 0.046370967741935484 0.03765690376569038
0 0.3860887096774194 0.4905857740585774 0.05443548387096774 0.08158995815899582
0 0.4264112903225806 0.41527196652719667 0.07862903225806452 0.04811715481171548
0 0.5181451612903226 0.45397489539748953 0.04838709677419355 0.05439330543933055
0 0.5786290322580645 0.4560669456066946 0.04838709677419355 0.04184100418410042
0 0.623991935483871 0.48221757322175735 0.034274193548387094 0.043933054393305436
0 0.7893145161290323 0.4811715481171548 0.034274193548387094 0.04602510460251046
0 0.7731854838709677 0.4089958158995816 0.05040322580645161 0.043933054393305436
0 0.8366935483870968 0.446652719665272 0.04838709677419355 0.056485355648535567
0 0.876008064516129 0.36401673640167365 0.05443548387096774 0.058577405857740586
0 0.6502016129032258 0.27510460251046026 0.07459677419354839 0.05230125523012552
0 0.7782258064516129 0.29916317991631797 0.04838709677419355 0.0502092050209205
0 0.5493951612903226 0.33158995815899583 0.07459677419354839 0.07740585774058577
0 0.5564516129032258 0.19142259414225943 0.06451612903225806 0.056485355648535567
0 0.3790322580645161 0.1694560669456067 0.06048387096774194 0.04184100418410042
0 0.3074596774193548 0.1307531380753138 0.05443548387096774 0.04811715481171548
0 0.2842741935483871 0.17573221757322174 0.07258064516129033 0.05439330543933055
0 0.35080645161290325 0.1098326359832636 0.06048387096774194 0.03556485355648536
0 0.4213709677419355 0.2384937238493724 0.056451612903225805 0.04184100418410042
0 0.2368951612903226 0.22489539748953974 0.07459677419354839 0.060669456066945605
0 0.2610887096774194 0.35355648535564854 0.05443548387096774 0.03765690376569038
0 0.25 0.39435146443514646 0.016129032258064516 0.01882845188284519
0 0.2288306451612903 0.36715481171548114 0.038306451612903226 0.056485355648535567
0 0.23387096774193547 0.5094142259414226 0.03225806451612903 0.07322175732217573
0 0.3336693548387097 0.5125523012552301 0.05040322580645161 0.07112970711297072
0 0.3165322580645161 0.32426778242677823 0.06451612903225806 0.06276150627615062
0 0.8457661290322581 0.18723849372384938 0.046370967741935484 0.04811715481171548
0 0.7913306451612904 0.22384937238493724 0.08669354838709678 0.07531380753138076
0 0.6602822580645161 0.6861924686192469 0.05040322580645161 0.04184100418410042
0 0.3911290322580645 0.36401673640167365 0.07258064516129033 0.0794979079497908
0 0.09475806451612903 0.36715481171548114 0.0846774193548387 0.07322175732217573