0 0.5867609254498715 0.6423611111111112 0.04434447300771208 0.03993055555555555
0 0.5152634961439588 0.6500289351851852 0.02474293059125964 0.04658564814814815
0 0.5422557840616966 0.5791377314814815 0.04916452442159383 0.04658564814814815
0 0.4400706940874036 0.6589988425925926 0.06651670951156813 0.04658564814814815
0 0.3022172236503856 0.7676504629629629 0.06137532133676093 0.04224537037037037
0 0.10523778920308484 0.7089120370370371 0.03181233933161954 0.02662037037037037
0 0.09415167095115681 0.7432002314814815 0.02956298200514139 0.033275462962962965
0 0.12998071979434447 0.7398726851851852 0.03695372750642673 0.02662037037037037
0 0.13351542416452442 0.7841435185185185 0.039524421593830336 0.02662037037037037
0 0.1913560411311054 0.6588541666666666 0.02217223650385604 0.03761574074074074
0 0.2222043701799486 0.6213831018518519 0.02924164524421594 0.019965277777777776
0 0.24068123393316196 0.6766493055555556 0.032133676092544985 0.04195601851851852
0 0.2911311053984576 0.6733217592592593 0.005141388174807198 0.008680555555555556
0 0.2726542416452442 0.6644965277777778 0.03181233933161954 0.039641203703703706
0 0.24437660668380462 0.7287326388888888 0.034383033419023136 0.02228009259259259
0 0.5520565552699229 0.4240451388888889 0.04434447300771208 0.033275462962962965
0 0.5139781491002571 0.26316550925925924 0.02731362467866324 0.02228009259259259
0 0.5657133676092545 0.2521701388888889 0.01703084832904884 0.030960648148148147
0 0.581780205655527 0.27314814814814814 0.01960154241645244 0.015625
0 0.592866323907455 0.29296875 0.032133676092544985 0.033275462962962965
0 0.6421915167095116 0.3030960648148148 0.03695372750642673 0.035590277777777776
0 0.5335796915167095 0.3019386574074074 0.03695372750642673 0.04195601851851852
0 0.20870822622107968 0.7786458333333334 0.03695372750642673 0.05092592592592592
0 0.18284061696658097 0.8054108796296297 0.05912596401028278 0.059895833333333336
0 0.47702442159383035 0.9693287037037037 0.03181233933161954 0.024305555555555556