0 0.5163881748071979 0.20225694444444445 0.04177377892030849 0.04224537037037037
0 0.6531169665809768 0.15784143518518517 0.04916452442159383 0.04195601851851852
0 0.7835796915167095 0.3563368055555556 0.04916452442159383 0.048900462962962965
0 0.7911311053984575 0.4084201388888889 0.04434447300771208 0.051215277777777776
0 0.8735539845758354 0.42173032407407407 0.05173521850899743 0.028645833333333332
0 0.3046272493573265 0.5846354166666666 0.056555269922879174 0.048900462962962965
0 0.7331298200514139 0.6168981481481481 0.06137532133676093 0.05092592592592592
0 0.7614074550128535 0.6899594907407407 0.05430591259640103 0.019965277777777776
0 0.7331298200514139 0.7087673611111112 0.04209511568123393 0.030960648148148147
0 0.6372107969151671 0.7942708333333334 0.04691516709511568 0.05555555555555555
0 0.6727185089974294 0.7510127314814815 0.04916452442159383 0.035590277777777776
0 0.6936053984575835 0.7987557870370371 0.05173521850899743 0.033275462962962965
0 0.6998714652956298 0.8275462962962963 0.05398457583547558 0.024305555555555556
0 0.6593830334190232 0.8739872685185185 0.056555269922879174 0.037905092592592594
0 0.6703084832904884 0.9172453703703703 0.05398457583547558 0.03530092592592592
0 0.7135282776349614 0.875 0.03695372750642673 0.03993055555555555
0 0.7516066838046273 0.8773148148148148 0.04948586118251928 0.04861111111111111
0 0.7946658097686375 0.8751446759259259 0.032133676092544985 0.044270833333333336
0 0.8303341902313625 0.8451967592592593 0.02956298200514139 0.028935185185185185
0 0.8660025706940874 0.8185763888888888 0.056555269922879174 0.05092592592592592
0 0.7305591259640103 0.7420428240740741 0.03695372750642673 0.030960648148148147
0 0.7392352185089974 0.7631655092592593 0.04916452442159383 0.028645833333333332
0 0.7922557840616966 0.7676504629629629 0.04209511568123393 0.028935185185185185
0 0.7491966580976864 0.7886284722222222 0.02474293059125964 0.02228009259259259
0 0.7848650385604113 0.7921006944444444 0.02731362467866324 0.019965277777777776
0 0.8070372750642674 0.8230613425925926 0.06651670951156813 0.033275462962962965