0 0.5965616966580977 0.6733217592592593 0.04916452442159383 0.03993055555555555
0 0.6235539845758354 0.7488425925925926 0.06394601542416452 0.02662037037037037
0 0.7246143958868895 0.7531828703703703 0.04434447300771208 0.03993055555555555
0 0.7072622107969152 0.7109375 0.02956298200514139 0.02662037037037037
0 0.7933804627249358 0.6733217592592593 0.04434447300771208 0.03993055555555555
0 0.6494215938303342 0.6179108796296297 0.04177377892030849 0.048900462962962965
0 0.8378856041131105 0.7465277777777778 0.05430591259640103 0.04861111111111111
0 0.6518316195372751 0.8784722222222222 0.03695372750642673 0.04224537037037037
0 0.7270244215938303 0.8485243055555556 0.04916452442159383 0.044270833333333336
0 0.5165488431876607 0.8540219907407407 0.05173521850899743 0.04658564814814815
0 0.44376606683804626 0.9072627314814815 0.07390745501285347 0.055266203703703706