0 0.5854755784061697 0.6600115740740741 0.04177377892030849 0.02662037037037037
0 0.5657133676092545 0.6312210648148148 0.02731362467866324 0.035590277777777776
0 0.5139781491002571 0.6200810185185185 0.02731362467866324 0.03993055555555555
0 0.5300449871465296 0.6655092592592593 0.01960154241645244 0.024305555555555556
0 0.42046915167095117 0.6179108796296297 0.04209511568123393 0.035590277777777776
0 0.39331619537275064 0.6899594907407407 0.032133676092544985 0.028645833333333332
0 0.46224293059125965 0.8962673611111112 0.02217223650385604 0.019965277777777776
0 0.45003213367609257 0.9250578703703703 0.03181233933161954 0.024305555555555556
0 0.38962082262210795 0.9027777777777778 0.05430591259640103 0.03761574074074074
0 0.42898457583547556 0.42173032407407407 0.02956298200514139 0.028645833333333332
0 0.386086118251928 0.3962673611111111 0.03695372750642673 0.044270833333333336
0 0.41548843187660667 0.35517939814814814 0.02699228791773779 0.028645833333333332
0 0.3452763496143959 0.3119212962962963 0.06394601542416452 0.05324074074074074
0 0.502892030848329 0.2874710648148148 0.05398457583547558 0.048900462962962965
0 0.48811053984575836 0.9460358796296297 0.06426735218508997 0.044270833333333336