0 0.375 0.6245659722222222 0.05912596401028278 0.048900462962962965
0 0.35266709511568123 0.5513599537037037 0.05430591259640103 0.05758101851851852
0 0.27024421593830333 0.6001157407407407 0.04691516709511568 0.03993055555555555
0 0.2578727506426735 0.5135995370370371 0.04209511568123393 0.05324074074074074
0 0.30960796915167094 0.4095775462962963 0.04209511568123393 0.044270833333333336
0 0.25289203084832906 0.4340277777777778 0.04177377892030849 0.02662037037037037
0 0.23216580976863754 0.38295717592592593 0.04916452442159383 0.035590277777777776
0 0.2037275064267352 0.4162326388888889 0.04177377892030849 0.044270833333333336
0 0.17046915167095117 0.41724537037037035 0.034383033419023136 0.05092592592592592
0 0.22830976863753213 0.47366898148148145 0.046593830334190234 0.03993055555555555
0 0.18541131105398456 0.33405671296296297 0.02956298200514139 0.048900462962962965