0 0.4119537275064267 0.9094328703703703 0.04434447300771208 0.05555555555555555
0 0.38962082262210795 0.8385416666666666 0.034383033419023136 0.04224537037037037
0 0.331780205655527 0.8641493055555556 0.06137532133676093 0.05758101851851852
0 0.33547557840616965 0.8130787037037037 0.04434447300771208 0.04456018518518518
0 0.36503856041131105 0.7886284722222222 0.005141388174807198 0.004340277777777778
0 0.3441516709511568 0.7664930555555556 0.04177377892030849 0.05787037037037037
0 0.3133033419023136 0.7375578703703703 0.03470437017994859 0.03993055555555555
0 0.3439910025706941 0.71875 0.05173521850899743 0.04224537037037037
0 0.37612467866323906 0.6533564814814815 0.05687660668380463 0.05324074074074074
0 0.2652634961439589 0.6778067129629629 0.07165809768637532 0.06221064814814815
0 0.2541773778920309 0.6456886574074074 0.02442159383033419 0.019965277777777776
0 0.18043059125964012 0.8340567129629629 0.07872750642673522 0.04195601851851852
0 0.22702442159383032 0.6157407407407407 0.06394601542416452 0.061921296296296294
0 0.22332904884318766 0.5591724537037037 0.07133676092544987 0.0685763888888889
0 0.13737146529562982 0.5701678240740741 0.05173521850899743 0.04658564814814815
0 0.11632390745501285 0.5225694444444444 0.04948586118251928 0.05787037037037037
0 0.19505141388174807 0.5159143518518519 0.08868894601542417 0.07118055555555555
0 0.31555269922879176 0.3159722222222222 0.036632390745501286 0.03298611111111111
0 0.1487789203084833 0.41478587962962965 0.04884318766066838 0.030960648148148147
0 0.3735539845758355 0.7089120370370371 0.03309768637532134 0.03298611111111111
0 0.3226221079691517 0.6566840277777778 0.04434447300771208 0.033854166666666664