0 0.5915809768637532 0.7954282407407407 0.03920308483290488 0.03993055555555555
0 0.5398457583547558 0.7588252314814815 0.04434447300771208 0.04658564814814815
0 0.7233290488431876 0.6999421296296297 0.04177377892030849 0.04456018518518518
0 0.7663881748071979 0.8030960648148148 0.03920308483290488 0.051215277777777776
0 0.7183483290488432 0.8119212962962963 0.02731362467866324 0.03761574074074074
0 0.46352827763496146 0.4383680555555556 0.04402313624678663 0.05324074074074074
0 0.45003213367609257 0.38961226851851855 0.03695372750642673 0.035590277777777776
0 0.49068123393316193 0.37181712962962965 0.02956298200514139 0.03993055555555555
0 0.5694087403598972 0.3129340277777778 0.03470437017994859 0.04658564814814815
0 0.4929305912596401 0.24204282407407407 0.04434447300771208 0.04658564814814815
0 0.915327763496144 0.5137442129629629 0.03695372750642673 0.035590277777777776