0 0.3353174603174603 0.6787564766839378 0.08333333333333333 0.046632124352331605
0 0.5099206349206349 0.8031088082901554 0.08333333333333333 0.05181347150259067
0 0.46825396825396826 0.844559585492228 0.07142857142857142 0.05699481865284974
0 0.28174603174603174 0.6075129533678757 0.06349206349206349 0.04922279792746114
0 0.34523809523809523 0.6023316062176166 0.06349206349206349 0.054404145077720206
0 0.37896825396825395 0.5634715025906736 0.06746031746031746 0.03367875647668394
0 0.26785714285714285 0.4948186528497409 0.07539682539682539 0.04145077720207254
0 0.45436507936507936 0.4740932642487047 0.05952380952380952 0.04145077720207254
0 0.6805555555555556 0.5025906735751295 0.09126984126984126 0.05181347150259067
0 0.5952380952380952 0.5893782383419689 0.10317460317460317 0.06994818652849741
0 0.7341269841269841 0.6178756476683938 0.10317460317460317 0.04404145077720207
0 0.7976190476190477 0.533678756476684 0.05555555555555555 0.05181347150259067
0 0.5535714285714286 0.4637305699481865 0.05952380952380952 0.06217616580310881
0 0.5972222222222222 0.7538860103626943 0.11507936507936507 0.06217616580310881
0 0.6944444444444444 0.677461139896373 0.0873015873015873 0.054404145077720206
0 0.6170634920634921 0.6800518134715026 0.05952380952380952 0.04404145077720207