0 0.59296875 0.14595545134818289 0.0265625 0.06447831184056271
0 0.4921875 0.19167643610785462 0.06875 0.04806565064478312
0 0.49140625 0.1477139507620164 0.0421875 0.0492379835873388
0 0.4140625 0.16060961313012895 0.053125 0.044548651817116064
0 0.3515625 0.305978898007034 0.053125 0.03751465416178194
0 0.32890625 0.2784290738569754 0.0359375 0.031652989449003514
0 0.34921875 0.24501758499413834 0.0296875 0.035169988276670575
0 0.3046875 0.1652989449003517 0.059375 0.03048065650644783
0 0.1375 0.1899179366940211 0.05625 0.044548651817116064
0 0.1515625 0.14654161781946073 0.040625 0.03751465416178194
0 0.196875 0.12661195779601406 0.05 0.04689331770222743
0 0.24296875 0.0955451348182884 0.0421875 0.029308323563892145
0 0.1 0.10961313012895663 0.04375 0.03634232121922626
0 0.1234375 0.06916764361078546 0.05625 0.03751465416178194
0 0.1609375 0.050996483001172335 0.05 0.041031652989449004
0 0.2453125 0.4056271981242673 0.046875 0.032825322391559206
0 0.29609375 0.4079718640093787 0.0578125 0.04220398593200469
0 0.309375 0.47010550996483 0.05625 0.04220398593200469
0 0.37890625 0.42907385697538103 0.0640625 0.03985932004689332
0 0.3890625 0.4630715123094959 0.04375 0.03751465416178194
0 0.35234375 0.5011723329425557 0.0484375 0.029308323563892145
0 0.3984375 0.5275498241500586 0.05625 0.032825322391559206
0 0.29765625 0.518757327080891 0.0390625 0.029308323563892145
0 0.328125 0.5556858147713951 0.059375 0.03985932004689332
0 0.32109375 0.023446658851113716 0.0609375 0.035169988276670575
0 0.3453125 0.07444314185228605 0.05625 0.04806565064478312
0 0.275 0.05861664712778429 0.053125 0.044548651817116064
0 0.2203125 0.050996483001172335 0.05625 0.04572098475967175
0 0.2390625 0.15064478311840562 0.05625 0.029308323563892145
0 0.21640625 0.20750293083235638 0.0640625 0.03048065650644783
0 0.24140625 0.2772567409144197 0.0671875 0.05041031652989449
0 0.3109375 0.21101992966002345 0.059375 0.04220398593200469
0 0.22109375 0.317116060961313 0.0328125 0.029308323563892145
0 0.275 0.35756154747948415 0.040625 0.03985932004689332
0 0.37421875 0.388042203985932 0.0609375 0.04220398593200469
0 0.24609375 0.5451348182883939 0.0828125 0.04689331770222743
0 0.08046875 0.6049237983587339 0.0484375 0.03751465416178194
0 0.1453125 0.6330597889800703 0.059375 0.044548651817116064
0 0.2328125 0.634232121922626 0.06875 0.02813599062133646
0 0.4375 0.406799531066823 0.04375 0.03751465416178194
0 0.484375 0.4372801875732708 0.053125 0.032825322391559206
0 0.26875 0.43903868698710435 0.040625 0.0246189917936694
0 0.1859375 0.5808909730363423 0.05 0.03399765533411489
0 0.53828125 0.1201641266119578 0.0578125 0.03399765533411489
0 0.39375 0.23739742086752638 0.065625 0.038686987104337635
0 0.17265625 0.3376318874560375 0.0578125 0.032825322391559206
0 0.19140625 0.08851113716295428 0.0546875 0.031652989449003514
0 0.3625 0.1271981242672919 0.08125 0.03399765533411489
0 0.440625 0.19871043376318875 0.05 0.03634232121922626
0 0.2390625 0.3645955451348183 0.046875 0.03751465416178194
0 0.30078125 0.24970691676436108 0.0640625 0.035169988276670575
0 0.4046875 0.34056271981242675 0.0625 0.041031652989449004
0 0.525 0.25498241500586166 0.05625 0.03399765533411489
0 0.246875 0.5937866354044549 0.0625 0.03399765533411489
0 0.3203125 0.4466588511137163 0.046875 0.032825322391559206
0 0.2984375 0.3223915592028136 0.053125 0.035169988276670575
0 0.16484375 0.5041031652989449 0.0421875 0.04220398593200469