0 0.5533419023136247 0.8862847222222222 0.032133676092544985 0.02662037037037037
0 0.6309447300771208 0.8794849537037037 0.034383033419023136 0.030960648148148147
0 0.5866002570694088 0.8927951388888888 0.01960154241645244 0.030960648148148147
0 0.8859254498714653 0.37962962962962965 0.02699228791773779 0.05092592592592592
0 0.8083226221079691 0.38078703703703703 0.04916452442159383 0.03993055555555555
0 0.7491966580976864 0.3062789351851852 0.04916452442159383 0.059895833333333336
0 0.6100578406169666 0.19892939814814814 0.07615681233933162 0.06221064814814815
0 0.7098329048843187 0.1644965277777778 0.02956298200514139 0.04195601851851852
0 0.8489717223650386 0.6124131944444444 0.017352185089974295 0.011284722222222222
0 0.8562017994858612 0.6235532407407407 0.02217223650385604 0.024305555555555556
0 0.8807840616966581 0.63671875 0.04177377892030849 0.033275462962962965