0 0.432614006514658 0.5551470588235294 0.030537459283387622 0.03308823529411765
0 0.4546009771986971 0.6061580882352942 0.030537459283387622 0.043198529411764705
0 0.5544584690553745 0.7513786764705882 0.016897394136807818 0.05361519607843137
0 0.5281962540716613 0.8046875 0.025447882736156353 0.043198529411764705
0 0.4884975570032573 0.8494178921568627 0.02707654723127036 0.040747549019607844
0 0.4724144951140065 0.8022365196078431 0.025447882736156353 0.043198529411764705
0 0.4173452768729642 0.8212316176470589 0.033794788273615636 0.040747549019607844
0 0.341307003257329 0.7677696078431373 0.013640065146579805 0.04595588235294118
0 0.3573900651465798 0.8200061274509803 0.025447882736156353 0.027879901960784315
0 0.3801913680781759 0.8506433823529411 0.02015472312703583 0.03829656862745098
0 0.4064535830618892 0.6852022058823529 0.028705211726384364 0.0585171568627451
0 0.4919584690553746 0.6852022058823529 0.02707654723127036 0.043198529411764705
0 0.48340798045602607 0.6227022058823529 0.023819218241042345 0.040747549019607844