0 0.5165488431876607 0.22106481481481483 0.03695372750642673 0.03125
0 0.49052056555269924 0.18547453703703703 0.039524421593830336 0.06655092592592593
0 0.4893958868894602 0.08130787037037036 0.04691516709511568 0.03530092592592592
0 0.43766066838046275 0.11009837962962964 0.032133676092544985 0.044270833333333336
0 0.4019922879177378 0.1511863425925926 0.06876606683804627 0.02459490740740741
0 0.4193444730077121 0.18561921296296297 0.04434447300771208 0.030960648148148147
0 0.4143637532133676 0.25202546296296297 0.039524421593830336 0.03993055555555555
0 0.46963367609254497 0.24204282407407407 0.04209511568123393 0.033275462962962965
0 0.3452763496143959 0.21773726851851852 0.04916452442159383 0.04195601851851852
0 0.7430912596401028 0.2786458333333333 0.06651670951156813 0.05324074074074074
0 0.7429305912596401 0.3207465277777778 0.032133676092544985 0.030960648148148147
0 0.7737789203084833 0.3506944444444444 0.05912596401028278 0.05092592592592592
0 0.8316195372750642 0.3130787037037037 0.04177377892030849 0.04224537037037037
0 0.8660025706940874 0.30859375 0.056555269922879174 0.037905092592592594
0 0.8144280205655527 0.3663194444444444 0.03695372750642673 0.04224537037037037
0 0.8661632390745502 0.35402199074074076 0.05173521850899743 0.035590277777777776
0 0.8637532133676092 0.4006076388888889 0.056555269922879174 0.06221064814814815
0 0.8377249357326478 0.39742476851851855 0.04434447300771208 0.033275462962962965
0 0.5657133676092545 0.5703125 0.03181233933161954 0.028935185185185185
0 0.6050771208226221 0.6433738425925926 0.04691516709511568 0.033275462962962965
0 0.6420308483290489 0.6433738425925926 0.04691516709511568 0.028645833333333332
0 0.6789845758354756 0.6368634259259259 0.04691516709511568 0.03761574074074074
0 0.7466259640102828 0.6556712962962963 0.05430591259640103 0.03993055555555555
0 0.709672236503856 0.6678240740740741 0.039524421593830336 0.03761574074074074
0 0.5829048843187661 0.9317129629629629 0.04177377892030849 0.03761574074074074
0 0.8070372750642674 0.7476851851851852 0.03181233933161954 0.024305555555555556
0 0.7183483290488432 0.7044270833333334 0.03181233933161954 0.030960648148148147
0 0.7959511568123393 0.5747974537037037 0.03920308483290488 0.04658564814814815
0 0.8329048843187661 0.6014178240740741 0.03920308483290488 0.04658564814814815
0 0.8870501285347043 0.5402199074074074 0.04916452442159383 0.02662037037037037
0 0.8807840616966581 0.5613425925925926 0.02699228791773779 0.03761574074074074
0 0.8598971722365039 0.6302083333333334 0.06876606683804627 0.024305555555555556
0 0.8243894601542416 0.6633391203703703 0.05173521850899743 0.02459490740740741
0 0.8698586118251928 0.6888020833333334 0.05398457583547558 0.05758101851851852
0 0.8083226221079691 0.5325520833333334 0.04916452442159383 0.033275462962962965