0 0.5 0.5 0.055 0.05333333333333334
0 0.665 0.59 0.045 0.06
0 0.64375 0.8383333333333334 0.0375 0.043333333333333335
0 0.53 0.8666666666666667 0.05 0.06666666666666667
0 0.47375 0.805 0.0625 0.06333333333333334
0 0.4325 0.8366666666666667 0.04 0.06666666666666667
0 0.39875 0.8833333333333333 0.0375 0.06666666666666667
0 0.43125 0.9083333333333333 0.0425 0.05
0 0.35875 0.9466666666666667 0.0525 0.06
0 0.335 0.845 0.09 0.10333333333333333
0 0.2375 0.625 0.06 0.08333333333333333
0 0.41625 0.6516666666666666 0.0525 0.09
0 0.23875 0.5333333333333333 0.0525 0.07333333333333333
0 0.14 0.5033333333333333 0.06 0.07333333333333333
0 0.175 0.32166666666666666 0.06 0.06333333333333334
0 0.24 0.27166666666666667 0.065 0.08333333333333333
0 0.21625 0.15666666666666668 0.0775 0.10666666666666667
0 0.3925 0.16 0.06 0.08666666666666667
0 0.61 0.7416666666666667 0.065 0.07666666666666666
0 0.49125 0.6133333333333333 0.0675 0.08
0 0.335 0.695 0.035 0.056666666666666664
0 0.27 0.73 0.025 0.04
0 0.2175 0.8016666666666666 0.065 0.07666666666666666
0 0.39 0.03833333333333333 0.065 0.07
0 0.105 0.7116666666666667 0.035 0.06333333333333334
0 0.07 0.6933333333333334 0.04 0.06666666666666667
0 0.07875 0.6333333333333333 0.0375 0.04
0 0.10125 0.59 0.0575 0.06666666666666667
0 0.335 0.44 0.035 0.04
0 0.39375 0.5083333333333333 0.0375 0.05
0 0.32 0.5966666666666667 0.045 0.04666666666666667
0 0.2325 0.7283333333333334 0.03 0.043333333333333335
0 0.18875 0.7033333333333334 0.0375 0.04
0 0.3825 0.7433333333333333 0.03 0.04666666666666667
0 0.40125 0.795 0.0375 0.043333333333333335
0 0.61875 0.5266666666666666 0.0425 0.04
0 0.60375 0.5616666666666666 0.0375 0.05
0 0.60375 0.6183333333333333 0.0275 0.05
0 0.62875 0.62 0.0275 0.04
0 0.785 0.5583333333333333 0.03 0.043333333333333335
0 0.5525 0.52 0.045 0.05333333333333334
0 0.28 0.48833333333333334 0.035 0.043333333333333335
0 0.2575 0.44 0.04 0.06
0 0.18 0.43166666666666664 0.035 0.043333333333333335
0 0.2 0.8883333333333333 0.03 0.05
0 0.23 0.895 0.03 0.03666666666666667
0 0.2525 0.9233333333333333 0.035 0.05333333333333334
0 0.3 0.9266666666666666 0.045 0.05333333333333334
0 0.4525 0.9666666666666667 0.04 0.05333333333333334
0 0.48375 0.93 0.0275 0.05333333333333334
0 0.51 0.935 0.03 0.05
0 0.7025 0.7483333333333333 0.04 0.05
0 0.6075 0.83 0.03 0.04666666666666667
0 0.585 0.9716666666666667 0.07 0.05
0 0.72 0.5866666666666667 0.045 0.05333333333333334
0 0.73875 0.5283333333333333 0.0275 0.043333333333333335
0 0.34125 0.49666666666666665 0.0375 0.04666666666666667
0 0.34875 0.55 0.0375 0.04666666666666667
0 0.20625 0.375 0.0475 0.05