0 0.4125 0.15625 0.06166666666666667 0.0525
0 0.3725 0.084375 0.058333333333333334 0.05125
0 0.3433333333333333 0.0275 0.05333333333333334 0.0525
0 0.2125 0.0675 0.08833333333333333 0.0575
0 0.27666666666666667 0.090625 0.08 0.04625
0 0.3025 0.123125 0.065 0.05375
0 0.345 0.155 0.07333333333333333 0.0475
0 0.36833333333333335 0.195 0.04 0.0375
0 0.345 0.2325 0.07333333333333333 0.06
0 0.27666666666666667 0.201875 0.056666666666666664 0.04125
0 0.21166666666666667 0.141875 0.056666666666666664 0.04625
0 0.21666666666666667 0.203125 0.07666666666666666 0.05375
0 0.2891666666666667 0.329375 0.06833333333333333 0.02625
0 0.32083333333333336 0.445625 0.045 0.03875
0 0.07083333333333333 0.45375 0.035 0.035
0 0.30833333333333335 0.37125 0.05333333333333334 0.035
0 0.3725 0.388125 0.058333333333333334 0.04125
0 0.4008333333333333 0.42125 0.06166666666666667 0.05
0 0.45416666666666666 0.39125 0.055 0.045
0 0.17583333333333334 0.374375 0.06833333333333333 0.06375
0 0.23 0.35375 0.05 0.035
0 0.09916666666666667 0.31375 0.055 0.045
0 0.14833333333333334 0.308125 0.06 0.05125
0 0.09833333333333333 0.230625 0.04666666666666667 0.05625
0 0.15083333333333335 0.231875 0.058333333333333334 0.04875
0 0.2075 0.265 0.07166666666666667 0.0575
0 0.07833333333333334 0.179375 0.07333333333333333 0.05125
0 0.13166666666666665 0.178125 0.07333333333333333 0.03125
0 0.14083333333333334 0.125 0.055 0.045
0 0.17916666666666667 0.515 0.03166666666666667 0.025
0 0.2175 0.480625 0.03833333333333333 0.01625
0 0.26166666666666666 0.425625 0.02666666666666667 0.02375
0 0.23 0.3925 0.04 0.03
0 0.07416666666666667 0.375 0.03833333333333333 0.0275
0 0.3775 0.324375 0.03166666666666667 0.02375
0 0.33 0.298125 0.05333333333333334 0.03875
0 0.4666666666666667 0.34125 0.03 0.02
0 0.5241666666666667 0.43 0.041666666666666664 0.03
0 0.185 0.575 0.03333333333333333 0.0225
0 0.1525 0.61 0.041666666666666664 0.025
0 0.11083333333333334 0.585 0.041666666666666664 0.0275
0 0.3016666666666667 0.53875 0.02666666666666667 0.0275
0 0.2633333333333333 0.541875 0.05333333333333334 0.03875
0 0.27 0.51 0.03333333333333333 0.02
0 0.3325 0.500625 0.03833333333333333 0.02625
0 0.16583333333333333 0.431875 0.03833333333333333 0.02875
0 0.22166666666666668 0.42875 0.04666666666666667 0.0325
0 0.12666666666666668 0.36625 0.04 0.025
0 0.04833333333333333 0.105 0.03666666666666667 0.025
0 0.0575 0.065625 0.045 0.02875
0 0.03666666666666667 0.2775 0.04666666666666667 0.0375
0 0.45666666666666667 0.280625 0.03666666666666667 0.04125
0 0.2925 0.40375 0.035 0.03
0 0.33 0.415625 0.04 0.02625
0 0.10583333333333333 0.458125 0.035 0.02875
0 0.09166666666666666 0.538125 0.04 0.02125
0 0.135 0.560625 0.04 0.02375
0 0.18333333333333332 0.54875 0.04666666666666667 0.025
0 0.17583333333333334 0.4825 0.041666666666666664 0.02