0 0.60625 0.236 0.07678571428571429 0.04
0 0.45982142857142855 0.3 0.0875 0.05333333333333334
0 0.41964285714285715 0.326 0.025 0.025333333333333333
0 0.24553571428571427 0.2786666666666667 0.0625 0.04
0 0.14017857142857143 0.2926666666666667 0.048214285714285716 0.03866666666666667
0 0.2732142857142857 0.218 0.06785714285714285 0.036
0 0.4758928571428571 0.23266666666666666 0.05892857142857143 0.04666666666666667
0 0.34285714285714286 0.09866666666666667 0.07142857142857142 0.04
0 0.29732142857142857 0.3433333333333333 0.04107142857142857 0.04133333333333333
0 0.3508928571428571 0.358 0.048214285714285716 0.030666666666666665
0 0.32142857142857145 0.4 0.05357142857142857 0.02666666666666667
0 0.48214285714285715 0.438 0.07857142857142857 0.036
0 0.5401785714285714 0.4846666666666667 0.09107142857142857 0.044
0 0.4080357142857143 0.46066666666666667 0.05892857142857143 0.06
0 0.10267857142857142 0.11 0.0625 0.044
0 0.09285714285714286 0.024 0.08214285714285714 0.037333333333333336
0 0.26160714285714287 0.054 0.09464285714285714 0.09733333333333333
0 0.5919642857142857 0.286 0.10178571428571428 0.04666666666666667
0 0.5839285714285715 0.32466666666666666 0.05 0.04933333333333333
0 0.49910714285714286 0.37533333333333335 0.0625 0.044
0 0.32767857142857143 0.31066666666666665 0.06964285714285715 0.056
0 0.2839285714285714 0.448 0.06785714285714285 0.064
0 0.35714285714285715 0.46 0.07857142857142857 0.05333333333333334
0 0.11964285714285715 0.542 0.06428571428571428 0.052
0 0.4473214285714286 0.5553333333333333 0.09821428571428571 0.04933333333333333