0 0.6642030848329049 0.22106481481481483 0.05141388174807198 0.03993055555555555
0 0.34897172236503854 0.7021122685185185 0.032133676092544985 0.030960648148148147
0 0.3859254498714653 0.7232349537037037 0.04691516709511568 0.04195601851851852
0 0.30960796915167094 0.6711516203703703 0.03695372750642673 0.01765046296296296
0 0.27024421593830333 0.7320601851851852 0.056555269922879174 0.0642361111111111
0 0.34174164524421596 0.7653356481481481 0.05173521850899743 0.06886574074074074
0 0.3884961439588689 0.7954282407407407 0.04177377892030849 0.05324074074074074
0 0.43766066838046275 0.7553530092592593 0.04691516709511568 0.05758101851851852
0 0.29241645244215936 0.8119212962962963 0.04691516709511568 0.05092592592592592
0 0.3476863753213368 0.8828125 0.04434447300771208 0.03761574074074074
0 0.581780205655527 0.9039351851851852 0.05430591259640103 0.04456018518518518