0 0.6763029315960912 0.5347732843137255 0.043973941368078175 0.043198529411764705
0 0.6991042345276873 0.5359987745098039 0.025244299674267102 0.02542892156862745
0 0.7169177524429967 0.48651960784313725 0.04743485342019544 0.04350490196078431
0 0.6466815960912052 0.5807291666666666 0.035627035830618894 0.03829656862745098
0 0.6466815960912052 0.6291360294117647 0.028705211726384364 0.043198529411764705
0 0.6787459283387622 0.640625 0.03216612377850163 0.04595588235294118
0 0.7355456026058632 0.5678615196078431 0.043973941368078175 0.03829656862745098
0 0.5832654723127035 0.5474877450980392 0.033794788273615636 0.04840686274509804
0 0.5578175895765473 0.5615808823529411 0.02035830618892508 0.04595588235294118
0 0.5417345276872965 0.5742953431372549 0.03216612377850163 0.05116421568627451
0 0.5138436482084691 0.6049325980392157 0.01017915309446254 0.01011029411764706
0 0.5003053745928339 0.5831801470588235 0.03033387622149837 0.03829656862745098
0 0.5037662866449512 0.6519607843137255 0.016897394136807818 0.017769607843137254
0 0.47994706840390877 0.6239276960784313 0.0372557003257329 0.03829656862745098
0 0.4800488599348534 0.5718443627450981 0.030537459283387622 0.040747549019607844
0 0.49531758957654726 0.5297181372549019 0.033794788273615636 0.03308823529411765
0 0.4453379478827362 0.4889705882352941 0.028705211726384364 0.04840686274509804
0 0.4681392508143323 0.4522058823529412 0.02707654723127036 0.0508578431372549
0 0.4850366449511401 0.4342830882352941 0.0372557003257329 0.040747549019607844
0 0.519849348534202 0.4177389705882353 0.028705211726384364 0.027879901960784315
0 0.5282980456026058 0.45205269607843135 0.021986970684039087 0.020526960784313725
0 0.5604641693811075 0.44316789215686275 0.03216612377850163 0.03829656862745098
0 0.5696254071661238 0.4800857843137255 0.043973941368078175 0.03553921568627451
0 0.6221498371335505 0.4419424019607843 0.01710097719869707 0.030330882352941176
0 0.6712133550488599 0.3743872549019608 0.030537459283387622 0.05330882352941176
0 0.7000203583061889 0.35018382352941174 0.03033387622149837 0.030637254901960783
0 0.3277687296416938 0.5883884803921569 0.04071661237785016 0.06893382352941177
0 0.34629478827361565 0.5373774509803921 0.033794788273615636 0.03799019607843137
0 0.34120521172638435 0.47763480392156865 0.033794788273615636 0.04595588235294118
0 0.24643729641693812 0.6991421568627451 0.0372557003257329 0.030637254901960783
0 0.1466815960912052 0.7487745098039216 0.023819218241042345 0.03799019607843137
0 0.19146986970684038 0.8379289215686274 0.028705211726384364 0.03308823529411765
0 0.1992060260586319 0.6533394607843137 0.02707654723127036 0.040747549019607844
0 0.3810057003257329 0.4508272058823529 0.018526058631921825 0.05361519607843137
0 0.3582043973941368 0.4025735294117647 0.023819218241042345 0.03308823529411765
0 0.30150651465798045 0.5030637254901961 0.025244299674267102 0.03553921568627451
0 0.2659812703583062 0.5004595588235294 0.05232084690553746 0.030330882352941176
0 0.15686074918566775 0.6456801470588235 0.03033387622149837 0.035845588235294115
0 0.1686685667752443 0.6850490196078431 0.04743485342019544 0.03308823529411765
0 0.1678542345276873 0.7703737745098039 0.028705211726384364 0.05116421568627451
0 0.21009771986970685 0.7832414215686274 0.04234527687296417 0.05606617647058824
0 0.2304560260586319 0.8060661764705882 0.04234527687296417 0.04595588235294118
0 0.6271376221498371 0.4928002450980392 0.02707654723127036 0.035845588235294115
0 0.6525855048859935 0.5196078431372549 0.023819218241042345 0.03308823529411765
0 0.6872964169381107 0.578125 0.035423452768729644 0.058823529411764705
0 0.7118281758957655 0.6035539215686274 0.0372557003257329 0.04840686274509804
0 0.7626221498371335 0.6838235294117647 0.003257328990228013 0.004901960784313725
0 0.680985342019544 0.2417279411764706 0.06026058631921824 0.07352941176470588
0 0.7713762214983714 0.4494485294117647 0.04723127035830619 0.06740196078431372
0 0.5751221498371335 0.36243872549019607 0.08143322475570032 0.08946078431372549
0 0.4598941368078176 0.9347426470588235 0.03501628664495114 0.0428921568627451
0 0.24979641693811075 0.5585171568627451 0.05618892508143322 0.06985294117647059
0 0.2921416938110749 0.6026348039215687 0.046416938110749185 0.05759803921568627
0 0.2632328990228013 0.6620710784313726 0.050488599348534204 0.056372549019607844
0 0.5914087947882736 0.2417279411764706 0.06026058631921824 0.07352941176470588
0 0.6443403908794788 0.30300245098039214 0.05374592833876222 0.07107843137254902
0 0.694828990228013 0.31035539215686275 0.048859934853420196 0.04656862745098039
0 0.7546824104234527 0.3795955882352941 0.05130293159609121 0.06740196078431372