0 0.3267994858611825 0.5969328703703703 0.02699228791773779 0.028935185185185185
0 0.13351542416452442 0.6911168981481481 0.06908740359897173 0.044270833333333336
0 0.035025706940874035 0.6776620370370371 0.03470437017994859 0.05324074074074074
0 0.06217866323907455 0.6623263888888888 0.06394601542416452 0.05324074074074074
0 0.09286632390745501 0.5902777777777778 0.032133676092544985 0.03761574074074074
0 0.0682840616966581 0.5613425925925926 0.04209511568123393 0.03761574074074074
0 0.03133033419023136 0.5580150462962963 0.05687660668380463 0.06221064814814815
0 0.07326478149100257 0.5125868055555556 0.07133676092544987 0.033275462962962965
0 0.05719794344473008 0.4859664351851852 0.04434447300771208 0.033275462962962965
0 0.07696015424164525 0.46947337962962965 0.05430591259640103 0.044270833333333336
0 0.06089331619537275 0.42607060185185186 0.03181233933161954 0.033275462962962965
0 0.11744858611825193 0.4017650462962963 0.05173521850899743 0.028645833333333332
0 0.05109254498714653 0.36183449074074076 0.04177377892030849 0.033275462962962965
0 0.09784704370179949 0.3506944444444444 0.05173521850899743 0.05092592592592592
0 0.4143637532133676 0.19111689814814814 0.039524421593830336 0.037905092592592594
0 0.4524421593830334 0.28544560185185186 0.061696658097686374 0.0708912037037037
0 0.3713046272493573 0.9282407407407407 0.03695372750642673 0.03993055555555555
0 0.2037275064267352 0.6699942129629629 0.061696658097686374 0.04195601851851852
0 0.3035025706940874 0.6888020833333334 0.039524421593830336 0.06221064814814815
0 0.1495822622107969 0.36183449074074076 0.05173521850899743 0.0685763888888889
0 0.4124357326478149 0.1254340277777778 0.03309768637532134 0.030960648148148147