0 0.5226542416452442 0.6255787037037037 0.06908740359897173 0.05092592592592592
0 0.5311696658097687 0.5791377314814815 0.056555269922879174 0.055266203703703706
0 0.7294344473007712 0.6179108796296297 0.06876606683804627 0.044270833333333336
0 0.8107326478149101 0.6278935185185185 0.06426735218508997 0.028935185185185185
0 0.788560411311054 0.6778067129629629 0.04434447300771208 0.035590277777777776
0 0.8807840616966581 0.5282118055555556 0.056555269922879174 0.04658564814814815
0 0.8329048843187661 0.5092592592592593 0.03470437017994859 0.03530092592592592
0 0.8722686375321337 0.4006076388888889 0.034383033419023136 0.05758101851851852
0 0.7639781491002571 0.4039351851851852 0.034383033419023136 0.028935185185185185
0 0.4535668380462725 0.17997685185185186 0.034383033419023136 0.028935185185185185
0 0.5065874035989717 0.16218171296296297 0.05687660668380463 0.033275462962962965
0 0.6531169665809768 0.17447916666666666 0.04916452442159383 0.04456018518518518
0 0.7294344473007712 0.17997685185185186 0.06876606683804627 0.05555555555555555
0 0.6776992287917738 0.1255787037037037 0.04434447300771208 0.03993055555555555
0 0.734254498714653 0.08579282407407407 0.05912596401028278 0.048900462962962965
0 0.6998714652956298 0.040219907407407406 0.04948586118251928 0.03761574074074074
0 0.6174485861182519 0.1323784722222222 0.07165809768637532 0.048900462962962965
0 0.7898457583547558 0.2829861111111111 0.056555269922879174 0.05324074074074074
0 0.5952763496143959 0.5934606481481481 0.046593830334190234 0.02662037037037037
0 0.5841902313624678 0.6468460648148148 0.04434447300771208 0.030960648148148147
0 0.7861503856041131 0.4383680555555556 0.05430591259640103 0.02199074074074074
0 0.7835796915167095 0.5047743055555556 0.034383033419023136 0.05758101851851852
0 0.7466259640102828 0.5625 0.06908740359897173 0.04456018518518518
0 0.7602827763496144 0.7288773148148148 0.07647814910025708 0.05324074074074074
0 0.5804948586118251 0.08232060185185185 0.06651670951156813 0.059895833333333336
0 0.41918380462724936 0.10561342592592593 0.06394601542416452 0.03993055555555555
0 0.4672236503856041 0.06148726851851852 0.07133676092544987 0.05758101851851852