0 0.6629310344827586 0.7081339712918661 0.06379310344827586 0.07655502392344497
0 0.6344827586206897 0.6303827751196173 0.05172413793103448 0.05502392344497608
0 0.6 0.7834928229665071 0.02413793103448276 0.07416267942583732
0 0.5517241379310345 0.7021531100478469 0.03793103448275862 0.07894736842105263
0 0.5189655172413793 0.6555023923444976 0.027586206896551724 0.06220095693779904
0 0.4603448275862069 0.6901913875598086 0.034482758620689655 0.0645933014354067
0 0.3146551724137931 0.8301435406698564 0.04310344827586207 0.03349282296650718
0 0.521551724137931 0.8600478468899522 0.03620689655172414 0.050239234449760764
0 0.4827586206896552 0.895933014354067 0.034482758620689655 0.05980861244019139
0 0.6594827586206896 0.9102870813397129 0.039655172413793106 0.05502392344497608
0 0.6887931034482758 0.8421052631578947 0.039655172413793106 0.0861244019138756
0 0.7112068965517241 0.9114832535885168 0.029310344827586206 0.05741626794258373
0 0.49224137931034484 0.31100478468899523 0.05 0.07655502392344497
0 0.5801724137931035 0.3026315789473684 0.04655172413793104 0.06937799043062201
0 0.5724137931034483 0.08253588516746412 0.05172413793103448 0.09330143540669857
0 0.7129310344827586 0.27392344497607657 0.032758620689655175 0.05980861244019139
0 0.775 0.3241626794258373 0.039655172413793106 0.0645933014354067
0 0.6491379310344828 0.08492822966507177 0.06724137931034482 0.09808612440191387
0 0.6387931034482759 0.03110047846889952 0.04310344827586207 0.0430622009569378
0 0.6353448275862069 0.35526315789473684 0.0603448275862069 0.05980861244019139
0 0.593103448275862 0.44258373205741625 0.041379310344827586 0.0861244019138756
0 0.4870689655172414 0.5645933014354066 0.05344827586206897 0.08133971291866028
0 0.4939655172413793 0.4892344497607656 0.039655172413793106 0.07894736842105263
0 0.8181034482758621 0.44258373205741625 0.039655172413793106 0.07177033492822966
0 0.45775862068965517 0.4449760765550239 0.05 0.08133971291866028
0 0.40948275862068967 0.4270334928229665 0.04655172413793104 0.07416267942583732
0 0.38275862068965516 0.36483253588516745 0.04827586206896552 0.0645933014354067
0 0.33275862068965517 0.16507177033492823 0.03103448275862069 0.06698564593301436
0 0.3732758620689655 0.17583732057416268 0.06379310344827586 0.06937799043062201
0 0.3353448275862069 0.41985645933014354 0.039655172413793106 0.06937799043062201
0 0.3629310344827586 0.47248803827751196 0.04655172413793104 0.05502392344497608
0 0.41293103448275864 0.5155502392344498 0.032758620689655175 0.050239234449760764
0 0.4508620689655172 0.5813397129186603 0.039655172413793106 0.08133971291866028
0 0.3896551724137931 0.6770334928229665 0.04482758620689655 0.06220095693779904
0 0.3922413793103448 0.6148325358851675 0.05344827586206897 0.08133971291866028
0 0.24568965517241378 0.5813397129186603 0.06379310344827586 0.10047846889952153
0 0.475 0.8229665071770335 0.04310344827586207 0.06698564593301436
0 0.7456896551724138 0.11483253588516747 0.0603448275862069 0.08133971291866028
0 0.1853448275862069 0.6722488038277512 0.05344827586206897 0.0861244019138756
0 0.30689655172413793 0.2703349282296651 0.04482758620689655 0.06698564593301436
0 0.46551724137931033 0.10406698564593302 0.041379310344827586 0.05980861244019139
0 0.5887931034482758 0.18301435406698566 0.0603448275862069 0.07416267942583732
0 0.628448275862069 0.16267942583732056 0.05 0.07177033492822966
0 0.7017241379310345 0.028708133971291867 0.04827586206896552 0.04784688995215311
0 0.41206896551724137 0.8205741626794258 0.07241379310344828 0.08133971291866028
0 0.2517241379310345 0.722488038277512 0.041379310344827586 0.05741626794258373
0 0.2543103448275862 0.7918660287081339 0.039655172413793106 0.06220095693779904
0 0.7629310344827587 0.5334928229665071 0.039655172413793106 0.05741626794258373
0 0.8 0.534688995215311 0.03793103448275862 0.05502392344497608
0 0.6982758620689655 0.2069377990430622 0.05172413793103448 0.05980861244019139
0 0.6637931034482759 0.2894736842105263 0.04482758620689655 0.06698564593301436
0 0.5146551724137931 0.4342105263157895 0.0603448275862069 0.0645933014354067
0 0.5732758620689655 0.37320574162679426 0.05344827586206897 0.05741626794258373