0 0.15168539325842698 0.1640926640926641 0.056179775280898875 0.06563706563706563
0 0.1441947565543071 0.10424710424710425 0.07865168539325842 0.04633204633204633
0 0.15917602996254682 0.032818532818532815 0.056179775280898875 0.06563706563706563
0 0.5973782771535581 0.06756756756756757 0.04868913857677903 0.03474903474903475
0 0.702247191011236 0.14092664092664092 0.04868913857677903 0.05791505791505792
0 0.6610486891385767 0.13513513513513514 0.04119850187265917 0.0694980694980695
0 0.9026217228464419 0.19111969111969113 0.03745318352059925 0.05019305019305019
0 0.8614232209737828 0.16795366795366795 0.052434456928838954 0.07335907335907337
0 0.8127340823970037 0.42084942084942084 0.0449438202247191 0.04633204633204633
0 0.8295880149812734 0.4864864864864865 0.06367041198501873 0.06177606177606178
0 0.6441947565543071 0.5077220077220077 0.052434456928838954 0.05019305019305019
0 0.6647940074906367 0.4498069498069498 0.07116104868913857 0.06563706563706563
0 0.4438202247191011 0.5347490347490348 0.07116104868913857 0.05791505791505792
0 0.49250936329588013 0.48455598455598453 0.07865168539325842 0.05791505791505792
0 0.5599250936329588 0.4942084942084942 0.04868913857677903 0.04633204633204633
0 0.5898876404494382 0.44787644787644787 0.08614232209737828 0.06177606177606178
0 0.36704119850187267 0.6196911196911197 0.0449438202247191 0.05791505791505792
0 0.47191011235955055 0.6312741312741312 0.052434456928838954 0.05791505791505792
0 0.5430711610486891 0.6583011583011583 0.052434456928838954 0.05019305019305019
0 0.5449438202247191 0.5945945945945946 0.056179775280898875 0.04633204633204633
0 0.6460674157303371 0.5540540540540541 0.056179775280898875 0.06563706563706563
0 0.47752808988764045 0.7007722007722008 0.04868913857677903 0.05019305019305019
0 0.449438202247191 0.7316602316602316 0.0749063670411985 0.05019305019305019
0 0.5205992509363296 0.7162162162162162 0.052434456928838954 0.05019305019305019
0 0.6367041198501873 0.7239382239382239 0.0599250936329588 0.03474903474903475
0 0.700374531835206 0.7644787644787645 0.052434456928838954 0.06177606177606178
0 0.6647940074906367 0.8687258687258688 0.07865168539325842 0.04633204633204633
0 0.6367041198501873 0.8108108108108109 0.03745318352059925 0.04633204633204633
0 0.8202247191011236 0.777992277992278 0.06741573033707865 0.05019305019305019
0 0.4681647940074906 0.8281853281853282 0.06741573033707865 0.08108108108108109
0 0.31086142322097376 0.7934362934362934 0.0599250936329588 0.07335907335907337
0 0.5730337078651685 0.8841698841698842 0.052434456928838954 0.05405405405405406
0 0.7322097378277154 0.017374517374517374 0.04868913857677903 0.03474903474903475
0 0.6816479400749064 0.019305019305019305 0.0599250936329588 0.03861003861003861
0 0.6704119850187266 0.055984555984555984 0.052434456928838954 0.03474903474903475
0 0.8764044943820225 0.6698841698841699 0.052434456928838954 0.05791505791505792
0 0.846441947565543 0.5926640926640927 0.0449438202247191 0.05791505791505792
0 0.8801498127340824 0.38223938223938225 0.0449438202247191 0.0694980694980695
0 0.6404494382022472 0.9517374517374517 0.0449438202247191 0.04247104247104247
0 0.6067415730337079 0.9633204633204633 0.03745318352059925 0.05019305019305019
0 0.6404494382022472 0.6756756756756757 0.052434456928838954 0.04633204633204633
0 0.7883895131086143 0.5328185328185329 0.056179775280898875 0.06177606177606178
0 0.7621722846441947 0.5888030888030888 0.07116104868913857 0.06563706563706563
0 0.653558052434457 0.6293436293436293 0.04868913857677903 0.04633204633204633
0 0.702247191011236 0.6447876447876448 0.07116104868913857 0.08494208494208494
0 0.7528089887640449 0.777992277992278 0.0449438202247191 0.03474903474903475
0 0.7397003745318352 0.8108108108108109 0.04119850187265917 0.03861003861003861
0 0.6966292134831461 0.18725868725868725 0.03745318352059925 0.05019305019305019
0 0.7078651685393258 0.581081081081081 0.0449438202247191 0.05019305019305019
0 0.7434456928838952 0.5193050193050193 0.04868913857677903 0.05791505791505792
0 0.3651685393258427 0.9111969111969112 0.04119850187265917 0.03861003861003861
0 0.398876404494382 0.9343629343629344 0.056179775280898875 0.05405405405405406
0 0.36329588014981273 0.8648648648648649 0.0299625468164794 0.04633204633204633
0 0.3913857677902622 0.862934362934363 0.04119850187265917 0.04247104247104247
0 0.3052434456928839 0.6640926640926641 0.04119850187265917 0.06177606177606178
0 0.3801498127340824 0.6853281853281853 0.04868913857677903 0.06563706563706563
0 0.4288389513108614 0.6583011583011583 0.04868913857677903 0.05019305019305019