0 0.37 0.205 0.04666666666666667 0.04
0 0.12333333333333334 0.22583333333333333 0.1 0.065
0 0.2866666666666667 0.07 0.12 0.08666666666666667
0 0.4222222222222222 0.0475 0.08888888888888889 0.058333333333333334
0 0.2511111111111111 0.37333333333333335 0.07555555555555556 0.05
0 0.45666666666666667 0.4066666666666667 0.08666666666666667 0.05333333333333334
0 0.7288888888888889 0.3933333333333333 0.06222222222222222 0.06333333333333334
0 0.7833333333333333 0.47 0.07777777777777778 0.06
0 0.7088888888888889 0.505 0.08 0.06
0 0.7433333333333333 0.5633333333333334 0.05555555555555555 0.06
0 0.47888888888888886 0.6008333333333333 0.06 0.028333333333333332
0 0.5288888888888889 0.5716666666666667 0.05333333333333334 0.043333333333333335
0 0.5644444444444444 0.49416666666666664 0.04888888888888889 0.03833333333333333
0 0.6088888888888889 0.5916666666666667 0.05333333333333334 0.04666666666666667
0 0.5288888888888889 0.665 0.04 0.04666666666666667
0 0.5555555555555556 0.7141666666666666 0.06666666666666667 0.055
0 0.6266666666666667 0.705 0.04888888888888889 0.03666666666666667
0 0.69 0.7316666666666667 0.05555555555555555 0.04666666666666667
0 0.7266666666666667 0.6375 0.035555555555555556 0.045
0 0.7355555555555555 0.24083333333333334 0.07111111111111111 0.06166666666666667
0 0.44666666666666666 0.31083333333333335 0.07555555555555556 0.04833333333333333
0 0.36444444444444446 0.32166666666666666 0.06222222222222222 0.06666666666666667
0 0.5955555555555555 0.3466666666666667 0.08444444444444445 0.043333333333333335
0 0.6066666666666667 0.415 0.11555555555555555 0.06666666666666667
0 0.54 0.43 0.044444444444444446 0.04666666666666667
0 0.4711111111111111 0.475 0.044444444444444446 0.03333333333333333
0 0.13111111111111112 0.5675 0.05333333333333334 0.041666666666666664
0 0.3811111111111111 0.6483333333333333 0.11333333333333333 0.056666666666666664
0 0.6311111111111111 0.5366666666666666 0.06666666666666667 0.04