0 0.7133333333333334 0.4166666666666667 0.05333333333333334 0.03
0 0.6566666666666666 0.365 0.042222222222222223 0.04
0 0.6011111111111112 0.35083333333333333 0.03333333333333333 0.04833333333333333
0 0.5755555555555556 0.3175 0.035555555555555556 0.03166666666666667
0 0.5211111111111111 0.35333333333333333 0.05555555555555555 0.043333333333333335
0 0.35555555555555557 0.31 0.05333333333333334 0.043333333333333335
0 0.37777777777777777 0.3925 0.044444444444444446 0.041666666666666664
0 0.44 0.39416666666666667 0.035555555555555556 0.041666666666666664
0 0.5777777777777777 0.42083333333333334 0.09777777777777778 0.051666666666666666
0 0.58 0.5375 0.07111111111111111 0.058333333333333334
0 0.43 0.6591666666666667 0.05555555555555555 0.04833333333333333
0 0.42 0.71 0.03111111111111111 0.04666666666666667
0 0.4777777777777778 0.7158333333333333 0.044444444444444446 0.055
0 0.4766666666666667 0.76 0.05555555555555555 0.06
0 0.5644444444444444 0.685 0.04 0.05
0 0.9577777777777777 0.5783333333333334 0.04888888888888889 0.043333333333333335
0 0.9211111111111111 0.5358333333333334 0.05555555555555555 0.041666666666666664
0 0.46 0.32083333333333336 0.08 0.06833333333333333
0 0.40555555555555556 0.30833333333333335 0.04666666666666667 0.04666666666666667
0 0.49666666666666665 0.4166666666666667 0.04666666666666667 0.06333333333333334
0 0.5866666666666667 0.4708333333333333 0.06222222222222222 0.06166666666666667
0 0.6377777777777778 0.495 0.06222222222222222 0.07
0 0.6966666666666667 0.5741666666666667 0.06888888888888889 0.065
0 0.8788888888888889 0.5916666666666667 0.06888888888888889 0.056666666666666664
0 0.4866666666666667 0.5675 0.08 0.055
0 0.4822222222222222 0.605 0.07111111111111111 0.03
0 0.5 0.6475 0.07555555555555556 0.055
0 0.5966666666666667 0.8266666666666667 0.07777777777777778 0.05
0 0.5433333333333333 0.7391666666666666 0.06 0.03833333333333333