0 0.18891402714932126 0.5048828125 0.05203619909502263 0.037109375
0 0.18552036199095023 0.552734375 0.06334841628959276 0.0546875
0 0.22058823529411764 0.6123046875 0.07013574660633484 0.052734375
0 0.251131221719457 0.6748046875 0.05429864253393665 0.060546875
0 0.38461538461538464 0.7470703125 0.05429864253393665 0.056640625
0 0.3178733031674208 0.7861328125 0.024886877828054297 0.029296875
0 0.27941176470588236 0.7578125 0.05203619909502263 0.046875
0 0.4604072398190045 0.7890625 0.05656108597285068 0.05859375
0 0.5192307692307693 0.7421875 0.06108597285067873 0.04296875
0 0.5090497737556561 0.6513671875 0.058823529411764705 0.068359375
0 0.5644796380090498 0.671875 0.06108597285067873 0.04296875
0 0.7624434389140271 0.7734375 0.07692307692307693 0.05078125
0 0.580316742081448 0.79296875 0.06561085972850679 0.0625
0 0.5757918552036199 0.5927734375 0.083710407239819 0.060546875
0 0.6018099547511312 0.5224609375 0.05429864253393665 0.048828125
0 0.6142533936651584 0.4609375 0.05656108597285068 0.04296875
0 0.5328054298642534 0.4638671875 0.07013574660633484 0.056640625
0 0.47398190045248867 0.4580078125 0.06108597285067873 0.048828125
0 0.3891402714932127 0.5791015625 0.07239819004524888 0.048828125
0 0.5214932126696833 0.5283203125 0.04751131221719457 0.048828125
0 0.42194570135746606 0.7099609375 0.06561085972850679 0.056640625
0 0.829185520361991 0.5244140625 0.05656108597285068 0.052734375
0 0.501131221719457 0.375 0.07013574660633484 0.046875
0 0.2330316742081448 0.2158203125 0.05429864253393665 0.041015625
0 0.18099547511312217 0.267578125 0.06334841628959276 0.05859375
0 0.2703619909502262 0.4296875 0.11085972850678733 0.07421875