0 0.47068403908794787 0.2942708333333333 0.028908794788273615 0.05606617647058824
0 0.4343444625407166 0.46737132352941174 0.02707654723127036 0.05116421568627451
0 0.4859527687296417 0.6214767156862745 0.025244299674267102 0.03829656862745098
0 0.6686685667752443 0.6367953431372549 0.025447882736156353 0.043198529411764705
0 0.6449511400651465 0.7346813725490197 0.021986970684039087 0.04595588235294118
0 0.6246946254071661 0.7322303921568627 0.018526058631921825 0.03553921568627451
0 0.5875407166123778 0.6939338235294118 0.03216612377850163 0.04595588235294118
0 0.5849959283387622 0.7487745098039216 0.02707654723127036 0.04350490196078431
0 0.605150651465798 0.06510416666666667 0.02707654723127036 0.05606617647058824
0 0.5756311074918566 0.19607843137254902 0.028705211726384364 0.04840686274509804
0 0.6585912052117264 0.5857843137254902 0.021986970684039087 0.03308823529411765
0 0.6949307817589576 0.6914828431372549 0.016897394136807818 0.03553921568627451
0 0.6077972312703583 0.8072916666666666 0.035627035830618894 0.05330882352941176