0 0.7183483290488432 0.4039351851851852 0.02731362467866324 0.024305555555555556
0 0.7072622107969152 0.37181712962962965 0.04434447300771208 0.03125
0 0.661793059125964 0.4084201388888889 0.05173521850899743 0.04195601851851852
0 0.6261246786632391 0.3563368055555556 0.034383033419023136 0.030960648148148147
0 0.5583226221079691 0.4039351851851852 0.03695372750642673 0.028935185185185185
0 0.5298843187660668 0.43287037037037035 0.04434447300771208 0.03761574074074074
0 0.5976863753213367 0.42505787037037035 0.04691516709511568 0.03125
0 0.6063624678663239 0.4683159722222222 0.03470437017994859 0.04195601851851852
0 0.7553020565552699 0.5413773148148148 0.02731362467866324 0.024305555555555556
0 0.7602827763496144 0.5104166666666666 0.04177377892030849 0.024305555555555556
0 0.7972365038560412 0.4748263888888889 0.032133676092544985 0.03761574074074074
0 0.7491966580976864 0.6012731481481481 0.04916452442159383 0.028935185185185185
0 0.8157133676092545 0.5936053240740741 0.034383033419023136 0.035590277777777776
0 0.6642030848329049 0.5801504629629629 0.061696658097686374 0.03993055555555555