0 0.4461522801302932 0.31449142156862747 0.0372557003257329 0.07138480392156862
0 0.38355048859934854 0.5208333333333334 0.043973941368078175 0.0508578431372549
0 0.4496131921824104 0.5068933823529411 0.0372557003257329 0.05361519607843137
0 0.6568607491856677 0.28278186274509803 0.04580618892508143 0.05330882352941176
0 0.4859527687296417 0.5615808823529411 0.028908794788273615 0.04595588235294118
0 0.5256514657980456 0.6531862745098039 0.030537459283387622 0.0508578431372549
0 0.37510179153094464 0.6622242647058824 0.0372557003257329 0.06893382352941177
0 0.5011197068403909 0.8454350490196079 0.03888436482084691 0.05361519607843137
0 0.4537866449511401 0.15287990196078433 0.025244299674267102 0.04840686274509804
0 0.4157166123778502 0.39108455882352944 0.04071661237785016 0.040747549019607844
0 0.3844666123778502 0.42784926470588236 0.035627035830618894 0.0585171568627451
0 0.6153298045602605 0.2190563725490196 0.02707654723127036 0.04840686274509804
0 0.4199918566775244 0.5438112745098039 0.03216612377850163 0.0508578431372549
0 0.4149022801302932 0.6277573529411765 0.028908794788273615 0.03553921568627451
0 0.521478013029316 0.5551470588235294 0.042141693811074916 0.07904411764705882
0 0.5383754071661238 0.6037071078431373 0.025447882736156353 0.043198529411764705
0 0.4427931596091205 0.6049325980392157 0.02687296416938111 0.035845588235294115
0 0.4851384364820847 0.6672794117647058 0.033794788273615636 0.03799019607843137
0 0.49613192182410426 0.7068014705882353 0.021986970684039087 0.03553921568627451
0 0.4944014657980456 0.8059129901960784 0.025447882736156353 0.02542892156862745
0 0.5316571661237784 0.7550551470588235 0.03888436482084691 0.06096813725490196
0 0.5281962540716613 0.7015931372549019 0.025447882736156353 0.03553921568627451
0 0.5587337133550488 0.5105698529411765 0.035627035830618894 0.05606617647058824
0 0.5130293159609121 0.9116115196078431 0.028908794788273615 0.0585171568627451
0 0.5536441368078175 0.9333639705882353 0.035627035830618894 0.040747549019607844
0 0.41317182410423453 0.7856924019607843 0.03888436482084691 0.045649509803921566
0 0.4377035830618892 0.7766544117647058 0.04071661237785016 0.04840686274509804
0 0.3886400651465798 0.7282475490196079 0.033794788273615636 0.03308823529411765
0 0.30914087947882735 0.6277573529411765 0.023819218241042345 0.0661764705882353
0 0.38212540716612375 0.25949754901960786 0.035830618892508145 0.05514705882352941
0 0.4794381107491857 0.14368872549019607 0.01710097719869707 0.0392156862745098
0 0.5083469055374593 0.1210171568627451 0.026058631921824105 0.03799019607843137
0 0.3747964169381108 0.8219975490196079 0.030944625407166124 0.04534313725490196
0 0.3870114006514658 0.7987132352941176 0.02768729641693811 0.05024509803921569
0 0.3963762214983713 0.8955269607843137 0.023615635179153095 0.04044117647058824
0 0.37927524429967424 0.8667279411764706 0.03013029315960912 0.0392156862745098
0 0.42813517915309446 0.8354779411764706 0.028501628664495113 0.03308823529411765
0 0.431799674267101 0.6541053921568627 0.02280130293159609 0.030637254901960783
0 0.440757328990228 0.5664828431372549 0.02768729641693811 0.041666666666666664
0 0.37153908794788276 0.5658700980392157 0.026058631921824105 0.04044117647058824
0 0.40411237785016285 0.4543504901960784 0.026058631921824105 0.04044117647058824
0 0.3959690553745928 0.34650735294117646 0.029315960912052116 0.03308823529411765
0 0.38619706840390877 0.38756127450980393 0.02768729641693811 0.03676470588235294
0 0.6174674267100977 0.15410539215686275 0.035830618892508145 0.0428921568627451
0 0.67935667752443 0.19454656862745098 0.026058631921824105 0.0428921568627451
0 0.47577361563517917 0.20557598039215685 0.024429967426710098 0.04044117647058824
0 0.3625814332247557 0.48253676470588236 0.03420195439739414 0.03308823529411765
0 0.47577361563517917 0.7594975490196079 0.03257328990228013 0.04044117647058824
0 0.5523208469055375 0.6553308823529411 0.02768729641693811 0.04044117647058824
0 0.573086319218241 0.8416053921568627 0.023615635179153095 0.03308823529411765
0 0.566571661237785 0.8716299019607843 0.025244299674267102 0.029411764705882353
0 0.5686074918566775 0.8979779411764706 0.05211726384364821 0.03308823529411765
0 0.6024022801302932 0.8887867647058824 0.023615635179153095 0.04411764705882353
0 0.6036237785016286 0.921875 0.03420195439739414 0.02696078431372549
0 0.564942996742671 0.7288602941176471 0.033387622149837134 0.04779411764705882
0 0.4566368078175896 0.46170343137254904 0.04315960912052117 0.04779411764705882
0 0.42324918566775244 0.18412990196078433 0.021986970684039087 0.03676470588235294
0 0.44686482084690554 0.22947303921568626 0.028501628664495113 0.03431372549019608
0 0.4427931596091205 0.8765318627450981 0.041530944625407164 0.04411764705882353
0 0.4155130293159609 0.8857230392156863 0.021172638436482084 0.04534313725490196
0 0.47373778501628666 0.7907475490196079 0.025244299674267102 0.03676470588235294
0 0.4562296416938111 0.6914828431372549 0.03257328990228013 0.04411764705882353
0 0.4786237785016287 0.6314338235294118 0.03013029315960912 0.041666666666666664
0 0.5111970684039088 0.6130514705882353 0.02687296416938111 0.029411764705882353