0 0.4955357142857143 0.2904761904761905 0.04107142857142857 0.06666666666666667
0 0.5482142857142858 0.44285714285714284 0.05 0.06190476190476191
0 0.5607142857142857 0.24166666666666667 0.04285714285714286 0.05952380952380952
0 0.6464285714285715 0.575 0.05714285714285714 0.0880952380952381
0 0.7375 0.5142857142857142 0.04642857142857143 0.06666666666666667
0 0.7401785714285715 0.4261904761904762 0.05178571428571429 0.047619047619047616
0 0.8071428571428572 0.3892857142857143 0.03571428571428571 0.05
0 0.8464285714285714 0.4357142857142857 0.02857142857142857 0.047619047619047616
0 0.8767857142857143 0.36428571428571427 0.05 0.06190476190476191
0 0.8544642857142857 0.5404761904761904 0.033928571428571426 0.04285714285714286
0 0.9160714285714285 0.5857142857142857 0.04285714285714286 0.07142857142857142