0 0.6013817480719794 0.17881944444444445 0.06908740359897173 0.03993055555555555
0 0.6248393316195373 0.1378761574074074 0.05687660668380463 0.033275462962962965
0 0.538560411311054 0.10344328703703703 0.02699228791773779 0.035590277777777776
0 0.5224935732647815 0.21325231481481483 0.05912596401028278 0.03761574074074074
0 0.6778598971722365 0.2786458333333333 0.04916452442159383 0.04456018518518518
0 0.7183483290488432 0.33521412037037035 0.05687660668380463 0.04658564814814815
0 0.6789845758354756 0.22670717592592593 0.04691516709511568 0.033275462962962965
0 0.7392352185089974 0.20211226851851852 0.04916452442159383 0.04658564814814815
0 0.7405205655526992 0.25101273148148145 0.03181233933161954 0.019965277777777776
0 0.3009318766066838 0.3839699074074074 0.06394601542416452 0.05092592592592592
0 0.273939588688946 0.4205729166666667 0.04916452442159383 0.035590277777777776
0 0.21609897172236503 0.5814525462962963 0.03695372750642673 0.033275462962962965
0 0.2837403598971722 0.5879629629629629 0.05398457583547558 0.04224537037037037
0 0.29611182519280205 0.6533564814814815 0.04916452442159383 0.03530092592592592
0 0.3046272493573265 0.6899594907407407 0.04691516709511568 0.033275462962962965
0 0.2985218508997429 0.7254050925925926 0.04948586118251928 0.03761574074074074
0 0.28502570694087404 0.7553530092592593 0.032133676092544985 0.030960648148148147
0 0.33547557840616965 0.7586805555555556 0.01992287917737789 0.024305555555555556
0 0.40825835475578404 0.8674768518518519 0.03695372750642673 0.03761574074074074
0 0.4561375321336761 0.890625 0.04402313624678663 0.03125