0 0.5832368827160493 0.3482349537037037 0.013695987654320988 0.035590277777777776
0 0.5587384259259259 0.3684895833333333 0.028742283950617283 0.035590277777777776
0 0.5841049382716049 0.3812210648148148 0.018518518518518517 0.030381944444444444
0 0.6221064814814815 0.49291087962962965 0.02700617283950617 0.035590277777777776
0 0.5858410493827161 0.5298032407407407 0.02199074074074074 0.03298611111111111
0 0.5806327160493827 0.5562789351851852 0.02199074074074074 0.05063657407407408
0 0.552758487654321 0.5740740740740741 0.027199074074074073 0.045717592592592594
0 0.521508487654321 0.5577256944444444 0.01871141975308642 0.022858796296296297
0 0.5146604938271605 0.5868055555555556 0.018518518518518517 0.03530092592592592
0 0.5248842592592593 0.6083622685185185 0.02199074074074074 0.022858796296296297
0 0.552758487654321 0.6173321759259259 0.010223765432098766 0.035590277777777776
0 0.5705054012345679 0.6006944444444444 0.015239197530864198 0.027777777777777776
0 0.5020254629629629 0.6896701388888888 0.027199074074074073 0.022858796296296297
0 0.4825424382716049 0.7136863425925926 0.015239197530864198 0.015335648148148149
0 0.540991512345679 0.6782407407407407 0.010223765432098766 0.02025462962962963
0 0.566358024691358 0.6589988425925926 0.030478395061728395 0.04311342592592592
0 0.46305941358024694 0.3216145833333333 0.023726851851851853 0.04311342592592592
0 0.43431712962962965 0.2999131944444444 0.01678240740740741 0.035590277777777776
0 0.4402006172839506 0.2644675925925926 0.02199074074074074 0.04050925925925926
0 0.5426311728395061 0.3431712962962963 0.02700617283950617 0.06076388888888889
0 0.6027199074074074 0.42433449074074076 0.025270061728395063 0.05063657407407408
0 0.4876543209876543 0.6780960648148148 0.02546296296296296 0.030381944444444444