0 0.7516066838046273 0.5736400462962963 0.07390745501285347 0.044270833333333336
0 0.7172236503856041 0.6212384259259259 0.05912596401028278 0.04224537037037037
0 0.7159383033419023 0.7621527777777778 0.04177377892030849 0.05324074074074074
0 0.8229434447300771 0.6999421296296297 0.05912596401028278 0.04456018518518518
0 0.5731041131105399 0.6024305555555556 0.03695372750642673 0.03530092592592592
0 0.5422557840616966 0.64453125 0.04916452442159383 0.035590277777777776
0 0.5387210796915167 0.6932870370370371 0.02217223650385604 0.017939814814814815
0 0.5115681233933161 0.6909722222222222 0.04691516709511568 0.03993055555555555
0 0.4315552699228792 0.6202256944444444 0.03920308483290488 0.01765046296296296
0 0.6222686375321337 0.66015625 0.03695372750642673 0.044270833333333336
0 0.5743894601542416 0.7453703703703703 0.05430591259640103 0.03761574074074074