0 0.7130434782608696 0.08315217391304348 0.04057971014492753 0.05326086956521739
0 0.636231884057971 0.06467391304347826 0.028985507246376812 0.051086956521739134
0 0.55 0.1331521739130435 0.07681159420289856 0.03369565217391304
0 0.553623188405797 0.1733695652173913 0.028985507246376812 0.04673913043478261
0 0.6536231884057971 0.18532608695652175 0.09565217391304348 0.035869565217391305
0 0.5442028985507247 0.36684782608695654 0.036231884057971016 0.06630434782608696
0 0.22681159420289856 0.3027173913043478 0.05652173913043478 0.06195652173913044
0 0.2717391304347826 0.17771739130434783 0.08260869565217391 0.051086956521739134
0 0.3050724637681159 0.09728260869565217 0.059420289855072465 0.059782608695652176
0 0.3630434782608696 0.15706521739130436 0.06231884057971015 0.051086956521739134
0 0.20072463768115942 0.4027173913043478 0.07681159420289856 0.057608695652173914
0 0.06086956521739131 0.4146739130434783 0.043478260869565216 0.042391304347826085
0 0.20434782608695654 0.4592391304347826 0.057971014492753624 0.03369565217391304
0 0.09202898550724638 0.4940217391304348 0.07681159420289856 0.05543478260869565
0 0.3978260869565217 0.4668478260869565 0.06231884057971015 0.04891304347826087
0 0.3079710144927536 0.6320652173913044 0.06521739130434782 0.051086956521739134
0 0.4007246376811594 0.6527173913043478 0.06811594202898551 0.035869565217391305
0 0.5239130434782608 0.5385869565217392 0.04782608695652174 0.025
0 0.42028985507246375 0.5994565217391304 0.057971014492753624 0.04456521739130435
0 0.5072463768115942 0.5853260869565218 0.04927536231884058 0.04673913043478261
0 0.5615942028985508 0.6097826086956522 0.07101449275362319 0.07391304347826087
0 0.7630434782608696 0.5766304347826087 0.04782608695652174 0.05543478260869565
0 0.5804347826086956 0.4875 0.06521739130434782 0.04673913043478261
0 0.5920289855072464 0.5222826086956521 0.08260869565217391 0.05326086956521739
0 0.6007246376811595 0.5603260869565218 0.07101449275362319 0.05326086956521739
0 0.6789855072463769 0.5451086956521739 0.05652173913043478 0.042391304347826085
0 0.6992753623188406 0.35489130434782606 0.05652173913043478 0.03369565217391304
0 0.7456521739130435 0.41684782608695653 0.059420289855072465 0.05543478260869565
0 0.8514492753623188 0.3592391304347826 0.08260869565217391 0.0641304347826087
0 0.8514492753623188 0.23641304347826086 0.07681159420289856 0.06195652173913044
0 0.5028985507246376 0.2858695652173913 0.057971014492753624 0.03695652173913044
0 0.14492753623188406 0.26304347826086955 0.017391304347826087 0.008695652173913044
0 0.12318840579710146 0.2375 0.04927536231884058 0.051086956521739134
0 0.08768115942028985 0.2875 0.06811594202898551 0.057608695652173914
0 0.14565217391304347 0.33152173913043476 0.059420289855072465 0.04782608695652174
0 0.30869565217391304 0.3005434782608696 0.04927536231884058 0.035869565217391305
0 0.34130434782608693 0.3201086956521739 0.0391304347826087 0.042391304347826085
0 0.34855072463768116 0.2733695652173913 0.04782608695652174 0.04456521739130435
0 0.4166666666666667 0.20543478260869566 0.0536231884057971 0.034782608695652174
0 0.3898550724637681 0.36195652173913045 0.04927536231884058 0.034782608695652174
0 0.3072463768115942 0.4434782608695652 0.034782608695652174 0.02608695652173913
0 0.27246376811594203 0.4717391304347826 0.03768115942028986 0.03260869565217391
0 0.16376811594202897 0.4391304347826087 0.03768115942028986 0.034782608695652174
0 0.14855072463768115 0.39510869565217394 0.059420289855072465 0.03804347826086957
0 0.09057971014492754 0.3744565217391304 0.04782608695652174 0.04673913043478261
0 0.6579710144927536 0.41304347826086957 0.05507246376811594 0.04565217391304348
0 0.7318840579710145 0.48097826086956524 0.03768115942028986 0.029347826086956522
0 0.7485507246376811 0.5184782608695652 0.042028985507246375 0.030434782608695653
0 0.8282608695652174 0.4994565217391304 0.03333333333333333 0.02717391304347826
0 0.8927536231884058 0.41847826086956524 0.034782608695652174 0.02608695652173913
0 0.8963768115942029 0.4380434782608696 0.0391304347826087 0.02391304347826087
0 0.3181159420289855 0.5255434782608696 0.04782608695652174 0.03152173913043478
0 0.23840579710144927 0.5434782608695652 0.036231884057971016 0.02391304347826087
0 0.34492753623188405 0.5896739130434783 0.03188405797101449 0.03369565217391304
0 0.42318840579710143 0.5527173913043478 0.08115942028985507 0.04021739130434782
0 0.2543478260869565 0.6065217391304348 0.02753623188405797 0.034782608695652174
0 0.013768115942028985 0.46304347826086956 0.02753623188405797 0.03695652173913044
0 0.22681159420289856 0.3635869565217391 0.04782608695652174 0.04456521739130435
0 0.17246376811594202 0.5695652173913044 0.06956521739130435 0.05217391304347826
0 0.16376811594202897 0.47880434782608694 0.05217391304347826 0.03369565217391304
0 0.2210144927536232 0.6038043478260869 0.042028985507246375 0.03152173913043478
0 0.2536231884057971 0.5831521739130435 0.043478260869565216 0.025
0 0.3463768115942029 0.5472826086956522 0.057971014492753624 0.02717391304347826
0 0.6934782608695652 0.04021739130434782 0.042028985507246375 0.04565217391304348
0 0.758695652173913 0.14619565217391303 0.059420289855072465 0.04673913043478261