0 0.8057519280205655 0.6987847222222222 0.05430591259640103 0.03761574074074074
0 0.8341902313624678 0.5591724537037037 0.04177377892030849 0.04195601851851852
0 0.7392352185089974 0.8563368055555556 0.034383033419023136 0.04195601851851852
0 0.6494215938303342 0.8628472222222222 0.05141388174807198 0.03761574074074074
0 0.6630784061696658 0.9127604166666666 0.034383033419023136 0.044270833333333336
0 0.5669987146529563 0.9117476851851852 0.05430591259640103 0.05092592592592592
0 0.5187982005141388 0.9006076388888888 0.03695372750642673 0.028645833333333332
0 0.480719794344473 0.9116030092592593 0.03920308483290488 0.033275462962962965
0 0.4426413881748072 0.8951099537037037 0.06651670951156813 0.030960648148148147
0 0.42287917737789205 0.8518518518518519 0.02699228791773779 0.024305555555555556
0 0.3735539845758355 0.8783275462962963 0.05173521850899743 0.033275462962962965
0 0.37483933161953725 0.8375289351851852 0.039524421593830336 0.02228009259259259