0 0.44505141388174807 0.17332175925925927 0.05141388174807198 0.024305555555555556
0 0.4561375321336761 0.12789351851851852 0.08836760925449871 0.05324074074074074
0 0.5657133676092545 0.5292245370370371 0.06137532133676093 0.03530092592592592
0 0.5767994858611826 0.5836226851851852 0.04434447300771208 0.03761574074074074
0 0.4252892030848329 0.5337094907407407 0.05173521850899743 0.030960648148148147
0 0.8205334190231363 0.28530092592592593 0.034383033419023136 0.04456018518518518
0 0.9116323907455013 0.4027777777777778 0.02956298200514139 0.03993055555555555
0 0.7811696658097687 0.4483506944444444 0.06876606683804627 0.04658564814814815
0 0.7220437017994858 0.5480324074074074 0.04434447300771208 0.04224537037037037
0 0.7589974293059126 0.6689814814814815 0.06426735218508997 0.03993055555555555
0 0.6076478149100257 0.6644965277777778 0.04691516709511568 0.044270833333333336
0 0.596401028277635 0.7887731481481481 0.04434447300771208 0.03993055555555555
0 0.5804948586118251 0.9160879629629629 0.06137532133676093 0.05092592592592592
0 0.7959511568123393 0.8362268518518519 0.04948586118251928 0.03761574074074074
0 0.853952442159383 0.63671875 0.05173521850899743 0.04658564814814815
0 0.3737146529562982 0.2387152777777778 0.04691516709511568 0.03530092592592592
0 0.4240038560411311 0.4660011574074074 0.04916452442159383 0.055266203703703706
0 0.6993894601542416 0.43171296296296297 0.04209511568123393 0.03298611111111111
0 0.6833226221079691 0.7838541666666666 0.06973007712082262 0.06076388888888889
0 0.7244537275064268 0.6888020833333334 0.058804627249357325 0.0390625
0 0.4683483290488432 0.2371238425925926 0.04980719794344473 0.044849537037037035