0 0.38962082262210795 0.1300636574074074 0.06394601542416452 0.035590277777777776
0 0.43637532133676094 0.11458333333333333 0.05398457583547558 0.03530092592592592
0 0.4045629820051414 0.1589988425925926 0.05912596401028278 0.030960648148148147
0 0.39331619537275064 0.2065972222222222 0.056555269922879174 0.04224537037037037
0 0.31828406169665807 0.2298900462962963 0.05430591259640103 0.05758101851851852
0 0.44617609254498714 0.17997685185185186 0.04916452442159383 0.04224537037037037
0 0.5250642673521851 0.17896412037037038 0.02956298200514139 0.048900462962962965
0 0.5841902313624678 0.16550925925925927 0.05912596401028278 0.03993055555555555
0 0.8033419023136247 0.33521412037037035 0.04434447300771208 0.055266203703703706
0 0.7909704370179949 0.42607060185185186 0.04916452442159383 0.055266203703703706
0 0.8120179948586118 0.5846354166666666 0.04177377892030849 0.035590277777777776
0 0.8107326478149101 0.6302083333333334 0.04434447300771208 0.03761574074074074
0 0.8033419023136247 0.6766493055555556 0.04948586118251928 0.04658564814814815
0 0.7467866323907455 0.6788194444444444 0.04434447300771208 0.05092592592592592
0 0.6863753213367609 0.6190682870370371 0.056555269922879174 0.04658564814814815
0 0.6715938303341902 0.6699942129629629 0.061696658097686374 0.0685763888888889
0 0.6161632390745502 0.6423611111111112 0.05430591259640103 0.05324074074074074
0 0.5374357326478149 0.6488715277777778 0.06394601542416452 0.05758101851851852
0 0.5792095115681234 0.7089120370370371 0.05430591259640103 0.03993055555555555
0 0.5989717223650386 0.7698206018518519 0.06876606683804627 0.051215277777777776
0 0.6351221079691517 0.2261284722222222 0.057519280205655526 0.04311342592592592