0 0.5743894601542416 0.6799768518518519 0.04916452442159383 0.03993055555555555
0 0.6433161953727506 0.7831307870370371 0.04434447300771208 0.028645833333333332
0 0.6457262210796915 0.8285590277777778 0.034383033419023136 0.044270833333333336
0 0.6642030848329049 0.8828125 0.032133676092544985 0.04224537037037037
0 0.6222686375321337 0.9061053240740741 0.03695372750642673 0.035590277777777776
0 0.7244537275064268 0.8152488425925926 0.034383033419023136 0.044270833333333336
0 0.6887853470437018 0.7886284722222222 0.02731362467866324 0.048900462962962965
0 0.8120179948586118 0.7488425925925926 0.032133676092544985 0.03993055555555555
0 0.8378856041131105 0.5879629629629629 0.039524421593830336 0.03761574074074074
0 0.7602827763496144 0.6057581018518519 0.04177377892030849 0.04195601851851852
0 0.7909704370179949 0.6545138888888888 0.05430591259640103 0.03298611111111111
0 0.6518316195372751 0.9338831018518519 0.046593830334190234 0.02459490740740741