0 0.2011568123393316 0.10792824074074074 0.04177377892030849 0.03125
0 0.538560411311054 0.2942708333333333 0.032133676092544985 0.03993055555555555
0 0.6346401028277635 0.26548032407407407 0.056555269922879174 0.044270833333333336
0 0.4106683804627249 0.08564814814814815 0.04177377892030849 0.03993055555555555
0 0.5348650385604113 0.020399305555555556 0.06908740359897173 0.037905092592592594
0 0.6113431876606684 0.04152199074074074 0.05430591259640103 0.05758101851851852
0 0.18525064267352184 0.19010416666666666 0.034383033419023136 0.02662037037037037
0 0.2898457583547558 0.2743055555555556 0.04691516709511568 0.03993055555555555
0 0.24437660668380462 0.2387152777777778 0.04916452442159383 0.03993055555555555
0 0.2185089974293059 0.4007523148148148 0.04691516709511568 0.05324074074074074
0 0.3550771208226221 0.5081018518518519 0.04434447300771208 0.04224537037037037
0 0.26767352185089976 0.6400462962962963 0.07647814910025708 0.07523148148148148
0 0.14845758354755784 0.6180555555555556 0.02956298200514139 0.03993055555555555
0 0.06715938303341902 0.5869502314814815 0.04434447300771208 0.030960648148148147
0 0.1076478149100257 0.6212384259259259 0.02699228791773779 0.024305555555555556
0 0.22718508997429307 0.7598379629629629 0.05398457583547558 0.05324074074074074
0 0.09784704370179949 0.7453703703703703 0.04209511568123393 0.03761574074074074
0 0.14476221079691518 0.7798032407407407 0.03695372750642673 0.04456018518518518
0 0.09784704370179949 0.7997685185185185 0.03181233933161954 0.03530092592592592
0 0.052377892030848326 0.7232349537037037 0.04434447300771208 0.04195601851851852
0 0.043701799485861184 0.7731481481481481 0.04177377892030849 0.04456018518518518
0 0.12982005141388175 0.8540219907407407 0.04691516709511568 0.04195601851851852
0 0.22847043701799485 0.9361979166666666 0.056555269922879174 0.04658564814814815
0 0.32069408740359895 0.9117476851851852 0.01992287917737789 0.05092592592592592
0 0.20870822622107968 0.8806423611111112 0.05173521850899743 0.028645833333333332