0 0.29333333333333333 0.06666666666666667 0.06 0.05333333333333334
0 0.305 0.1622222222222222 0.06333333333333334 0.06666666666666667
0 0.305 0.22444444444444445 0.056666666666666664 0.057777777777777775
0 0.4066666666666667 0.11777777777777777 0.05333333333333334 0.06666666666666667
0 0.4066666666666667 0.19555555555555557 0.04 0.044444444444444446
0 0.47833333333333333 0.17555555555555555 0.05 0.06666666666666667
0 0.5666666666666667 0.24888888888888888 0.06 0.05333333333333334
0 0.48 0.29333333333333333 0.04 0.044444444444444446
0 0.5083333333333333 0.3022222222222222 0.03 0.06222222222222222
0 0.46 0.34444444444444444 0.05333333333333334 0.057777777777777775
0 0.44666666666666666 0.41333333333333333 0.06 0.07111111111111111
0 0.4216666666666667 0.45111111111111113 0.043333333333333335 0.057777777777777775
0 0.4 0.4777777777777778 0.04 0.06666666666666667
0 0.23833333333333334 0.4488888888888889 0.05 0.05333333333333334
0 0.33 0.6177777777777778 0.04 0.08
0 0.39 0.5622222222222222 0.05333333333333334 0.06666666666666667
0 0.585 0.6622222222222223 0.056666666666666664 0.07111111111111111
0 0.61 0.7266666666666667 0.05333333333333334 0.06666666666666667
0 0.6483333333333333 0.8377777777777777 0.03666666666666667 0.07555555555555556
0 0.425 0.8066666666666666 0.03666666666666667 0.06666666666666667
0 0.7066666666666667 0.5088888888888888 0.06 0.08444444444444445
0 0.7566666666666667 0.24 0.04 0.06222222222222222
0 0.645 0.4622222222222222 0.056666666666666664 0.06222222222222222
0 0.5733333333333334 0.4311111111111111 0.05333333333333334 0.05333333333333334
0 0.5616666666666666 0.3422222222222222 0.056666666666666664 0.08
0 0.5266666666666666 0.44222222222222224 0.03333333333333333 0.04
0 0.49833333333333335 0.4911111111111111 0.03666666666666667 0.057777777777777775
0 0.4683333333333333 0.49333333333333335 0.016666666666666666 0.05333333333333334
0 0.4633333333333333 0.5711111111111111 0.04666666666666667 0.057777777777777775
0 0.43333333333333335 0.6866666666666666 0.04 0.04888888888888889
0 0.5166666666666667 0.6933333333333334 0.05333333333333334 0.08
0 0.5316666666666666 0.6022222222222222 0.05 0.06666666666666667
0 0.5783333333333334 0.56 0.023333333333333334 0.044444444444444446
0 0.6166666666666667 0.5311111111111111 0.04 0.04888888888888889
0 0.31666666666666665 0.4911111111111111 0.03333333333333333 0.06666666666666667
0 0.355 0.41555555555555557 0.05 0.057777777777777775
0 0.35833333333333334 0.35777777777777775 0.056666666666666664 0.06666666666666667
0 0.36333333333333334 0.2733333333333333 0.05333333333333334 0.06666666666666667
0 0.53 0.8222222222222222 0.04 0.08888888888888889
0 0.6383333333333333 0.5866666666666667 0.03 0.044444444444444446
0 0.6166666666666667 0.8444444444444444 0.04 0.06222222222222222
0 0.7033333333333334 0.39111111111111113 0.04666666666666667 0.044444444444444446
0 0.5783333333333334 0.09333333333333334 0.03666666666666667 0.035555555555555556
0 0.5166666666666667 0.11777777777777777 0.03333333333333333 0.03111111111111111
0 0.5266666666666666 0.14666666666666667 0.03333333333333333 0.035555555555555556
0 0.5166666666666667 0.18222222222222223 0.03333333333333333 0.035555555555555556
0 0.5983333333333334 0.14888888888888888 0.043333333333333335 0.04
0 0.6083333333333333 0.18 0.03666666666666667 0.04
0 0.46166666666666667 0.07555555555555556 0.03 0.035555555555555556
0 0.4766666666666667 0.12222222222222222 0.02666666666666667 0.03111111111111111
0 0.7816666666666666 0.8822222222222222 0.03666666666666667 0.04
0 0.7366666666666667 0.7733333333333333 0.04 0.06222222222222222
0 0.6916666666666667 0.8111111111111111 0.056666666666666664 0.04888888888888889
0 0.3566666666666667 0.6844444444444444 0.04 0.05333333333333334
0 0.33 0.7088888888888889 0.02666666666666667 0.04
0 0.44666666666666666 0.6244444444444445 0.03333333333333333 0.03111111111111111
0 0.54 0.5377777777777778 0.04666666666666667 0.05333333333333334
0 0.6283333333333333 0.30666666666666664 0.03 0.035555555555555556
0 0.6133333333333333 0.35333333333333333 0.03333333333333333 0.057777777777777775
0 0.545 0.022222222222222223 0.03666666666666667 0.035555555555555556
0 0.755 0.17777777777777778 0.03 0.044444444444444446
0 0.795 0.7822222222222223 0.03666666666666667 0.044444444444444446
0 0.815 0.8288888888888889 0.043333333333333335 0.04888888888888889