0 0.9386246786632391 0.5946180555555556 0.04434447300771208 0.05092592592592592
0 0.843991002570694 0.7220775462962963 0.08129820051413882 0.030960648148148147
0 0.6789845758354756 0.8295717592592593 0.09125964010282776 0.0642361111111111
0 0.6998714652956298 0.71875 0.09832904884318766 0.05555555555555555
0 0.7170629820051414 0.6666666666666666 0.06394601542416452 0.017939814814814815
0 0.7800449871465296 0.5979456018518519 0.06651670951156813 0.044270833333333336
0 0.559607969151671 0.9260706018518519 0.05430591259640103 0.035590277777777776
0 0.5472365038560412 0.7876157407407407 0.07904884318766067 0.05092592592592592
0 0.6274100257069408 0.7498553240740741 0.06651670951156813 0.037905092592592594
0 0.4240038560411311 0.6212384259259259 0.0935089974293059 0.04224537037037037
0 0.5472365038560412 0.2686631944444444 0.05912596401028278 0.033275462962962965
0 0.5165488431876607 0.29094328703703703 0.05173521850899743 0.033275462962962965
0 0.5694087403598972 0.12239583333333333 0.03920308483290488 0.03761574074074074
0 0.6740038560411311 0.1255787037037037 0.08129820051413882 0.05324074074074074
0 0.8292095115681234 0.3129340277777778 0.08129820051413882 0.033275462962962965
0 0.9042416452442159 0.35619212962962965 0.07390745501285347 0.03993055555555555
0 0.4019922879177378 0.3019386574074074 0.05398457583547558 0.033275462962962965
0 0.36632390745501286 0.3884548611111111 0.07133676092544987 0.037905092592592594
0 0.6346401028277635 0.9194155092592593 0.056555269922879174 0.01765046296296296
0 0.502892030848329 0.8728298611111112 0.06426735218508997 0.035590277777777776
0 0.8783740359897172 0.6401909722222222 0.09093830334190231 0.0842013888888889
0 0.843991002570694 0.6001157407407407 0.09607969151670952 0.05324074074074074