0 0.8350515463917526 0.3783783783783784 0.061855670103092786 0.06177606177606178
0 0.7783505154639175 0.30115830115830117 0.061855670103092786 0.03861003861003861
0 0.7525773195876289 0.361003861003861 0.09278350515463918 0.06563706563706563
0 0.6778350515463918 0.34942084942084944 0.04639175257731959 0.05019305019305019
0 0.6134020618556701 0.3667953667953668 0.05154639175257732 0.03088803088803089
0 0.6211340206185567 0.4247104247104247 0.04639175257731959 0.03088803088803089
0 0.5798969072164949 0.4092664092664093 0.03608247422680412 0.03088803088803089
0 0.5850515463917526 0.4575289575289575 0.04639175257731959 0.02702702702702703
0 0.595360824742268 0.4980694980694981 0.05670103092783505 0.04633204633204633
0 0.5283505154639175 0.4691119691119691 0.04639175257731959 0.03474903474903475
0 0.7809278350515464 0.528957528957529 0.06701030927835051 0.03088803088803089
0 0.7731958762886598 0.5733590733590733 0.061855670103092786 0.04247104247104247
0 0.6907216494845361 0.5135135135135135 0.030927835051546393 0.03088803088803089
0 0.6417525773195877 0.5308880308880309 0.04639175257731959 0.03474903474903475
0 0.6752577319587629 0.5617760617760618 0.030927835051546393 0.019305019305019305
0 0.6649484536082474 0.5907335907335908 0.05154639175257732 0.05405405405405406
0 0.5747422680412371 0.5984555984555985 0.05670103092783505 0.03861003861003861
0 0.5335051546391752 0.6332046332046332 0.05670103092783505 0.03088803088803089
0 0.5412371134020618 0.6583011583011583 0.041237113402061855 0.04247104247104247
0 0.615979381443299 0.6177606177606177 0.04639175257731959 0.03088803088803089
0 0.6881443298969072 0.6640926640926641 0.06701030927835051 0.023166023166023165
0 0.7087628865979382 0.694980694980695 0.04639175257731959 0.03861003861003861
0 0.7577319587628866 0.6853281853281853 0.061855670103092786 0.05791505791505792
0 0.8067010309278351 0.696911196911197 0.05670103092783505 0.03474903474903475
0 0.7216494845360825 0.747104247104247 0.041237113402061855 0.03474903474903475
0 0.6649484536082474 0.7316602316602316 0.041237113402061855 0.02702702702702703
0 0.5103092783505154 0.7432432432432432 0.061855670103092786 0.05019305019305019
0 0.4896907216494845 0.7027027027027027 0.05154639175257732 0.03861003861003861
0 0.6288659793814433 0.7606177606177607 0.030927835051546393 0.04633204633204633
0 0.6752577319587629 0.7818532818532818 0.041237113402061855 0.05791505791505792
0 0.711340206185567 0.8011583011583011 0.061855670103092786 0.05791505791505792
0 0.7757731958762887 0.7760617760617761 0.04639175257731959 0.05405405405405406