0 0.8144280205655527 0.28313078703703703 0.06137532133676093 0.048900462962962965
0 0.7848650385604113 0.36183449074074076 0.046593830334190234 0.037905092592592594
0 0.8107326478149101 0.4084201388888889 0.03920308483290488 0.04658564814814815
0 0.6911953727506427 0.36400462962962965 0.032133676092544985 0.03761574074074074
0 0.7035668380462725 0.17563657407407407 0.05687660668380463 0.03761574074074074
0 0.8746786632390745 0.390625 0.03920308483290488 0.03761574074074074
0 0.8881748071979434 0.5325520833333334 0.04177377892030849 0.037905092592592594
0 0.8500964010282777 0.5580150462962963 0.05430591259640103 0.044270833333333336
0 0.8687339331619537 0.5979456018518519 0.03695372750642673 0.02228009259259259
0 0.8661632390745502 0.6257233796296297 0.02217223650385604 0.019965277777777776
0 0.8341902313624678 0.6223958333333334 0.02699228791773779 0.04456018518518518
0 0.7479113110539846 0.6710069444444444 0.04209511568123393 0.03993055555555555
0 0.8033419023136247 0.6833043981481481 0.03920308483290488 0.04195601851851852
0 0.7392352185089974 0.7353877314814815 0.034383033419023136 0.01765046296296296
0 0.756426735218509 0.7541956018518519 0.05912596401028278 0.019965277777777776
0 0.7516066838046273 0.7743055555555556 0.06876606683804627 0.03761574074074074
0 0.6863753213367609 0.7365451388888888 0.04691516709511568 0.04195601851851852
0 0.7207583547557841 0.8074363425925926 0.04691516709511568 0.019965277777777776
0 0.7381105398457584 0.82421875 0.04177377892030849 0.02228009259259259
0 0.7220437017994858 0.8506944444444444 0.04948586118251928 0.02199074074074074
0 0.8329048843187661 0.8252314814814815 0.05398457583547558 0.03761574074074074
0 0.8857647814910026 0.8153935185185185 0.03695372750642673 0.02662037037037037
0 0.8292095115681234 0.8661747685185185 0.04209511568123393 0.02228009259259259
0 0.7946658097686375 0.8806423611111112 0.04177377892030849 0.02459490740740741
0 0.7651028277634961 0.890625 0.032133676092544985 0.03993055555555555
0 0.6505462724935732 0.9383680555555556 0.04916452442159383 0.05555555555555555
0 0.8009318766066839 0.7288773148148148 0.034383033419023136 0.03993055555555555