0 0.5611767100977199 0.5309436274509803 0.02707654723127036 0.0508578431372549
0 0.5705415309446255 0.5831801470588235 0.028705211726384364 0.03829656862745098
0 0.5875407166123778 0.6291360294117647 0.03216612377850163 0.043198529411764705
0 0.5003053745928339 0.6240808823529411 0.02707654723127036 0.04840686274509804
0 0.5071254071661238 0.6481311274509803 0.023615635179153095 0.020526960784313725
0 0.44523615635179153 0.6253063725490197 0.021986970684039087 0.03553921568627451
0 0.46060667752442996 0.6493566176470589 0.015268729641693811 0.02297794117647059
0 0.4748574918566775 0.6838235294117647 0.0372557003257329 0.030637254901960783
0 0.4816775244299674 0.7182904411764706 0.023615635179153095 0.03829656862745098
0 0.4605048859934853 0.7221200980392157 0.011807817589576547 0.030637254901960783
0 0.44788273615635177 0.7602634803921569 0.02035830618892508 0.020526960784313725
0 0.47068403908794787 0.7794117647058824 0.021986970684039087 0.03308823529411765
0 0.49949104234527686 0.7423406862745098 0.035627035830618894 0.03553921568627451
0 0.5630089576547231 0.75 0.02707654723127036 0.03553921568627451
0 0.6356881107491856 0.7322303921568627 0.02015472312703583 0.04595588235294118
0 0.5976180781758957 0.7627144607843137 0.012011400651465798 0.02542892156862745
0 0.6060667752442996 0.8020833333333334 0.035423452768729644 0.03308823529411765
0 0.5671824104234527 0.8213848039215687 0.035423452768729644 0.04595588235294118
0 0.581535016286645 0.8455882352941176 0.016897394136807818 0.04840686274509804
0 0.6162459283387622 0.8569240196078431 0.025244299674267102 0.0508578431372549
0 0.6187907166123778 0.8988970588235294 0.023819218241042345 0.04840686274509804
0 0.7549877850162866 0.8403799019607843 0.025447882736156353 0.06862745098039216
0 0.5248371335504886 0.8034620098039216 0.028908794788273615 0.035845588235294115
0 0.5257532573289903 0.8302696078431373 0.016897394136807818 0.028186274509803922
0 0.541836319218241 0.8569240196078431 0.025447882736156353 0.03553921568627451