0 0.7750642673521851 0.3884548611111111 0.056555269922879174 0.028645833333333332
0 0.8611825192802056 0.43721064814814814 0.04691516709511568 0.03298611111111111
0 0.40568766066838047 0.4129050925925926 0.05173521850899743 0.028935185185185185
0 0.45003213367609257 0.4548611111111111 0.03695372750642673 0.05092592592592592
0 0.3343508997429306 0.30859375 0.06651670951156813 0.051215277777777776
0 0.5152634961439588 0.3185763888888889 0.039524421593830336 0.03530092592592592
0 0.6370501285347043 0.32407407407407407 0.08129820051413882 0.05092592592592592
0 0.5533419023136247 0.5713252314814815 0.04691516709511568 0.030960648148148147
0 0.6211439588688946 0.6057581018518519 0.03470437017994859 0.028645833333333332
0 0.6579370179948586 0.6069155092592593 0.034383033419023136 0.05758101851851852
0 0.6961760925449871 0.6057581018518519 0.04209511568123393 0.037905092592592594
0 0.6789845758354756 0.6909722222222222 0.06619537275064268 0.05324074074074074
0 0.7491966580976864 0.6069155092592593 0.039524421593830336 0.030960648148148147
0 0.799646529562982 0.63671875 0.03695372750642673 0.04195601851851852
0 0.8883354755784062 0.6124131944444444 0.046593830334190234 0.04195601851851852
0 0.8796593830334191 0.6821469907407407 0.07872750642673522 0.044270833333333336
0 0.8181233933161953 0.6987847222222222 0.07904884318766067 0.028935185185185185
0 0.8033419023136247 0.7375578703703703 0.10347043701799485 0.05324074074074074
0 0.5559125964010283 0.8817997685185185 0.032133676092544985 0.02228009259259259
0 0.8500964010282777 0.6357060185185185 0.04916452442159383 0.04861111111111111
0 0.5767994858611826 0.8574942129629629 0.04948586118251928 0.030960648148148147
0 0.6335154241645244 0.8463541666666666 0.06394601542416452 0.03530092592592592
0 0.6482969151670951 0.8784722222222222 0.06394601542416452 0.028935185185185185
0 0.6531169665809768 0.9150752314814815 0.08836760925449871 0.035590277777777776
0 0.593991002570694 0.9027777777777778 0.07872750642673522 0.03761574074074074
0 0.5915809768637532 0.9438657407407407 0.06876606683804627 0.03993055555555555