0 0.722 0.02813852813852814 0.04 0.05194805194805195
0 0.726 0.08766233766233766 0.032 0.045454545454545456
0 0.548 0.15800865800865802 0.048 0.05194805194805195
0 0.504 0.2326839826839827 0.044 0.049783549783549784
0 0.405 0.2857142857142857 0.038 0.03463203463203463
0 0.401 0.24567099567099568 0.046 0.045454545454545456
0 0.365 0.48268398268398266 0.05 0.03896103896103896
0 0.456 0.5010822510822511 0.064 0.05411255411255411
0 0.417 0.553030303030303 0.038 0.032467532467532464
0 0.419 0.579004329004329 0.026 0.049783549783549784
0 0.447 0.5768398268398268 0.038 0.032467532467532464
0 0.396 0.6093073593073594 0.04 0.049783549783549784
0 0.334 0.6374458874458875 0.036 0.0367965367965368
0 0.28 0.6352813852813853 0.032 0.049783549783549784
0 0.408 0.6558441558441559 0.032 0.04329004329004329
0 0.385 0.6991341991341992 0.042 0.04329004329004329
0 0.296 0.7445887445887446 0.044 0.047619047619047616
0 0.454 0.6699134199134199 0.028 0.05411255411255411
0 0.502 0.6255411255411255 0.052 0.047619047619047616
0 0.505 0.6558441558441559 0.05 0.047619047619047616
0 0.507 0.7121212121212122 0.038 0.04329004329004329
0 0.578 0.6515151515151515 0.048 0.04329004329004329
0 0.573 0.6017316017316018 0.042 0.03896103896103896
0 0.744 0.5086580086580087 0.048 0.047619047619047616
0 0.549 0.79004329004329 0.022 0.03463203463203463
0 0.545 0.8679653679653679 0.042 0.04329004329004329
0 0.67 0.8885281385281385 0.04 0.0367965367965368
0 0.734 0.9329004329004329 0.056 0.03896103896103896
0 0.632 0.7922077922077922 0.036 0.03896103896103896
0 0.602 0.814935064935065 0.04 0.05411255411255411
0 0.453 0.16233766233766234 0.054 0.05194805194805195