0 0.7478125 0.5508333333333333 0.025625 0.03833333333333333
0 0.711875 0.54625 0.03375 0.034166666666666665
0 0.665 0.6245833333333334 0.0325 0.0225
0 0.63375 0.6629166666666667 0.03375 0.0225
0 0.64375 0.6875 0.02375 0.03666666666666667
0 0.5803125 0.65375 0.045625 0.04083333333333333
0 0.595 0.6795833333333333 0.02 0.015833333333333335
0 0.6 0.7054166666666667 0.03 0.0275
0 0.5490625 0.6883333333333334 0.030625 0.025
0 0.530625 0.6645833333333333 0.03375 0.035833333333333335
0 0.4840625 0.6966666666666667 0.021875 0.03166666666666667
0 0.501875 0.74375 0.0275 0.0275
0 0.530625 0.70875 0.04375 0.05583333333333333
0 0.488125 0.8070833333333334 0.0475 0.049166666666666664
0 0.540625 0.765 0.02 0.02
0 0.58125 0.7429166666666667 0.0375 0.0475
0 0.6090625 0.7483333333333333 0.011875 0.03166666666666667
0 0.635625 0.7708333333333334 0.03375 0.045
0 0.4953125 0.5308333333333334 0.040625 0.03833333333333333
0 0.5559375 0.7854166666666667 0.030625 0.020833333333333332
0 0.684375 0.6983333333333334 0.02375 0.03166666666666667
0 0.6609375 0.745 0.030625 0.043333333333333335
0 0.4121875 0.5058333333333334 0.030625 0.03
0 0.4046875 0.46291666666666664 0.021875 0.0525
0 0.439375 0.46625 0.03375 0.035833333333333335
0 0.34875 0.45625 0.0325 0.05583333333333333
0 0.4740625 0.24833333333333332 0.021875 0.03833333333333333
0 0.410625 0.1575 0.03375 0.045
0 0.4153125 0.08708333333333333 0.026875 0.04083333333333333
0 0.37 0.12916666666666668 0.02375 0.03333333333333333
0 0.3434375 0.07708333333333334 0.025625 0.024166666666666666
0 0.530625 0.57 0.02 0.045
0 0.5009375 0.47625 0.045625 0.06583333333333333
0 0.4534375 0.4066666666666667 0.031875 0.056666666666666664
0 0.6990625 0.5983333333333334 0.025625 0.03333333333333333
0 0.5278125 0.8275 0.021875 0.05
0 0.8096875 0.5454166666666667 0.030625 0.035833333333333335
0 0.78 0.5983333333333334 0.02875 0.04666666666666667
0 0.8521875 0.5895833333333333 0.030625 0.0475
0 0.868125 0.5554166666666667 0.03875 0.029166666666666667
0 0.726875 0.7166666666666667 0.03 0.058333333333333334
0 0.7646875 0.68625 0.035625 0.0425
0 0.7996875 0.6908333333333333 0.030625 0.075
0 0.7953125 0.63125 0.025625 0.035833333333333335
0 0.7809375 0.7708333333333334 0.040625 0.05
0 0.7471875 0.79 0.034375 0.043333333333333335
0 0.676875 0.65625 0.035 0.034166666666666665
0 0.7003125 0.8025 0.026875 0.03666666666666667
0 0.5759375 0.8945833333333333 0.030625 0.029166666666666667
0 0.42 0.57375 0.02625 0.0275
0 0.505625 0.35375 0.03375 0.0375
0 0.6128125 0.5666666666666667 0.029375 0.03666666666666667
0 0.6309375 0.63625 0.033125 0.034166666666666665
0 0.83375 0.6879166666666666 0.02875 0.060833333333333336
0 0.5059375 0.6725 0.028125 0.03666666666666667
0 0.52125 0.4241666666666667 0.04 0.03