0 0.1643637532133676 0.7298900462962963 0.03695372750642673 0.02459490740740741
0 0.22332904884318766 0.8030960648148148 0.056555269922879174 0.051215277777777776
0 0.2185089974293059 0.5946180555555556 0.032133676092544985 0.04224537037037037
0 0.26767352185089976 0.5402199074074074 0.032133676092544985 0.03993055555555555
0 0.24919665809768637 0.48813657407407407 0.034383033419023136 0.028935185185185185
0 0.527474293059126 0.5980902777777778 0.034383033419023136 0.03993055555555555
0 0.43525064267352187 0.49710648148148145 0.03181233933161954 0.03761574074074074
0 0.3921915167095116 0.4916087962962963 0.034383033419023136 0.02662037037037037
0 0.3823907455012853 0.4483506944444444 0.02956298200514139 0.028645833333333332
0 0.3341902313624679 0.8130787037037037 0.04177377892030849 0.02662037037037037
0 0.3737146529562982 0.8496817129629629 0.032133676092544985 0.028645833333333332