0 0.18567961165048544 0.4054307116104869 0.09466019417475728 0.03932584269662921
0 0.1953883495145631 0.31179775280898875 0.09466019417475728 0.06928838951310862
0 0.22936893203883496 0.25374531835205993 0.08009708737864078 0.04307116104868914
0 0.28519417475728154 0.5823970037453183 0.09951456310679611 0.06367041198501873
0 0.2949029126213592 0.6629213483146067 0.09466019417475728 0.056179775280898875
0 0.3179611650485437 0.7144194756554307 0.08737864077669903 0.04307116104868914
0 0.21237864077669902 0.701310861423221 0.07524271844660194 0.09176029962546817
0 0.45024271844660196 0.6947565543071161 0.07524271844660194 0.06741573033707865
0 0.41019417475728154 0.7574906367041199 0.10194174757281553 0.035580524344569285
0 0.5036407766990292 0.7949438202247191 0.06553398058252427 0.05056179775280899
0 0.6966019417475728 0.5140449438202247 0.024271844660194174 0.031835205992509365
0 0.46116504854368934 0.3408239700374532 0.1262135922330097 0.08239700374531835
0 0.49514563106796117 0.42602996254681647 0.0970873786407767 0.07303370786516854