0 0.29611182519280205 0.7686631944444444 0.06394601542416452 0.06221064814814815
0 0.3169987146529563 0.6511863425925926 0.046593830334190234 0.044270833333333336
0 0.4561375321336761 0.8408564814814815 0.058804627249357325 0.03761574074074074
0 0.6124678663239075 0.5648148148148148 0.032133676092544985 0.05324074074074074
0 0.6322300771208226 0.5247395833333334 0.06651670951156813 0.0708912037037037
0 0.6050771208226221 0.44719328703703703 0.02699228791773779 0.030960648148148147
0 0.5583226221079691 0.4505208333333333 0.03181233933161954 0.03298611111111111
0 0.559607969151671 0.5125868055555556 0.034383033419023136 0.033275462962962965
0 0.6568123393316195 0.4283854166666667 0.04691516709511568 0.04195601851851852
0 0.665327763496144 0.33521412037037035 0.01960154241645244 0.033275462962962965
0 0.7146529562982005 0.3229166666666667 0.05912596401028278 0.06655092592592593
0 0.7061375321336761 0.37398726851851855 0.05173521850899743 0.044270833333333336
0 0.6998714652956298 0.41391782407407407 0.06426735218508997 0.035590277777777776
0 0.7146529562982005 0.4483506944444444 0.02956298200514139 0.028645833333333332
0 0.7737789203084833 0.42173032407407407 0.03920308483290488 0.04195601851851852
0 0.7578727506426736 0.3684895833333333 0.03695372750642673 0.051215277777777776