0 0.35444743935309975 0.1461187214611872 0.05660377358490566 0.0730593607305936
0 0.4811320754716981 0.07990867579908675 0.06199460916442048 0.0776255707762557
0 0.6388140161725068 0.1917808219178082 0.05390835579514825 0.0730593607305936
0 0.5539083557951483 0.24885844748858446 0.04043126684636118 0.0593607305936073
0 0.5808625336927223 0.3881278538812785 0.04582210242587601 0.1004566210045662
0 0.5256064690026954 0.3995433789954338 0.07008086253369272 0.0867579908675799
0 0.46495956873315364 0.3744292237442922 0.05121293800539083 0.0547945205479452
0 0.38005390835579517 0.3538812785388128 0.03773584905660377 0.0502283105022831
0 0.33962264150943394 0.4315068493150685 0.03773584905660377 0.0867579908675799
0 0.28975741239892183 0.6027397260273972 0.05121293800539083 0.0639269406392694
0 0.47304582210242585 0.7922374429223744 0.04043126684636118 0.0958904109589041
0 0.5094339622641509 0.7442922374429224 0.05390835579514825 0.1187214611872146
0 0.4501347708894879 0.2876712328767123 0.05929919137466307 0.0639269406392694
0 0.49595687331536387 0.5707762557077626 0.05929919137466307 0.0821917808219178
0 0.3423180592991914 0.03424657534246575 0.0431266846361186 0.0593607305936073
0 0.42048517520215634 0.0365296803652968 0.04851752021563342 0.0639269406392694
0 0.3867924528301887 0.091324200913242 0.04043126684636118 0.0639269406392694
0 0.4353099730458221 0.1187214611872146 0.04043126684636118 0.0730593607305936
0 0.5256064690026954 0.1689497716894977 0.04851752021563342 0.0730593607305936
0 0.45956873315363883 0.1917808219178082 0.0673854447439353 0.0730593607305936
0 0.39622641509433965 0.22146118721461186 0.04851752021563342 0.0867579908675799
0 0.36522911051212936 0.2648401826484018 0.05121293800539083 0.091324200913242
0 0.31266846361185985 0.2694063926940639 0.07008086253369272 0.1004566210045662
0 0.2560646900269542 0.4315068493150685 0.0646900269541779 0.0867579908675799
0 0.3113207547169811 0.3835616438356164 0.06199460916442048 0.091324200913242
0 0.633423180592992 0.2625570776255708 0.08086253369272237 0.0958904109589041
0 0.5727762803234502 0.1735159817351598 0.09433962264150944 0.136986301369863
0 0.6320754716981132 0.045662100456621 0.05121293800539083 0.0821917808219178
0 0.7493261455525606 0.21689497716894976 0.05929919137466307 0.0958904109589041
0 0.3450134770889488 0.5114155251141552 0.0431266846361186 0.0730593607305936
0 0.4380053908355795 0.6415525114155252 0.0673854447439353 0.0776255707762557
0 0.4137466307277628 0.7009132420091324 0.04043126684636118 0.0684931506849315
0 0.38274932614555257 0.7168949771689498 0.07547169811320754 0.1004566210045662
0 0.34097035040431267 0.7191780821917808 0.06199460916442048 0.0958904109589041
0 0.2398921832884097 0.7077625570776256 0.04851752021563342 0.0730593607305936
0 0.1765498652291105 0.773972602739726 0.05660377358490566 0.0593607305936073
0 0.284366576819407 0.8949771689497716 0.05121293800539083 0.0547945205479452
0 0.3746630727762803 0.8584474885844748 0.05390835579514825 0.1278538812785388
0 0.42452830188679247 0.8127853881278538 0.04043126684636118 0.0821917808219178
0 0.46630727762803237 0.9474885844748858 0.05390835579514825 0.0867579908675799
0 0.09299191374663072 0.4406392694063927 0.04043126684636118 0.0684931506849315
0 0.1320754716981132 0.4726027397260274 0.0431266846361186 0.0776255707762557
0 0.23045822102425875 0.2785388127853881 0.05121293800539083 0.0730593607305936
0 0.2749326145552561 0.04794520547945205 0.026954177897574125 0.0502283105022831
0 0.2668463611859838 0.1552511415525114 0.0431266846361186 0.0639269406392694
0 0.1725067385444744 0.4703196347031963 0.03234501347708895 0.0639269406392694
0 0.25202156334231807 0.5251141552511416 0.05121293800539083 0.0730593607305936
0 0.14690026954177898 0.6917808219178082 0.04043126684636118 0.0502283105022831
0 0.3247978436657682 0.8082191780821918 0.04043126684636118 0.0639269406392694
0 0.29649595687331537 0.7899543378995434 0.026954177897574125 0.0547945205479452
0 0.6266846361185984 0.4748858447488584 0.029649595687331536 0.0639269406392694
0 0.5188679245283019 0.0182648401826484 0.05660377358490566 0.0365296803652968
0 0.633423180592992 0.8812785388127854 0.0431266846361186 0.0639269406392694
0 0.5700808625336927 0.9680365296803652 0.04582210242587601 0.0547945205479452
0 0.09299191374663072 0.8105022831050228 0.03504043126684636 0.0593607305936073
0 0.1752021563342318 0.8835616438356164 0.03234501347708895 0.0593607305936073
0 0.2628032345013477 0.9474885844748858 0.04582210242587601 0.0593607305936073
0 0.3692722371967655 0.9726027397260274 0.03773584905660377 0.045662100456621
0 0.5242587601078167 0.3287671232876712 0.04043126684636118 0.0639269406392694