0 0.480719794344473 0.24088541666666666 0.01992287917737789 0.044270833333333336
0 0.559607969151671 0.4105902777777778 0.039524421593830336 0.028935185185185185
0 0.40809768637532134 0.7065972222222222 0.032133676092544985 0.03530092592592592
0 0.4463367609254499 0.7287326388888888 0.03920308483290488 0.01765046296296296
0 0.421754498714653 0.7543402777777778 0.039524421593830336 0.024305555555555556
0 0.3737146529562982 0.7320601851851852 0.04177377892030849 0.03761574074074074
0 0.2800449871465296 0.7265625 0.04209511568123393 0.03530092592592592
0 0.28631105398457585 0.7575231481481481 0.04434447300771208 0.02662037037037037
0 0.3441516709511568 0.7919560185185185 0.04691516709511568 0.024305555555555556
0 0.38110539845758357 0.8375289351851852 0.02699228791773779 0.030960648148148147
0 0.3232647814910026 0.8318865740740741 0.04434447300771208 0.04224537037037037
0 0.5853149100257069 0.8927951388888888 0.03695372750642673 0.030960648148148147
0 0.5978470437017995 0.9250578703703703 0.03695372750642673 0.024305555555555556
0 0.3846401028277635 0.9317129629629629 0.04434447300771208 0.03761574074074074