0 0.3452763496143959 0.6888020833333334 0.02474293059125964 0.030960648148148147
0 0.43267994858611825 0.6699942129629629 0.05173521850899743 0.028645833333333332
0 0.4069730077120823 0.7044270833333334 0.039524421593830336 0.035590277777777776
0 0.3995822622107969 0.7332175925925926 0.034383033419023136 0.03993055555555555
0 0.37483933161953725 0.7486979166666666 0.039524421593830336 0.044270833333333336
0 0.4402313624678663 0.7864583333333334 0.04177377892030849 0.04456018518518518
0 0.49068123393316193 0.6811342592592593 0.02956298200514139 0.05092592592592592
0 0.527474293059126 0.7055844907407407 0.034383033419023136 0.04658564814814815
0 0.5657133676092545 0.7165798611111112 0.03695372750642673 0.04658564814814815
0 0.6433161953727506 0.66015625 0.02442159383033419 0.044270833333333336
0 0.5731041131105399 0.6090856481481481 0.03695372750642673 0.03530092592592592
0 0.2972365038560411 0.3175636574074074 0.056555269922879174 0.04658564814814815