0 0.694828990228013 0.2815563725490196 0.033794788273615636 0.0508578431372549
0 0.60189332247557 0.23314950980392157 0.06087133550488599 0.030637254901960783
0 0.5764454397394136 0.2942708333333333 0.0372557003257329 0.07138480392156862
0 0.5299267100977199 0.3272058823529412 0.03216612377850163 0.0661764705882353
0 0.4859527687296417 0.3400735294117647 0.05578175895765472 0.0661764705882353
0 0.5611767100977199 0.3503370098039216 0.0372557003257329 0.05606617647058824
0 0.5493688925081434 0.43045343137254904 0.050692182410423454 0.04840686274509804
0 0.5053949511400652 0.4496017156862745 0.03033387622149837 0.05606617647058824
0 0.4851384364820847 0.4635416666666667 0.030537459283387622 0.04350490196078431
0 0.4547027687296417 0.39231004901960786 0.0372557003257329 0.05361519607843137
0 0.4284405537459283 0.44577205882352944 0.035627035830618894 0.06862745098039216
0 0.432614006514658 0.5081188725490197 0.033794788273615636 0.035845588235294115
0 0.4520561889250814 0.5387561274509803 0.035627035830618894 0.05606617647058824
0 0.4876832247557003 0.5514705882352942 0.035627035830618894 0.0661764705882353
0 0.5138436482084691 0.5234375 0.05415309446254072 0.07628676470588236
0 0.551099348534202 0.4774816176470588 0.033794788273615636 0.05606617647058824
0 0.5552728013029316 0.5335477941176471 0.035627035830618894 0.040747549019607844
0 0.5925285016286646 0.4774816176470588 0.035627035830618894 0.07138480392156862
0 0.6314128664495114 0.42922794117647056 0.035627035830618894 0.0661764705882353
0 0.6720276872964169 0.4252450980392157 0.05252442996742671 0.04840686274509804
0 0.5781758957654723 0.6482843137254902 0.050895765472312705 0.0661764705882353
0 0.5079397394136808 0.5920649509803921 0.06270358306188925 0.05606617647058824
0 0.5570032573289903 0.7437193627450981 0.03908794788273615 0.06893382352941177
0 0.5985342019543974 0.6991421568627451 0.02035830618892508 0.03553921568627451
0 0.6086115635179153 0.7843137254901961 0.023819218241042345 0.04840686274509804
0 0.7608916938110749 0.6660539215686274 0.03399837133550489 0.03553921568627451
0 0.8142304560260586 0.6838235294117647 0.025447882736156353 0.03553921568627451
0 0.7177320846905537 0.7832414215686274 0.012011400651465798 0.02542892156862745
0 0.7270969055374593 0.8276654411764706 0.0372557003257329 0.07383578431372549
0 0.692385993485342 0.8353247549019608 0.021986970684039087 0.048100490196078434
0 0.7084690553745928 0.7487745098039216 0.04071661237785016 0.04350490196078431
0 0.7659812703583062 0.7322303921568627 0.050692182410423454 0.07659313725490197