0 0.8255141388174807 0.5237268518518519 0.04948586118251928 0.04224537037037037
0 0.7083868894601543 0.6799768518518519 0.05173521850899743 0.03125
0 0.7135282776349614 0.7377025462962963 0.05173521850899743 0.035590277777777776
0 0.6420308483290489 0.7065972222222222 0.04691516709511568 0.03530092592592592
0 0.6691838046272494 0.7731481481481481 0.05173521850899743 0.02662037037037037
0 0.6765745501285347 0.8030960648148148 0.046593830334190234 0.033275462962962965
0 0.618573264781491 0.7853009259259259 0.02956298200514139 0.028935185185185185
0 0.6359254498714653 0.8140914351851852 0.03920308483290488 0.033275462962962965
0 0.6211439588688946 0.8375289351851852 0.03470437017994859 0.030960648148148147
0 0.5989717223650386 0.8230613425925926 0.05398457583547558 0.037905092592592594
0 0.5533419023136247 0.8375289351851852 0.04691516709511568 0.044270833333333336
0 0.842866323907455 0.45167824074074076 0.02956298200514139 0.02662037037037037
0 0.7405205655526992 0.33405671296296297 0.03695372750642673 0.030960648148148147
0 0.5176735218508998 0.2621527777777778 0.05398457583547558 0.05092592592592592
0 0.4537275064267352 0.2554976851851852 0.05398457583547558 0.05092592592592592
0 0.38962082262210795 0.3307291666666667 0.034383033419023136 0.04224537037037037
0 0.39460154241645246 0.2643229166666667 0.04948586118251928 0.04658564814814815
0 0.4387853470437018 0.1644965277777778 0.04916452442159383 0.028645833333333332
0 0.47573907455012854 0.20225694444444445 0.04916452442159383 0.05092592592592592
0 0.5202442159383034 0.18229166666666666 0.04434447300771208 0.04224537037037037