0 0.8032915360501567 0.7981418918918919 0.029780564263322883 0.04560810810810811
0 0.8840125391849529 0.8125 0.025078369905956112 0.030405405405405407
0 0.46865203761755486 0.8006756756756757 0.06583072100313479 0.057432432432432436
0 0.2115987460815047 0.5422297297297297 0.06583072100313479 0.057432432432432436
0 0.2280564263322884 0.35219594594594594 0.03605015673981191 0.04560810810810811
0 0.2711598746081505 0.3927364864864865 0.04075235109717868 0.05574324324324324
0 0.3847962382445141 0.33783783783783783 0.05799373040752351 0.08108108108108109
0 0.2084639498432602 0.21114864864864866 0.07210031347962383 0.05405405405405406
0 0.10031347962382445 0.2204391891891892 0.05329153605015674 0.07939189189189189
0 0.07758620689655173 0.15287162162162163 0.07053291536050156 0.04560810810810811
0 0.20532915360501566 0.27449324324324326 0.06269592476489028 0.04222972972972973
0 0.17398119122257052 0.36993243243243246 0.06583072100313479 0.05405405405405406
0 0.10501567398119123 0.3547297297297297 0.050156739811912224 0.0472972972972973
0 0.15438871473354232 0.09121621621621621 0.07053291536050156 0.07094594594594594
0 0.1590909090909091 0.47550675675675674 0.07993730407523511 0.0625
0 0.33620689655172414 0.40625 0.054858934169279 0.052364864864864864
0 0.47648902821316613 0.5160472972972973 0.05956112852664577 0.05912162162162162
0 0.3432601880877743 0.2719594594594595 0.06896551724137931 0.07094594594594594