0 0.3724293059125964 0.5802951388888888 0.04434447300771208 0.035590277777777776
0 0.40825835475578404 0.9460358796296297 0.05173521850899743 0.035590277777777776
0 0.5361503856041131 0.9150752314814815 0.05687660668380463 0.05758101851851852
0 0.45726221079691515 0.25983796296296297 0.04177377892030849 0.04224537037037037
0 0.4143637532133676 0.2643229166666667 0.04916452442159383 0.055266203703703706
0 0.421754498714653 0.18778935185185186 0.039524421593830336 0.03993055555555555
0 0.4955012853470437 0.20442708333333334 0.04434447300771208 0.037905092592592594
0 0.46352827763496146 0.1412037037037037 0.04402313624678663 0.03125
0 0.23088046272493573 0.31741898148148145 0.05173521850899743 0.024305555555555556
0 0.193926735218509 0.3229166666666667 0.03181233933161954 0.02662037037037037
0 0.2247750642673522 0.34302662037037035 0.04916452442159383 0.030960648148148147
0 0.2185089974293059 0.390625 0.061696658097686374 0.03761574074074074
0 0.19746143958868895 0.4162326388888889 0.04916452442159383 0.01765046296296296
0 0.15697300771208225 0.4515335648148148 0.05687660668380463 0.044270833333333336
0 0.10154241645244216 0.42390046296296297 0.02956298200514139 0.028935185185185185
0 0.14829691516709512 0.5014467592592593 0.05430591259640103 0.024305555555555556
0 0.09302699228791773 0.5381944444444444 0.03695372750642673 0.02662037037037037
0 0.1089331619537275 0.5636574074074074 0.01992287917737789 0.028935185185185185
0 0.1532776349614396 0.5368923611111112 0.04948586118251928 0.033275462962962965
0 0.136086118251928 0.5636574074074074 0.04916452442159383 0.028935185185185185
0 0.14476221079691518 0.6100983796296297 0.05173521850899743 0.04658564814814815