0 0.9050724637681159 0.4092391304347826 0.07681159420289856 0.07934782608695652
0 0.6717391304347826 0.3798913043478261 0.07101449275362319 0.07065217391304347
0 0.6036231884057971 0.40054347826086956 0.0536231884057971 0.035869565217391305
0 0.5543478260869565 0.4266304347826087 0.050724637681159424 0.035869565217391305
0 0.5652173913043478 0.46141304347826084 0.02318840579710145 0.042391304347826085
0 0.6268115942028986 0.4668478260869565 0.0536231884057971 0.04021739130434782
0 0.6007246376811595 0.49130434782608695 0.04782608695652174 0.034782608695652174
0 0.7123188405797102 0.5103260869565217 0.07101449275362319 0.0641304347826087
0 0.6434782608695652 0.5244565217391305 0.05507246376811594 0.035869565217391305
0 0.6507246376811594 0.5722826086956522 0.05217391304347826 0.042391304347826085
0 0.6891304347826087 0.5576086956521739 0.042028985507246375 0.043478260869565216
0 0.5572463768115942 0.571195652173913 0.05652173913043478 0.02717391304347826
0 0.563768115942029 0.6353260869565217 0.04927536231884058 0.04456521739130435
0 0.5195652173913043 0.6364130434782609 0.050724637681159424 0.042391304347826085
0 0.5253623188405797 0.6043478260869565 0.0391304347826087 0.034782608695652174
0 0.5398550724637681 0.6864130434782608 0.05652173913043478 0.06195652173913044
0 0.4956521739130435 0.7195652173913043 0.06086956521739131 0.04782608695652174
0 0.5108695652173914 0.7679347826086956 0.06231884057971015 0.05326086956521739
0 0.4369565217391304 0.7298913043478261 0.07391304347826087 0.059782608695652176
0 0.336231884057971 0.6461956521739131 0.03188405797101449 0.04021739130434782
0 0.3789855072463768 0.654891304347826 0.04782608695652174 0.035869565217391305
0 0.41304347826086957 0.678804347826087 0.03188405797101449 0.03369565217391304
0 0.3847826086956522 0.6201086956521739 0.02463768115942029 0.04021739130434782
0 0.40652173913043477 0.5983695652173913 0.05652173913043478 0.042391304347826085
0 0.46304347826086956 0.6353260869565217 0.03333333333333333 0.05326086956521739
0 0.44565217391304346 0.5554347826086956 0.05652173913043478 0.034782608695652174
0 0.5282608695652173 0.5396739130434782 0.06811594202898551 0.07065217391304347
0 0.5 0.4467391304347826 0.05217391304347826 0.034782608695652174
0 0.46304347826086956 0.5125 0.06811594202898551 0.03804347826086957
0 0.38333333333333336 0.5521739130434783 0.08550724637681159 0.06956521739130435
0 0.44855072463768114 0.4407608695652174 0.0391304347826087 0.05543478260869565
0 0.40217391304347827 0.4157608695652174 0.07681159420289856 0.04456521739130435
0 0.3492753623188406 0.42336956521739133 0.04057971014492753 0.059782608695652176
0 0.3601449275362319 0.3798913043478261 0.06231884057971015 0.04456521739130435
0 0.34202898550724636 0.3048913043478261 0.043478260869565216 0.03152173913043478
0 0.3978260869565217 0.28206521739130436 0.09130434782608696 0.05543478260869565
0 0.3079710144927536 0.48206521739130437 0.042028985507246375 0.03152173913043478
0 0.3978260869565217 0.45815217391304347 0.05652173913043478 0.06195652173913044
0 0.5202898550724637 0.4081521739130435 0.05217391304347826 0.03804347826086957
0 0.5833333333333334 0.7467391304347826 0.06231884057971015 0.0391304347826087
0 0.5797101449275363 0.808695652173913 0.05217391304347826 0.041304347826086954
0 0.5565217391304348 0.8266304347826087 0.05217391304347826 0.03804347826086957
0 0.5152173913043478 0.8315217391304348 0.04782608695652174 0.04565217391304348
0 0.6057971014492753 0.5934782608695652 0.057971014492753624 0.04565217391304348
0 0.4623188405797101 0.3673913043478261 0.05507246376811594 0.041304347826086954
0 0.3065217391304348 0.4282608695652174 0.05652173913043478 0.04565217391304348
0 0.3492753623188406 0.33315217391304347 0.0463768115942029 0.03369565217391304
0 0.3934782608695652 0.3532608695652174 0.06231884057971015 0.04782608695652174
0 0.5057971014492754 0.6847826086956522 0.06086956521739131 0.04565217391304348
0 0.7739130434782608 0.4385869565217391 0.06086956521739131 0.04891304347826087
0 0.42391304347826086 0.6440217391304348 0.0536231884057971 0.042391304347826085
0 0.7623188405797101 0.6277173913043478 0.06956521739130435 0.03369565217391304
0 0.6195652173913043 0.8603260869565217 0.06231884057971015 0.042391304347826085
0 0.8340579710144927 0.43478260869565216 0.07391304347826087 0.06739130434782609
0 0.8 0.4945652173913043 0.07536231884057971 0.043478260869565216