0 0.47332904884318766 0.28978587962962965 0.05912596401028278 0.02228009259259259
0 0.5287596401028277 0.28096064814814814 0.02731362467866324 0.02662037037037037
0 0.5633033419023136 0.2863136574074074 0.02699228791773779 0.033275462962962965
0 0.570694087403599 0.4006076388888889 0.032133676092544985 0.030960648148148147
0 0.31217866323907456 0.6001157407407407 0.03695372750642673 0.03993055555555555
0 0.24919665809768637 0.6932870370370371 0.034383033419023136 0.02662037037037037
0 0.352827763496144 0.7044270833333334 0.05912596401028278 0.044270833333333336
0 0.4008676092544987 0.7132523148148148 0.02217223650385604 0.02662037037037037
0 0.4574228791773779 0.6744791666666666 0.03695372750642673 0.028935185185185185
0 0.4291452442159383 0.6257233796296297 0.04916452442159383 0.02459490740740741
0 0.32937017994858614 0.7541956018518519 0.02699228791773779 0.033275462962962965
0 0.1643637532133676 0.6490162037037037 0.03695372750642673 0.03993055555555555