0 0.2964169381107492 0.38204656862745096 0.03216612377850163 0.03799019607843137
0 0.30914087947882735 0.3400735294117647 0.03399837133550489 0.030637254901960783
0 0.4563314332247557 0.31847426470588236 0.03033387622149837 0.03829656862745098
0 0.3125 0.49785539215686275 0.023615635179153095 0.04595588235294118
0 0.4867671009771987 0.5157781862745098 0.043973941368078175 0.05116421568627451
0 0.5299267100977199 0.4725796568627451 0.035423452768729644 0.040747549019607844
0 0.4402483713355049 0.5222120098039216 0.035627035830618894 0.03829656862745098
0 0.5764454397394136 0.5234375 0.03033387622149837 0.02542892156862745
0 0.6111563517915309 0.5551470588235294 0.035423452768729644 0.03308823529411765
0 0.4893118892508143 0.5920649509803921 0.03888436482084691 0.040747549019607844
0 0.5163884364820847 0.5831801470588235 0.03196254071661238 0.027879901960784315
0 0.520663680781759 0.6188725490196079 0.016897394136807818 0.04350490196078431
0 0.4935871335504886 0.6481311274509803 0.02707654723127036 0.035845588235294115
0 0.5147597719869706 0.6786151960784313 0.018526058631921825 0.0508578431372549
0 0.6272394136807817 0.5844056372549019 0.023615635179153095 0.02542892156862745
0 0.6382328990228013 0.6329656862745098 0.03908794788273615 0.0508578431372549
0 0.402992671009772 0.7346813725490197 0.03888436482084691 0.02022058823529412
0 0.5460097719869706 0.8213848039215687 0.050895765472312705 0.04595588235294118
0 0.5459079804560261 0.5641850490196079 0.02707654723127036 0.020526960784313725
0 0.5417345276872965 0.608609068627451 0.021986970684039087 0.03829656862745098
0 0.5629071661237784 0.6214767156862745 0.030537459283387622 0.03829656862745098
0 0.5840798045602605 0.6279105392156863 0.028908794788273615 0.040747549019607844
0 0.5908998371335505 0.5667892156862745 0.025447882736156353 0.030637254901960783
0 0.5324714983713354 0.6531862745098039 0.02707654723127036 0.03553921568627451
0 0.5646376221498371 0.6773897058823529 0.03399837133550489 0.04840686274509804
0 0.5291123778501629 0.6965379901960784 0.023615635179153095 0.035845588235294115
0 0.49949104234527686 0.7322303921568627 0.025447882736156353 0.03553921568627451
0 0.4191775244299674 0.8137254901960784 0.033794788273615636 0.04595588235294118
0 0.3929153094462541 0.788296568627451 0.035423452768729644 0.03553921568627451
0 0.3937296416938111 0.8327205882352942 0.033794788273615636 0.028186274509803922
0 0.4427931596091205 0.8506433823529411 0.030537459283387622 0.05361519607843137
0 0.4824918566775244 0.8722426470588235 0.05578175895765472 0.04595588235294118