0 0.34459459459459457 0.012195121951219513 0.08108108108108109 0.024390243902439025
0 0.33614864864864863 0.06097560975609756 0.05067567567567568 0.036585365853658534
0 0.3125 0.15701219512195122 0.057432432432432436 0.051829268292682924
0 0.23986486486486486 0.054878048780487805 0.060810810810810814 0.054878048780487805
0 0.22635135135135134 0.25914634146341464 0.0472972972972973 0.036585365853658534
0 0.19763513513513514 0.4451219512195122 0.05067567567567568 0.04878048780487805
0 0.27364864864864863 0.5060975609756098 0.033783783783783786 0.06097560975609756
0 0.34628378378378377 0.5015243902439024 0.05067567567567568 0.051829268292682924
0 0.3260135135135135 0.5487804878048781 0.057432432432432436 0.06707317073170732
0 0.26182432432432434 0.6097560975609756 0.057432432432432436 0.054878048780487805
0 0.3766891891891892 0.5823170731707317 0.04391891891891892 0.042682926829268296
0 0.5084459459459459 0.5320121951219512 0.05067567567567568 0.06402439024390244
0 0.30067567567567566 0.6844512195121951 0.0472972972972973 0.039634146341463415
0 0.6351351351351351 0.850609756097561 0.07432432432432433 0.04878048780487805
0 0.6993243243243243 0.5670731707317073 0.06756756756756757 0.042682926829268296
0 0.44256756756756754 0.041158536585365856 0.060810810810810814 0.0701219512195122
0 0.17905405405405406 0.2972560975609756 0.04054054054054054 0.06402439024390244
0 0.17229729729729729 0.3597560975609756 0.060810810810810814 0.04878048780487805
0 0.10135135135135136 0.4527439024390244 0.05405405405405406 0.08841463414634146
0 0.5219594594594594 0.625 0.07094594594594594 0.04878048780487805
0 0.42905405405405406 0.6707317073170732 0.05405405405405406 0.054878048780487805
0 0.4510135135135135 0.7225609756097561 0.07094594594594594 0.07926829268292683
0 0.5219594594594594 0.7713414634146342 0.09121621621621621 0.08536585365853659
0 0.5760135135135135 0.8780487804878049 0.057432432432432436 0.07317073170731707
0 0.5152027027027027 0.8902439024390244 0.05067567567567568 0.06707317073170732
0 0.3141891891891892 0.739329268292683 0.07432432432432433 0.039634146341463415
0 0.30236486486486486 0.8003048780487805 0.0777027027027027 0.06402439024390244
0 0.39864864864864863 0.7774390243902439 0.0945945945945946 0.054878048780487805
0 0.33952702702702703 0.8567073170731707 0.057432432432432436 0.06097560975609756
0 0.3885135135135135 0.8521341463414634 0.08783783783783784 0.06402439024390244
0 0.43074324324324326 0.8810975609756098 0.057432432432432436 0.06097560975609756
0 0.20270270270270271 0.6036585365853658 0.05405405405405406 0.042682926829268296
0 0.21283783783783783 0.5274390243902439 0.0472972972972973 0.08536585365853659
0 0.40878378378378377 0.5213414634146342 0.05405405405405406 0.042682926829268296
0 0.2516891891891892 0.42835365853658536 0.05067567567567568 0.03353658536585366
0 0.28209459459459457 0.4557926829268293 0.05067567567567568 0.03353658536585366
0 0.33614864864864863 0.4253048780487805 0.037162162162162164 0.03353658536585366
0 0.34290540540540543 0.4527439024390244 0.057432432432432436 0.027439024390243903
0 0.3260135135135135 0.3795731707317073 0.037162162162162164 0.03353658536585366
0 0.36317567567567566 0.3795731707317073 0.037162162162162164 0.03353658536585366
0 0.23986486486486486 0.3490853658536585 0.0472972972972973 0.039634146341463415
0 0.11655405405405406 0.37652439024390244 0.06418918918918919 0.04573170731707317
0 0.10641891891891891 0.3323170731707317 0.057432432432432436 0.054878048780487805
0 0.15202702702702703 0.2545731707317073 0.0472972972972973 0.039634146341463415
0 0.16554054054054054 0.5350609756097561 0.060810810810810814 0.057926829268292686
0 0.14358108108108109 0.4496951219512195 0.05067567567567568 0.051829268292682924
0 0.17736486486486486 0.6387195121951219 0.05067567567567568 0.04573170731707317
0 0.20270270270270271 0.6722560975609756 0.0472972972972973 0.039634146341463415
0 0.24155405405405406 0.6783536585365854 0.05067567567567568 0.057926829268292686
0 0.04560810810810811 0.5716463414634146 0.06418918918918919 0.051829268292682924
0 0.6148648648648649 0.5274390243902439 0.07432432432432433 0.07926829268292683
0 0.5591216216216216 0.47865853658536583 0.07094594594594594 0.07317073170731707
0 0.6233108108108109 0.7637195121951219 0.04391891891891892 0.039634146341463415
0 0.35135135135135137 0.6554878048780488 0.0945945945945946 0.10365853658536585
0 0.5929054054054054 0.7439024390243902 0.04391891891891892 0.036585365853658534
0 0.13006756756756757 0.6996951219512195 0.08445945945945946 0.14329268292682926