0 0.821818766066838 0.3917824074074074 0.02731362467866324 0.02199074074074074
0 0.7565874035989717 0.5979456018518519 0.039524421593830336 0.048900462962962965
0 0.7972365038560412 0.6744791666666666 0.032133676092544985 0.04224537037037037
0 0.7553020565552699 0.6788194444444444 0.02217223650385604 0.015625
0 0.7675128534704371 0.6932870370370371 0.02217223650385604 0.017939814814814815
0 0.7626928020565553 0.7087673611111112 0.03695372750642673 0.01765046296296296
0 0.7527313624678663 0.7265625 0.06651670951156813 0.02662037037037037
0 0.7589974293059126 0.7498553240740741 0.03920308483290488 0.019965277777777776
0 0.6924807197943444 0.7387152777777778 0.03920308483290488 0.03761574074074074
0 0.6555269922879178 0.7609953703703703 0.03920308483290488 0.028935185185185185
0 0.6542416452442159 0.7808159722222222 0.04177377892030849 0.019965277777777776
0 0.7146529562982005 0.7864583333333334 0.04434447300771208 0.02662037037037037
0 0.7183483290488432 0.8140914351851852 0.046593830334190234 0.033275462962962965
0 0.709672236503856 0.8385416666666666 0.034383033419023136 0.028935185185185185
0 0.6862146529562982 0.8618344907407407 0.03695372750642673 0.035590277777777776
0 0.6813946015424165 0.9039351851851852 0.02217223650385604 0.017939814814814815
0 0.6420308483290489 0.8884548611111112 0.02699228791773779 0.02228009259259259
0 0.7072622107969152 0.8939525462962963 0.03470437017994859 0.028645833333333332
0 0.7490359897172236 0.8541666666666666 0.02956298200514139 0.024305555555555556
0 0.7516066838046273 0.8839699074074074 0.04434447300771208 0.03530092592592592
0 0.8081619537275064 0.8651620370370371 0.04434447300771208 0.03761574074074074
0 0.8316195372750642 0.8385416666666666 0.04177377892030849 0.03298611111111111
0 0.8194087403598972 0.8009259259259259 0.032133676092544985 0.024305555555555556
0 0.7614074550128535 0.7721354166666666 0.04916452442159383 0.033275462962962965
0 0.8107326478149101 0.7776331018518519 0.04948586118251928 0.035590277777777776
0 0.331780205655527 0.5525173611111112 0.04209511568123393 0.033275462962962965
0 0.8107326478149101 0.3684895833333333 0.03920308483290488 0.028645833333333332
0 0.8390102827763496 0.34736689814814814 0.04177377892030849 0.035590277777777776
0 0.799646529562982 0.3064236111111111 0.046593830334190234 0.04224537037037037
0 0.7048521850899743 0.14221643518518517 0.034383033419023136 0.04658564814814815
0 0.7257390745501285 0.11009837962962964 0.04209511568123393 0.030960648148148147
0 0.5608933161953727 0.17679398148148148 0.05173521850899743 0.02662037037037037