0 0.6949275362318841 0.5918478260869565 0.042028985507246375 0.03369565217391304
0 0.6492753623188405 0.5929347826086957 0.04927536231884058 0.035869565217391305
0 0.6181159420289855 0.45217391304347826 0.036231884057971016 0.03260869565217391
0 0.7036231884057971 0.6483695652173913 0.08840579710144927 0.06195652173913044
0 0.6036231884057971 0.6809782608695653 0.059420289855072465 0.04673913043478261
0 0.5891304347826087 0.6641304347826087 0.059420289855072465 0.04782608695652174
0 0.558695652173913 0.6141304347826086 0.0536231884057971 0.01956521739130435
0 0.5195652173913043 0.6570652173913043 0.06811594202898551 0.04891304347826087
0 0.4673913043478261 0.657608695652174 0.04782608695652174 0.021739130434782608
0 0.4644927536231884 0.6309782608695652 0.04782608695652174 0.035869565217391305
0 0.47608695652173916 0.6016304347826087 0.059420289855072465 0.04021739130434782
0 0.40652173913043477 0.5755434782608696 0.06811594202898551 0.05326086956521739
0 0.43043478260869567 0.5353260869565217 0.02608695652173913 0.02717391304347826
0 0.4905797101449275 0.5255434782608696 0.059420289855072465 0.03804347826086957
0 0.4746376811594203 0.48206521739130437 0.05652173913043478 0.035869565217391305
0 0.39057971014492754 0.5331521739130435 0.059420289855072465 0.04456521739130435
0 0.37028985507246376 0.45706521739130435 0.06521739130434782 0.04673913043478261
0 0.4108695652173913 0.6429347826086956 0.0536231884057971 0.042391304347826085
0 0.40652173913043477 0.6853260869565218 0.06811594202898551 0.03369565217391304
0 0.4318840579710145 0.7146739130434783 0.0463768115942029 0.04891304347826087
0 0.47608695652173916 0.7135869565217391 0.059420289855072465 0.042391304347826085
0 0.5072463768115942 0.7184782608695652 0.04927536231884058 0.03695652173913044
0 0.5413043478260869 0.7331521739130434 0.04782608695652174 0.04021739130434782
0 0.6253623188405797 0.7505434782608695 0.07971014492753623 0.04021739130434782
0 0.5673913043478261 0.778804347826087 0.07101449275362319 0.05543478260869565
0 0.4260869565217391 0.34402173913043477 0.0463768115942029 0.05543478260869565
0 0.4644927536231884 0.29945652173913045 0.04782608695652174 0.059782608695652176
0 0.4514492753623188 0.25271739130434784 0.050724637681159424 0.04673913043478261
0 0.508695652173913 0.23423913043478262 0.034782608695652174 0.04456521739130435
0 0.5384057971014493 0.2559782608695652 0.0536231884057971 0.04456521739130435
0 0.5253623188405797 0.20054347826086957 0.050724637681159424 0.04021739130434782
0 0.5485507246376812 0.2217391304347826 0.05652173913043478 0.041304347826086954
0 0.5963768115942029 0.2184782608695652 0.050724637681159424 0.0391304347826087
0 0.5456521739130434 0.14402173913043478 0.04492753623188406 0.042391304347826085
0 0.5949275362318841 0.18641304347826088 0.059420289855072465 0.042391304347826085
0 0.6340579710144928 0.1875 0.050724637681159424 0.035869565217391305
0 0.6427536231884058 0.1375 0.06811594202898551 0.042391304347826085
0 0.677536231884058 0.21630434782608696 0.0536231884057971 0.0391304347826087
0 0.4891304347826087 0.7983695652173913 0.05652173913043478 0.03804347826086957
0 0.31521739130434784 0.6277173913043478 0.05652173913043478 0.04673913043478261
0 0.7289855072463768 0.2483695652173913 0.043478260869565216 0.03152173913043478
0 0.8144927536231884 0.25706521739130433 0.04927536231884058 0.02717391304347826
0 0.7804347826086957 0.24130434782608695 0.042028985507246375 0.03260869565217391
0 0.7384057971014493 0.21793478260869564 0.059420289855072465 0.02282608695652174
0 0.5478260869565217 0.46956521739130436 0.03768115942028986 0.0391304347826087
0 0.6108695652173913 0.7190217391304348 0.0536231884057971 0.03152173913043478
0 0.5014492753623189 0.8766304347826087 0.04057971014492753 0.029347826086956522
0 0.5202898550724637 0.8532608695652174 0.043478260869565216 0.021739130434782608
0 0.6043478260869565 0.5657608695652174 0.05507246376811594 0.04021739130434782
0 0.4528985507246377 0.5625 0.0391304347826087 0.02717391304347826
0 0.8195652173913044 0.1956521739130435 0.059420289855072465 0.03260869565217391
0 0.37318840579710144 0.6239130434782608 0.04782608695652174 0.034782608695652174
0 0.5731884057971014 0.4364130434782609 0.042028985507246375 0.02717391304347826
0 0.6072463768115942 0.6097826086956522 0.05507246376811594 0.034782608695652174
0 0.6855072463768116 0.7059782608695652 0.043478260869565216 0.042391304347826085
0 0.5702898550724638 0.2896739130434783 0.042028985507246375 0.03369565217391304
0 0.4927536231884058 0.3717391304347826 0.05507246376811594 0.03260869565217391
0 0.505072463768116 0.41358695652173916 0.050724637681159424 0.03369565217391304