0 0.18026992287917737 0.43952546296296297 0.04434447300771208 0.03761574074074074
0 0.17802056555269924 0.33304398148148145 0.02956298200514139 0.028935185185185185
0 0.5978470437017995 0.20775462962962962 0.03695372750642673 0.04456018518518518
0 0.1680591259640103 0.5370370370370371 0.03920308483290488 0.024305555555555556
0 0.15954370179948585 0.5601851851851852 0.03695372750642673 0.02662037037037037
0 0.14588688946015424 0.5924479166666666 0.03470437017994859 0.04658564814814815
0 0.1372107969151671 0.6179108796296297 0.04177377892030849 0.01765046296296296
0 0.17303984575835477 0.64453125 0.04916452442159383 0.030960648148148147
0 0.19762210796915167 0.5946180555555556 0.02956298200514139 0.024305555555555556
0 0.22348971722365038 0.6423611111111112 0.03695372750642673 0.02199074074074074
0 0.17287917737789202 0.7165798611111112 0.02956298200514139 0.04195601851851852
0 0.21240359897172237 0.7410300925925926 0.03920308483290488 0.03761574074074074
0 0.25674807197943444 0.6932870370370371 0.04434447300771208 0.03125
0 0.42159383033419023 0.6112557870370371 0.04434447300771208 0.035590277777777776
0 0.2985218508997429 0.7365451388888888 0.03920308483290488 0.037905092592592594
0 0.2887210796915167 0.7787905092592593 0.039524421593830336 0.033275462962962965
0 0.31587403598971725 0.8109085648148148 0.02956298200514139 0.044270833333333336
0 0.3587724935732648 0.8064236111111112 0.03695372750642673 0.03993055555555555
0 0.331780205655527 0.8418692129629629 0.02731362467866324 0.030960648148148147
0 0.32438946015424164 0.8751446759259259 0.05173521850899743 0.02228009259259259
0 0.5300449871465296 0.9515335648148148 0.04916452442159383 0.033275462962962965
0 0.603952442159383 0.9415509259259259 0.02474293059125964 0.02662037037037037
0 0.37612467866323906 0.7432002314814815 0.046593830334190234 0.037905092592592594
0 0.5559125964010283 0.9150752314814815 0.04691516709511568 0.044270833333333336