0 0.523939588688946 0.06365740740740741 0.05173521850899743 0.03530092592592592
0 0.3846401028277635 0.12340856481481481 0.05912596401028278 0.05758101851851852
0 0.5115681233933161 0.6666666666666666 0.04691516709511568 0.03125
0 0.4758997429305913 0.6290509259259259 0.04434447300771208 0.03993055555555555
0 0.4561375321336761 0.6954571759259259 0.06394601542416452 0.044270833333333336
0 0.3292095115681234 0.8451967592592593 0.03695372750642673 0.046296296296296294
0 0.502892030848329 0.8661747685185185 0.04434447300771208 0.044270833333333336
0 0.640745501285347 0.8308738425925926 0.02956298200514139 0.035590277777777776
0 0.07455012853470437 0.5924479166666666 0.014781491002570694 0.019965277777777776
0 0.27522493573264784 0.09678819444444445 0.05173521850899743 0.035590277777777776
0 0.30960796915167094 0.037037037037037035 0.06651670951156813 0.04861111111111111
0 0.21722365038560412 0.21325231481481483 0.03920308483290488 0.05092592592592592
0 0.11889460154241645 0.2365451388888889 0.04434447300771208 0.030960648148148147
0 0.11744858611825193 0.2874710648148148 0.03695372750642673 0.035590277777777776
0 0.13737146529562982 0.3185763888888889 0.03695372750642673 0.03530092592592592
0 0.19890745501285348 0.27980324074074076 0.07133676092544987 0.05960648148148148
0 0.2824550128534704 0.16782407407407407 0.04177377892030849 0.03125
0 0.1076478149100257 0.36400462962962965 0.056555269922879174 0.04224537037037037
0 0.08547557840616966 0.4095775462962963 0.056555269922879174 0.048900462962962965
0 0.18396529562982006 0.5258969907407407 0.02217223650385604 0.04195601851851852
0 0.18412596401028278 0.7099247685185185 0.056555269922879174 0.04195601851851852
0 0.1384961439588689 0.6345486111111112 0.04434447300771208 0.05092592592592592
0 0.37724935732647813 0.6278935185185185 0.04434447300771208 0.028935185185185185
0 0.37612467866323906 0.6656539351851852 0.03181233933161954 0.055266203703703706
0 0.14476221079691518 0.8352141203703703 0.06651670951156813 0.06626157407407407