0 0.33547557840616965 0.3940972222222222 0.03920308483290488 0.03993055555555555
0 0.2763496143958869 0.4184027777777778 0.04948586118251928 0.04456018518518518
0 0.62853470437018 0.1644965277777778 0.05398457583547558 0.02459490740740741
0 0.6359254498714653 0.26200810185185186 0.05912596401028278 0.0685763888888889
0 0.3035025706940874 0.6511863425925926 0.05430591259640103 0.030960648148148147
0 0.2985218508997429 0.6854745370370371 0.04434447300771208 0.028935185185185185
0 0.3513817480719794 0.6833043981481481 0.05173521850899743 0.037905092592592594
0 0.3563624678663239 0.71875 0.04691516709511568 0.028935185185185185
0 0.37853470437017994 0.7565104166666666 0.07133676092544987 0.051215277777777776
0 0.4069730077120823 0.6821469907407407 0.02474293059125964 0.044270833333333336
0 0.46963367609254497 0.7055844907407407 0.02731362467866324 0.04658564814814815
0 0.5041773778920309 0.6866319444444444 0.04691516709511568 0.03993055555555555
0 0.5165488431876607 0.7375578703703703 0.03695372750642673 0.05324074074074074