0 0.6037917737789203 0.3872974537037037 0.04434447300771208 0.044270833333333336
0 0.6224293059125964 0.5014467592592593 0.056555269922879174 0.03761574074074074
0 0.33676092544987146 0.27980324074074076 0.04177377892030849 0.05092592592592592
0 0.3809447300771208 0.3019386574074074 0.05173521850899743 0.07320601851851852
0 0.40938303341902316 0.15335648148148148 0.03470437017994859 0.03761574074074074
0 0.4794344473007712 0.7332175925925926 0.056555269922879174 0.05324074074074074
0 0.3735539845758355 0.8518518518518519 0.03695372750642673 0.046296296296296294
0 0.40568766066838047 0.8430266203703703 0.03181233933161954 0.04195601851851852
0 0.4498714652956298 0.8939525462962963 0.02699228791773779 0.028645833333333332
0 0.4893958868894602 0.9050925925925926 0.04177377892030849 0.05092592592592592
0 0.5459511568123393 0.9139178240740741 0.04691516709511568 0.055266203703703706
0 0.6272493573264781 0.8972800925925926 0.02699228791773779 0.03125