0 0.3 0.4965986394557823 0.07272727272727272 0.047619047619047616
0 0.19772727272727272 0.467687074829932 0.05909090909090909 0.05782312925170068
0 0.525 0.8435374149659864 0.07727272727272727 0.05442176870748299
0 0.9545454545454546 0.7772108843537415 0.07272727272727272 0.05102040816326531
0 0.8318181818181818 0.7482993197278912 0.08181818181818182 0.047619047619047616
0 0.8022727272727272 0.8724489795918368 0.09545454545454546 0.05782312925170068
0 0.5545454545454546 0.21428571428571427 0.06363636363636363 0.061224489795918366
0 0.25 0.1360544217687075 0.10909090909090909 0.08843537414965986
0 0.525 0.1326530612244898 0.09545454545454546 0.061224489795918366
0 0.7386363636363636 0.23639455782312926 0.10454545454545454 0.05782312925170068
0 0.5977272727272728 0.3129251700680272 0.09545454545454546 0.06802721088435375
0 0.7181818181818181 0.33503401360544216 0.1 0.0782312925170068
0 0.8318181818181818 0.36904761904761907 0.06363636363636363 0.05102040816326531
0 0.9136363636363637 0.4421768707482993 0.07272727272727272 0.07482993197278912
0 0.35 0.3486394557823129 0.1 0.0782312925170068
0 0.4318181818181818 0.38605442176870747 0.08181818181818182 0.07142857142857142
0 0.5022727272727273 0.3673469387755102 0.06818181818181818 0.05442176870748299
0 0.5909090909090909 0.40816326530612246 0.07272727272727272 0.05442176870748299
0 0.6431818181818182 0.4744897959183674 0.06818181818181818 0.03741496598639456
0 0.6431818181818182 0.5238095238095238 0.08636363636363636 0.06802721088435375
0 0.6477272727272727 0.6122448979591837 0.05909090909090909 0.05442176870748299
0 0.7113636363636363 0.6105442176870748 0.04090909090909091 0.04421768707482993
0 0.865909090909091 0.5935374149659864 0.05 0.05782312925170068
0 0.8886363636363637 0.6802721088435374 0.07727272727272727 0.04081632653061224
0 0.5977272727272728 0.7619047619047619 0.1318181818181818 0.08843537414965986
0 0.6795454545454546 0.6836734693877551 0.06818181818181818 0.04081632653061224
0 0.49318181818181817 0.6989795918367347 0.08636363636363636 0.05782312925170068
0 0.35909090909090907 0.6564625850340136 0.05454545454545454 0.034013605442176874
0 0.2409090909090909 0.5595238095238095 0.08181818181818182 0.05782312925170068
0 0.41363636363636364 0.5816326530612245 0.1 0.047619047619047616
0 0.48863636363636365 0.5680272108843537 0.05909090909090909 0.04081632653061224
0 0.5159090909090909 0.6224489795918368 0.07727272727272727 0.05442176870748299