0 0.2336206896551724 0.14285714285714285 0.07413793103448275 0.043758043758043756
0 0.25517241379310346 0.09974259974259975 0.07931034482758621 0.032175032175032175
0 0.3353448275862069 0.02574002574002574 0.08103448275862069 0.0489060489060489
0 0.2827586206896552 0.39317889317889315 0.06551724137931035 0.07078507078507079
0 0.4896551724137931 0.4453024453024453 0.03793103448275862 0.04633204633204633
0 0.4732758620689655 0.3404118404118404 0.05344827586206897 0.039897039897039896
0 0.2689655172413793 0.5353925353925354 0.06551724137931035 0.02574002574002574
0 0.41206896551724137 0.5907335907335908 0.04482758620689655 0.05662805662805663
0 0.46551724137931033 0.5444015444015444 0.03793103448275862 0.043758043758043756
0 0.5344827586206896 0.5353925353925354 0.06896551724137931 0.0489060489060489
0 0.5456896551724137 0.48584298584298585 0.05 0.04247104247104247
0 0.5594827586206896 0.4240669240669241 0.05344827586206897 0.039897039897039896
0 0.44655172413793104 0.44015444015444016 0.04827586206896552 0.043758043758043756
0 0.3887931034482759 0.39768339768339767 0.056896551724137934 0.036036036036036036
0 0.3853448275862069 0.4446589446589447 0.039655172413793106 0.039897039897039896
0 0.40344827586206894 0.35006435006435005 0.04482758620689655 0.04633204633204633
0 0.22155172413793103 0.4034749034749035 0.032758620689655175 0.03732303732303732
0 0.20603448275862069 0.315958815958816 0.0603448275862069 0.04504504504504504
0 0.2689655172413793 0.4974259974259974 0.06551724137931035 0.039897039897039896