0 0.508130081300813 0.46338912133891214 0.052845528455284556 0.060669456066945605
0 0.6422764227642277 0.4780334728033473 0.04878048780487805 0.056485355648535567
0 0.6686991869918699 0.2615062761506276 0.04878048780487805 0.05439330543933055
0 0.6626016260162602 0.34205020920502094 0.044715447154471545 0.056485355648535567
0 0.4684959349593496 0.5481171548117155 0.03861788617886179 0.03347280334728033
0 0.37398373983739835 0.5847280334728033 0.07317073170731707 0.03556485355648536
0 0.5721544715447154 0.549163179916318 0.03861788617886179 0.056485355648535567
0 0.43089430894308944 0.34205020920502094 0.036585365853658534 0.0397489539748954
0 0.25 0.22071129707112971 0.036585365853658534 0.04811715481171548
0 0.4806910569105691 0.1297071129707113 0.07113821138211382 0.06276150627615062
0 0.3384146341463415 0.1600418410041841 0.06300813008130081 0.056485355648535567