0 0.4475 0.43967828418230565 0.05 0.04825737265415549
0 0.395 0.43967828418230565 0.045 0.04289544235924933
0 0.5425 0.15281501340482573 0.06 0.05361930294906166
0 0.5325 0.0871313672922252 0.045 0.029490616621983913
0 0.57375 0.08579088471849866 0.0475 0.058981233243967826
0 0.5975 0.03753351206434316 0.055 0.021447721179624665
0 0.61375 0.09517426273458444 0.0175 0.040214477211796246
0 0.64375 0.08042895442359249 0.0225 0.0160857908847185
0 0.65125 0.10857908847184987 0.0325 0.03485254691689008
0 0.64625 0.040214477211796246 0.0375 0.032171581769437
0 0.67625 0.02546916890080429 0.0575 0.040214477211796246
0 0.74125 0.18230563002680966 0.0475 0.064343163538874
0 0.40875 0.6394101876675603 0.0275 0.029490616621983913
0 0.40625 0.6689008042895442 0.0525 0.040214477211796246
0 0.43875 0.7117962466487936 0.0325 0.05093833780160858
0 0.5025 0.6796246648793566 0.045 0.06702412868632708
0 0.545 0.6863270777479893 0.04 0.021447721179624665
0 0.555 0.7184986595174263 0.035 0.04289544235924933
0 0.60875 0.7050938337801609 0.0475 0.06970509383378017
0 0.65875 0.6528150134048257 0.0525 0.03485254691689008
0 0.71 0.7158176943699732 0.06 0.06970509383378017
0 0.69375 0.16621983914209115 0.0475 0.05361930294906166
0 0.7 0.10187667560321716 0.06 0.058981233243967826