0 0.8191489361702128 0.25888324873096447 0.05319148936170213 0.04060913705583756
0 0.8297872340425532 0.3197969543147208 0.06382978723404255 0.07106598984771574
0 0.776595744680851 0.36548223350253806 0.07446808510638298 0.06091370558375635
0 0.46808510638297873 0.16243654822335024 0.05319148936170213 0.050761421319796954
0 0.6037234042553191 0.12436548223350254 0.05851063829787234 0.05583756345177665
0 0.6542553191489362 0.10152284263959391 0.0425531914893617 0.04060913705583756
0 0.7180851063829787 0.15736040609137056 0.05319148936170213 0.04060913705583756
0 0.5053191489361702 0.233502538071066 0.06382978723404255 0.030456852791878174
0 0.5319148936170213 0.32741116751269034 0.05319148936170213 0.03553299492385787
0 0.5691489361702128 0.5076142131979695 0.0851063829787234 0.06091370558375635
0 0.4973404255319149 0.4796954314720812 0.047872340425531915 0.04568527918781726
0 0.5079787234042553 0.5355329949238579 0.05851063829787234 0.04568527918781726
0 0.43617021276595747 0.5583756345177665 0.05319148936170213 0.04060913705583756
0 0.4867021276595745 0.5812182741116751 0.047872340425531915 0.04568527918781726
0 0.7127659574468085 0.4619289340101523 0.05319148936170213 0.04060913705583756
0 0.7420212765957447 0.5101522842639594 0.05851063829787234 0.05583756345177665
0 0.6968085106382979 0.616751269035533 0.0851063829787234 0.05583756345177665
0 0.574468085106383 0.5761421319796954 0.0425531914893617 0.03553299492385787
0 0.6196808510638298 0.5964467005076142 0.03723404255319149 0.04568527918781726
0 0.574468085106383 0.631979695431472 0.06382978723404255 0.06598984771573604
0 0.523936170212766 0.7309644670050761 0.03723404255319149 0.050761421319796954
0 0.598404255319149 0.7309644670050761 0.05851063829787234 0.07106598984771574
0 0.6409574468085106 0.7157360406091371 0.047872340425531915 0.04060913705583756
0 0.699468085106383 0.7233502538071066 0.05851063829787234 0.05583756345177665
0 0.6223404255319149 0.8401015228426396 0.02127659574468085 0.04568527918781726
0 0.5851063829787234 0.8071065989847716 0.05319148936170213 0.050761421319796954
0 0.7712765957446809 0.9035532994923858 0.06382978723404255 0.07106598984771574
0 0.6542553191489362 0.5456852791878173 0.06382978723404255 0.05583756345177665
0 0.5053191489361702 0.6649746192893401 0.06382978723404255 0.06091370558375635
0 0.43351063829787234 0.48223350253807107 0.05851063829787234 0.04060913705583756
0 0.3776595744680851 0.434010152284264 0.07446808510638298 0.07614213197969544
0 0.4228723404255319 0.4035532994923858 0.05851063829787234 0.03553299492385787
0 0.425531914893617 0.44416243654822335 0.05319148936170213 0.05583756345177665
0 0.5319148936170213 0.4289340101522843 0.07446808510638298 0.04568527918781726
0 0.651595744680851 0.4137055837563452 0.05851063829787234 0.06598984771573604
0 0.6382978723404256 0.3477157360406091 0.0425531914893617 0.04568527918781726
0 0.7021276595744681 0.37817258883248733 0.031914893617021274 0.03553299492385787
0 0.7021276595744681 0.3299492385786802 0.05319148936170213 0.04060913705583756
0 0.6063829787234043 0.2893401015228426 0.06382978723404255 0.050761421319796954
0 0.6941489361702128 0.2639593908629442 0.0797872340425532 0.050761421319796954
0 0.5691489361702128 0.26649746192893403 0.05319148936170213 0.04568527918781726
0 0.4734042553191489 0.35279187817258884 0.05319148936170213 0.05583756345177665