0 0.809607969151671 0.5004340277777778 0.03695372750642673 0.048900462962962965
0 0.7429305912596401 0.5758101851851852 0.02699228791773779 0.02199074074074074
0 0.7615681233933161 0.5936053240740741 0.02956298200514139 0.02228009259259259
0 0.8081619537275064 0.6090856481481481 0.04434447300771208 0.03125
0 0.8451156812339332 0.6002604166666666 0.04434447300771208 0.030960648148148147
0 0.7737789203084833 0.6378761574074074 0.03470437017994859 0.030960648148148147
0 0.777474293059126 0.6744791666666666 0.04209511568123393 0.03761574074074074
0 0.7737789203084833 0.7087673611111112 0.02442159383033419 0.030960648148148147
0 0.730719794344473 0.6778067129629629 0.04691516709511568 0.044270833333333336
0 0.7083868894601543 0.7154224537037037 0.02217223650385604 0.01765046296296296
0 0.7602827763496144 0.7355324074074074 0.04177377892030849 0.03993055555555555
0 0.6987467866323908 0.6578414351851852 0.03695372750642673 0.048900462962962965
0 0.6850899742930592 0.7275752314814815 0.03920308483290488 0.04658564814814815
0 0.7122429305912596 0.7553530092592593 0.039524421593830336 0.044270833333333336
0 0.6126285347043702 0.6611689814814815 0.05173521850899743 0.07291666666666667
0 0.39460154241645246 0.32407407407407407 0.04948586118251928 0.04224537037037037
0 0.42287917737789205 0.23206018518518517 0.04177377892030849 0.05324074074074074
0 0.5669987146529563 0.19212962962962962 0.05430591259640103 0.03993055555555555
0 0.62853470437018 0.2199074074074074 0.05912596401028278 0.05555555555555555
0 0.737146529562982 0.6342592592592593 0.03534704370179949 0.03298611111111111
0 0.663560411311054 0.5727719907407407 0.036632390745501286 0.02806712962962963