0 0.5189332247557004 0.5042892156862745 0.030537459283387622 0.04350490196078431
0 0.3548452768729642 0.6035539215686274 0.013436482084690555 0.03308823529411765
0 0.49348534201954397 0.7284007352941176 0.033794788273615636 0.027879901960784315
0 0.49348534201954397 0.7590379901960784 0.02035830618892508 0.02297794117647059
0 0.5003053745928339 0.780484068627451 0.016897394136807818 0.02542892156862745
0 0.3878257328990228 0.8034620098039216 0.018729641693811076 0.02542892156862745
0 0.4546009771986971 0.7588848039215687 0.02035830618892508 0.05330882352941176
0 0.4546009771986971 0.8072916666666666 0.030537459283387622 0.03799019607843137
0 0.5925285016286646 0.7233455882352942 0.018526058631921825 0.05330882352941176
0 0.6137011400651465 0.6977634803921569 0.023819218241042345 0.03829656862745098
0 0.6753868078175895 0.6582414215686274 0.015268729641693811 0.02542892156862745
0 0.6914698697068404 0.6914828431372549 0.016897394136807818 0.03553921568627451
0 0.6890268729641694 0.7334558823529411 0.018526058631921825 0.03799019607843137
0 0.6525855048859935 0.7588848039215687 0.0372557003257329 0.05330882352941176
0 0.6111563517915309 0.7921262254901961 0.025244299674267102 0.03829656862745098
0 0.5274837133550488 0.6329656862745098 0.043973941368078175 0.0661764705882353
0 0.43098534201954397 0.7627144607843137 0.02035830618892508 0.040747549019607844
0 0.4072679153094462 0.7538296568627451 0.023819218241042345 0.03829656862745098
0 0.4182614006514658 0.8276654411764706 0.025447882736156353 0.05361519607843137
0 0.3918973941368078 0.6228553921568627 0.019543973941368076 0.03676470588235294
0 0.439128664495114 0.6890318627450981 0.03420195439739414 0.03676470588235294