0 0.20270270270270271 0.553623188405797 0.06177606177606178 0.03768115942028986
0 0.3252895752895753 0.5057971014492754 0.04054054054054054 0.03768115942028986
0 0.40444015444015446 0.5652173913043478 0.055984555984555984 0.03768115942028986
0 0.61003861003861 0.586231884057971 0.03861003861003861 0.036231884057971016
0 0.525096525096525 0.5731884057971014 0.06177606177606178 0.04782608695652174
0 0.5318532818532818 0.6340579710144928 0.059845559845559844 0.03333333333333333
0 0.5202702702702703 0.7405797101449275 0.059845559845559844 0.07246376811594203
0 0.4642857142857143 0.7391304347826086 0.0637065637065637 0.05217391304347826
0 0.48166023166023164 0.6413043478260869 0.08301158301158301 0.04492753623188406
0 0.6032818532818532 0.7543478260869565 0.059845559845559844 0.03333333333333333
0 0.6505791505791506 0.6985507246376812 0.04247104247104247 0.03768115942028986
0 0.7113899613899614 0.7152173913043478 0.055984555984555984 0.0391304347826087
0 0.7731660231660231 0.6797101449275362 0.032818532818532815 0.04927536231884058
0 0.8368725868725869 0.6666666666666666 0.04826254826254826 0.03768115942028986
0 0.7335907335907336 0.613768115942029 0.06563706563706563 0.06811594202898551
0 0.6505791505791506 0.5108695652173914 0.0694980694980695 0.06521739130434782
0 0.6708494208494209 0.5652173913043478 0.07142857142857142 0.0463768115942029
0 0.7519305019305019 0.5543478260869565 0.055984555984555984 0.03333333333333333
0 0.834942084942085 0.55 0.07528957528957529 0.050724637681159424
0 0.7113899613899614 0.45217391304347826 0.055984555984555984 0.0463768115942029
0 0.777992277992278 0.4420289855072464 0.06563706563706563 0.04057971014492753
0 0.5511583011583011 0.3507246376811594 0.10231660231660232 0.0463768115942029
0 0.6756756756756757 0.27318840579710146 0.07335907335907337 0.042028985507246375
0 0.5916988416988417 0.21521739130434783 0.04826254826254826 0.042028985507246375
0 0.5077220077220077 0.20942028985507247 0.06177606177606178 0.0391304347826087
0 0.5608108108108109 0.2492753623188406 0.055984555984555984 0.04057971014492753
0 0.6177606177606177 0.3 0.11196911196911197 0.03188405797101449
0 0.4295366795366795 0.2833333333333333 0.0945945945945946 0.042028985507246375
0 0.38223938223938225 0.34855072463768116 0.06563706563706563 0.042028985507246375
0 0.44015444015444016 0.3347826086956522 0.06563706563706563 0.03768115942028986
0 0.63996138996139 0.17318840579710146 0.0637065637065637 0.03333333333333333
0 0.4584942084942085 0.38115942028985506 0.04054054054054054 0.043478260869565216
0 0.3783783783783784 0.4 0.05791505791505792 0.043478260869565216
0 0.4247104247104247 0.4311594202898551 0.05019305019305019 0.02753623188405797
0 0.5086872586872587 0.4420289855072464 0.04054054054054054 0.02608695652173913
0 0.5241312741312741 0.47608695652173916 0.055984555984555984 0.042028985507246375
0 0.3861003861003861 0.48333333333333334 0.03861003861003861 0.03333333333333333
0 0.37258687258687256 0.5217391304347826 0.05405405405405406 0.04057971014492753
0 0.4555984555984556 0.5210144927536232 0.0694980694980695 0.050724637681159424
0 0.5762548262548263 0.42536231884057973 0.08301158301158301 0.059420289855072465
0 0.6534749034749034 0.40652173913043477 0.07142857142857142 0.07101449275362319
0 0.7017374517374517 0.3710144927536232 0.09073359073359073 0.043478260869565216
0 0.6023166023166023 0.4811594202898551 0.06177606177606178 0.05507246376811594
0 0.611003861003861 0.6507246376811594 0.06756756756756757 0.03188405797101449
0 0.5714285714285714 0.6884057971014492 0.06177606177606178 0.034782608695652174
0 0.4015444015444015 0.6797101449275362 0.11196911196911197 0.043478260869565216
0 0.3996138996138996 0.618840579710145 0.0694980694980695 0.0463768115942029
0 0.33204633204633205 0.6181159420289855 0.10038610038610038 0.042028985507246375
0 0.3137065637065637 0.768840579710145 0.0637065637065637 0.06811594202898551
0 0.4083011583011583 0.758695652173913 0.0637065637065637 0.042028985507246375
0 0.4314671814671815 0.8 0.04826254826254826 0.05507246376811594
0 0.38706563706563707 0.8181159420289855 0.07142857142857142 0.07391304347826087
0 0.9034749034749034 0.5927536231884057 0.05019305019305019 0.043478260869565216