0 0.6170634920634921 0.016597510373443983 0.07539682539682539 0.027662517289073305
0 0.16666666666666666 0.3367911479944675 0.06349206349206349 0.051175656984785614
0 0.03670634920634921 0.45435684647302904 0.05357142857142857 0.029045643153526972
0 0.06547619047619048 0.48409405255878285 0.05952380952380952 0.030428769017980636
0 0.05257936507936508 0.4045643153526971 0.07341269841269842 0.040110650069156296
0 0.683531746031746 0.5601659751037344 0.07341269841269842 0.06639004149377593
0 0.08928571428571429 0.6009681881051175 0.09523809523809523 0.04564315352697095
0 0.14682539682539683 0.58298755186722 0.08333333333333333 0.029045643153526972
0 0.9543650793650794 0.3008298755186722 0.08333333333333333 0.06224066390041494
0 0.566468253968254 0.3478561549100968 0.07738095238095238 0.07330567081604426
0 0.498015873015873 0.33955739972337484 0.12301587301587301 0.07330567081604426
0 0.4037698412698413 0.47925311203319504 0.12103174603174603 0.07330567081604426
0 0.24206349206349206 0.47925311203319504 0.10317460317460317 0.051175656984785614
0 0.22916666666666666 0.5380359612724758 0.06944444444444445 0.06639004149377593
0 0.18948412698412698 0.6307053941908713 0.08531746031746032 0.03872752420470263
0 0.16765873015873015 0.7261410788381742 0.10515873015873016 0.07192254495159059
0 0.2757936507936508 0.7143845089903181 0.0992063492063492 0.07330567081604426
0 0.30158730158730157 0.6424619640387276 0.1111111111111111 0.07330567081604426
0 0.05853174603174603 0.789073305670816 0.08928571428571429 0.06500691562932227
0 0.1865079365079365 0.7987551867219918 0.11904761904761904 0.06224066390041494
0 0.25 0.8457814661134163 0.1111111111111111 0.05394190871369295
0 0.3055555555555556 0.8858921161825726 0.09523809523809523 0.056708160442600276
0 0.38591269841269843 0.8478561549100968 0.10119047619047619 0.058091286307053944
0 0.3492063492063492 0.7959889349930843 0.06746031746031746 0.042876901798063624
0 0.3978174603174603 0.7593360995850622 0.08928571428571429 0.04426002766251729
0 0.49206349206349204 0.7814661134163209 0.05555555555555555 0.04979253112033195
0 0.4742063492063492 0.834716459197787 0.10714285714285714 0.0677731673582296
0 0.48908730158730157 0.6715076071922544 0.07341269841269842 0.0677731673582296
0 0.41865079365079366 0.7102351313969572 0.09126984126984126 0.048409405255878286
0 0.49007936507936506 0.6058091286307054 0.07539682539682539 0.05532503457814661
0 0.4117063492063492 0.6099585062240664 0.10515873015873016 0.06915629322268327
0 0.5833333333333334 0.6300138312586445 0.06349206349206349 0.03734439834024896
0 0.558531746031746 0.6659751037344398 0.09325396825396826 0.048409405255878286
0 0.5476190476190477 0.7199170124481328 0.10714285714285714 0.06224066390041494
0 0.6636904761904762 0.7323651452282157 0.09325396825396826 0.048409405255878286
0 0.6170634920634921 0.7842323651452282 0.10714285714285714 0.04426002766251729
0 0.7113095238095238 0.4322268326417704 0.07341269841269842 0.07330567081604426
0 0.6666666666666666 0.686030428769018 0.0873015873015873 0.05255878284923928
0 0.7896825396825397 0.4661134163208852 0.051587301587301584 0.06639004149377593
0 0.8511904761904762 0.46749654218533887 0.0873015873015873 0.05532503457814661
0 0.8382936507936508 0.37136929460580914 0.06547619047619048 0.056708160442600276
0 0.8878968253968254 0.359612724757953 0.07738095238095238 0.05532503457814661
0 0.8293650793650794 0.2835408022130014 0.09126984126984126 0.04149377593360996
0 0.9216269841269841 0.4598893499308437 0.041666666666666664 0.048409405255878286
0 0.9583333333333334 0.44744121715076074 0.06349206349206349 0.03734439834024896
0 0.8869047619047619 0.524896265560166 0.07936507936507936 0.07330567081604426
0 0.9454365079365079 0.5145228215767634 0.0496031746031746 0.04149377593360996
0 0.9672619047619048 0.5435684647302904 0.057539682539682536 0.03319502074688797
0 0.7906746031746031 0.5816044260027663 0.07341269841269842 0.05394190871369295
0 0.8551587301587301 0.6078838174273858 0.06349206349206349 0.029045643153526972
0 0.7817460317460317 0.636237897648686 0.0992063492063492 0.06085753803596127
0 0.7509920634920635 0.6673582295988935 0.057539682539682536 0.03734439834024896
0 0.8015873015873016 0.6970954356846473 0.09523809523809523 0.04426002766251729