0 0.4765625 0.500462962962963 0.030208333333333334 0.05462962962962963
0 0.3723958333333333 0.37083333333333335 0.035416666666666666 0.041666666666666664
0 0.44947916666666665 0.2912037037037037 0.030208333333333334 0.06944444444444445
0 0.4002604166666667 0.33935185185185185 0.050520833333333334 0.075
0 0.4427083333333333 0.45092592592592595 0.040625 0.08703703703703704
0 0.37734375 0.4337962962962963 0.025520833333333333 0.03611111111111111
0 0.38359375 0.5421296296296296 0.033854166666666664 0.08425925925925926
0 0.5778645833333333 0.2865740740740741 0.03697916666666667 0.06018518518518518
0 0.5661458333333333 0.36342592592592593 0.030208333333333334 0.06388888888888888
0 0.37994791666666666 0.6370370370370371 0.0203125 0.06296296296296296
0 0.40703125 0.6939814814814815 0.0234375 0.06944444444444445
0 0.4375 0.7226851851851852 0.030208333333333334 0.06574074074074074
0 0.47317708333333336 0.7185185185185186 0.03697916666666667 0.08703703703703704
0 0.44088541666666664 0.8310185185185185 0.033854166666666664 0.13240740740740742
0 0.3611979166666667 0.7652777777777777 0.033854166666666664 0.03611111111111111
0 0.3578125 0.712037037037037 0.027083333333333334 0.06296296296296296
0 0.396875 0.8356481481481481 0.030208333333333334 0.04537037037037037
0 0.365625 0.8416666666666667 0.04895833333333333 0.07592592592592592
0 0.3385416666666667 0.8375 0.03229166666666667 0.06018518518518518
0 0.31145833333333334 0.8087962962962963 0.03854166666666667 0.06944444444444445
0 0.37005208333333334 0.9259259259259259 0.04739583333333333 0.08703703703703704
0 0.3971354166666667 0.9458333333333333 0.04739583333333333 0.06018518518518518
0 0.47161458333333334 0.38564814814814813 0.0296875 0.05462962962962963
0 0.43359375 0.5731481481481482 0.03697916666666667 0.07407407407407407
0 0.45703125 0.6513888888888889 0.0203125 0.04537037037037037
0 0.43359375 0.6625 0.028645833333333332 0.04351851851851852
0 0.40182291666666664 0.7606481481481482 0.0296875 0.03611111111111111
0 0.3328125 0.700462962962963 0.020833333333333332 0.03981481481481482
0 0.496875 0.9018518518518519 0.023958333333333335 0.03888888888888889
0 0.5067708333333333 0.7152777777777778 0.023958333333333335 0.041666666666666664
0 0.4942708333333333 0.6611111111111111 0.03125 0.03888888888888889
0 0.3846354166666667 0.7046296296296296 0.025520833333333333 0.05740740740740741
0 0.5630208333333333 0.22175925925925927 0.019791666666666666 0.04537037037037037
0 0.32916666666666666 0.6527777777777778 0.026041666666666668 0.044444444444444446
0 0.30104166666666665 0.7324074074074074 0.0375 0.07777777777777778
0 0.40651041666666665 0.25972222222222224 0.022395833333333334 0.04722222222222222
0 0.4265625 0.12731481481481483 0.035416666666666666 0.05277777777777778
0 0.4973958333333333 0.2763888888888889 0.022916666666666665 0.03611111111111111
0 0.40130208333333334 0.6532407407407408 0.0203125 0.03425925925925926
0 0.3416666666666667 0.950462962962963 0.017708333333333333 0.03796296296296296
0 0.34869791666666666 0.9828703703703704 0.019270833333333334 0.032407407407407406
0 0.3067708333333333 0.6504629629629629 0.022916666666666665 0.03981481481481482
0 0.46328125 0.19074074074074074 0.019270833333333334 0.037037037037037035
0 0.4557291666666667 0.2351851851851852 0.026041666666666668 0.03888888888888889
0 0.44036458333333334 0.7787037037037037 0.0296875 0.037037037037037035
0 0.3640625 0.48148148148148145 0.030208333333333334 0.044444444444444446
0 0.38619791666666664 0.49398148148148147 0.0265625 0.04537037037037037
0 0.4127604166666667 0.4134259259259259 0.019270833333333334 0.03796296296296296
0 0.5041666666666667 0.1439814814814815 0.020833333333333332 0.03611111111111111
0 0.5200520833333333 0.17824074074074073 0.025520833333333333 0.041666666666666664
0 0.51796875 0.4111111111111111 0.019270833333333334 0.03333333333333333
0 0.5216145833333333 0.3013888888888889 0.0265625 0.03981481481481482
0 0.4739583333333333 0.5638888888888889 0.03125 0.05
0 0.41744791666666664 0.8078703703703703 0.022395833333333334 0.03611111111111111
0 0.49140625 0.6148148148148148 0.0140625 0.03148148148148148
0 0.36614583333333334 0.5976851851851852 0.020833333333333332 0.03425925925925926
0 0.40546875 0.624537037037037 0.022395833333333334 0.03425925925925926
0 0.4421875 0.38657407407407407 0.028125 0.03981481481481482
0 0.54140625 0.17962962962962964 0.021354166666666667 0.040740740740740744
0 0.43125 0.6300925925925925 0.026041666666666668 0.03425925925925926
0 0.39036458333333335 0.5907407407407408 0.022395833333333334 0.037037037037037035