0 0.5115681233933161 0.7453703703703703 0.012210796915167094 0.05092592592592592
0 0.4265745501285347 0.9283854166666666 0.04402313624678663 0.044270833333333336
0 0.48811053984575836 0.9205729166666666 0.02956298200514139 0.033275462962962965
0 0.5657133676092545 0.9082754629629629 0.04209511568123393 0.03993055555555555
0 0.6026670951156813 0.8551793981481481 0.03695372750642673 0.039641203703703706
0 0.6579370179948586 0.8540219907407407 0.04916452442159383 0.033275462962962965
0 0.6383354755784062 0.8263888888888888 0.05430591259640103 0.03530092592592592
0 0.6715938303341902 0.7864583333333334 0.056555269922879174 0.02199074074074074
0 0.7072622107969152 0.7719907407407407 0.03920308483290488 0.03761574074074074
0 0.7035668380462725 0.8563368055555556 0.02731362467866324 0.033275462962962965
0 0.7392352185089974 0.8629918981481481 0.05430591259640103 0.055266203703703706
0 0.8624678663239075 0.7265625 0.01992287917737789 0.04456018518518518
0 0.8920308483290489 0.6699942129629629 0.05398457583547558 0.028645833333333332
0 0.8920308483290489 0.6300636574074074 0.05912596401028278 0.04195601851851852
0 0.7872750642673522 0.6213831018518519 0.056555269922879174 0.033275462962962965
0 0.8600578406169666 0.5847800925925926 0.034383033419023136 0.013310185185185185
0 0.8303341902313625 0.5614872685185185 0.04434447300771208 0.033275462962962965
0 0.8635925449871465 0.5481770833333334 0.03695372750642673 0.033275462962962965
0 0.8883354755784062 0.5669849537037037 0.03181233933161954 0.030960648148148147
0 0.9362146529562982 0.5525173611111112 0.034383033419023136 0.033275462962962965
0 0.8933161953727506 0.5002893518518519 0.056555269922879174 0.03993055555555555