0 0.5676567656765676 0.15634218289085547 0.07920792079207921 0.07079646017699115
0 0.44224422442244227 0.5693215339233039 0.07260726072607261 0.035398230088495575
0 0.4372937293729373 0.38200589970501475 0.04950495049504951 0.05014749262536873
0 0.5396039603960396 0.6592920353982301 0.07590759075907591 0.05014749262536873
0 0.4752475247524752 0.6976401179941003 0.0594059405940594 0.06784660766961652
0 0.3448844884488449 0.5619469026548672 0.0627062706270627 0.061946902654867256
0 0.25577557755775576 0.46755162241887904 0.056105610561056105 0.05014749262536873
0 0.22442244224422442 0.7625368731563422 0.0594059405940594 0.05604719764011799
0 0.13036303630363036 0.7861356932153393 0.04950495049504951 0.05014749262536873
0 0.20462046204620463 0.8421828908554573 0.0462046204620462 0.05604719764011799
0 0.04950495049504951 0.32890855457227136 0.0462046204620462 0.05604719764011799
0 0.0924092409240924 0.5486725663716814 0.0462046204620462 0.058997050147492625
0 0.43564356435643564 0.23008849557522124 0.0924092409240924 0.07079646017699115
0 0.5066006600660066 0.27728613569321536 0.0627062706270627 0.06489675516224189
0 0.2722772277227723 0.22271386430678466 0.0891089108910891 0.061946902654867256
0 0.10561056105610561 0.24188790560471976 0.0924092409240924 0.06489675516224189
0 0.2590759075907591 0.34513274336283184 0.08250825082508251 0.05309734513274336
0 0.13696369636963696 0.4026548672566372 0.09570957095709572 0.07374631268436578
0 0.2145214521452145 0.5486725663716814 0.0594059405940594 0.05309734513274336
0 0.24422442244224424 0.6179941002949852 0.0924092409240924 0.06784660766961652
0 0.3432343234323432 0.5029498525073747 0.052805280528052806 0.05014749262536873
0 0.06105610561056106 0.6769911504424779 0.10891089108910891 0.12684365781710916
0 0.41089108910891087 0.7846607669616519 0.06930693069306931 0.06489675516224189
0 0.5445544554455446 0.8215339233038348 0.0924092409240924 0.061946902654867256
0 0.5412541254125413 0.7625368731563422 0.052805280528052806 0.04424778761061947
0 0.4966996699669967 0.9587020648967551 0.0627062706270627 0.07079646017699115
0 0.3333333333333333 0.35693215339233036 0.07920792079207921 0.06489675516224189
0 0.13861386138613863 0.13274336283185842 0.066006600660066 0.0471976401179941
0 0.28052805280528054 0.12536873156342182 0.10561056105610561 0.07964601769911504
0 0.052805280528052806 0.07227138643067847 0.0924092409240924 0.07964601769911504
0 0.523102310231023 0.4026548672566372 0.0429042904290429 0.04424778761061947
0 0.38283828382838286 0.29056047197640117 0.0462046204620462 0.038348082595870206
0 0.43234323432343236 0.29793510324483774 0.052805280528052806 0.029498525073746312
0 0.5264026402640264 0.21238938053097345 0.06930693069306931 0.0471976401179941
0 0.22937293729372937 0.40412979351032446 0.07590759075907591 0.0471976401179941
0 0.33003300330033003 0.6887905604719764 0.0462046204620462 0.04424778761061947
0 0.40594059405940597 0.7079646017699115 0.039603960396039604 0.035398230088495575
0 0.6221122112211221 0.7404129793510325 0.056105610561056105 0.0471976401179941
0 0.6122112211221122 0.7890855457227138 0.056105610561056105 0.05014749262536873
0 0.2739273927392739 0.855457227138643 0.052805280528052806 0.05309734513274336
0 0.22937293729372937 0.8908554572271387 0.04950495049504951 0.02359882005899705
0 0.23432343234323433 0.9174041297935103 0.0594059405940594 0.029498525073746312
0 0.16831683168316833 0.8952802359882006 0.0462046204620462 0.04424778761061947
0 0.16006600660066006 0.9646017699115044 0.056105610561056105 0.05309734513274336
0 0.07095709570957096 0.803834808259587 0.0429042904290429 0.038348082595870206
0 0.40264026402640263 0.4144542772861357 0.0594059405940594 0.05014749262536873
0 0.44224422442244227 0.1415929203539823 0.07260726072607261 0.0471976401179941
0 0.14356435643564355 0.724188790560472 0.04950495049504951 0.04424778761061947
0 0.16006600660066006 0.5339233038348082 0.056105610561056105 0.0471976401179941
0 0.10561056105610561 0.5 0.052805280528052806 0.032448377581120944
0 0.13861386138613863 0.4631268436578171 0.052805280528052806 0.035398230088495575
0 0.43399339933993397 0.016224188790560472 0.04950495049504951 0.032448377581120944
0 0.4900990099009901 0.10766961651917405 0.0627062706270627 0.038348082595870206
0 0.3234323432343234 0.02064896755162242 0.0462046204620462 0.04129793510324484
0 0.23432343234323433 0.048672566371681415 0.0594059405940594 0.038348082595870206
0 0.47194719471947194 0.03392330383480826 0.039603960396039604 0.038348082595870206
0 0.4504950495049505 0.06342182890855458 0.056105610561056105 0.038348082595870206
0 0.15676567656765678 0.34365781710914456 0.0429042904290429 0.038348082595870206
0 0.32673267326732675 0.29056047197640117 0.052805280528052806 0.05604719764011799
0 0.5478547854785478 0.017699115044247787 0.052805280528052806 0.035398230088495575
0 0.5676567656765676 0.2743362831858407 0.052805280528052806 0.0471976401179941
0 0.8333333333333334 0.7846607669616519 0.0627062706270627 0.05309734513274336
0 0.7095709570957096 0.7831858407079646 0.0594059405940594 0.061946902654867256
0 0.3085808580858086 0.6327433628318584 0.056105610561056105 0.05014749262536873