0 0.43396529562982006 0.23755787037037038 0.009961439588688946 0.03761574074074074
0 0.5361503856041131 0.2144097222222222 0.03695372750642673 0.017939814814814815
0 0.6113431876606684 0.6600115740740741 0.034383033419023136 0.02662037037037037
0 0.7453406169665809 0.6688368055555556 0.03695372750642673 0.030960648148148147
0 0.7159383033419023 0.7275752314814815 0.04691516709511568 0.033275462962962965
0 0.7022814910025706 0.7676504629629629 0.034383033419023136 0.04224537037037037
0 0.7098329048843187 0.8152488425925926 0.02956298200514139 0.048900462962962965
0 0.6346401028277635 0.7175925925925926 0.04177377892030849 0.03993055555555555
0 0.650706940874036 0.7719907407407407 0.05398457583547558 0.05555555555555555
0 0.4991966580976864 0.8606770833333334 0.05173521850899743 0.028645833333333332
0 0.4241645244215938 0.8828125 0.03920308483290488 0.05092592592592592