0 0.509375 0.26851851851851855 0.04895833333333333 0.04814814814814815
0 0.44609375 0.23842592592592593 0.033854166666666664 0.03611111111111111
0 0.4315104166666667 0.19907407407407407 0.028645833333333332 0.04814814814814815
0 0.39765625 0.2175925925925926 0.0390625 0.053703703703703705
0 0.50859375 0.17962962962962964 0.030729166666666665 0.03888888888888889
0 0.4036458333333333 0.30648148148148147 0.023958333333333335 0.03333333333333333
0 0.42916666666666664 0.33194444444444443 0.027083333333333334 0.03611111111111111
0 0.38177083333333334 0.29583333333333334 0.013541666666666667 0.030555555555555555
0 0.3182291666666667 0.3138888888888889 0.03229166666666667 0.04814814814814815
0 0.3020833333333333 0.37407407407407406 0.023958333333333335 0.02962962962962963
0 0.33098958333333334 0.36666666666666664 0.030729166666666665 0.03888888888888889
0 0.30807291666666664 0.4083333333333333 0.028645833333333332 0.03333333333333333
0 0.3299479166666667 0.40370370370370373 0.028645833333333332 0.04814814814814815
0 0.353125 0.4115740740740741 0.027083333333333334 0.032407407407407406
0 0.38515625 0.42962962962962964 0.030729166666666665 0.044444444444444446
0 0.36744791666666665 0.4564814814814815 0.028645833333333332 0.05740740740740741
0 0.34869791666666666 0.47453703703703703 0.022395833333333334 0.05092592592592592
0 0.3723958333333333 0.48055555555555557 0.029166666666666667 0.03888888888888889
0 0.37578125 0.5291666666666667 0.03177083333333333 0.04537037037037037
0 0.42890625 0.524537037037037 0.033854166666666664 0.05462962962962963
0 0.41484375 0.6101851851851852 0.0390625 0.05185185185185185
0 0.3731770833333333 0.5935185185185186 0.03697916666666667 0.04259259259259259
0 0.33515625 0.5273148148148148 0.028645833333333332 0.05462962962962963
0 0.30625 0.5347222222222222 0.03229166666666667 0.05092592592592592
0 0.2911458333333333 0.4898148148148148 0.021875 0.027777777777777776
0 0.2716145833333333 0.4537037037037037 0.0203125 0.03333333333333333
0 0.2760416666666667 0.5412037037037037 0.03229166666666667 0.05092592592592592
0 0.28203125 0.5740740740740741 0.0203125 0.044444444444444446
0 0.29973958333333334 0.5712962962962963 0.025520833333333333 0.05740740740740741
0 0.31302083333333336 0.4685185185185185 0.01875 0.03333333333333333
0 0.29375 0.43703703703703706 0.030208333333333334 0.04259259259259259
0 0.36380208333333336 0.3421296296296296 0.05572916666666667 0.06944444444444445
0 0.7419270833333333 0.42685185185185187 0.0234375 0.05740740740740741
0 0.75859375 0.4708333333333333 0.027604166666666666 0.05462962962962963
0 0.33255208333333336 0.5819444444444445 0.03697916666666667 0.06574074074074074
0 0.4041666666666667 0.375 0.023958333333333335 0.044444444444444446
0 0.5505208333333333 0.20555555555555555 0.027083333333333334 0.06666666666666667
0 0.7302083333333333 0.7018518518518518 0.026041666666666668 0.05925925925925926
0 0.6924479166666667 0.7768518518518519 0.034895833333333334 0.05
0 0.6302083333333334 0.7708333333333334 0.023958333333333335 0.049074074074074076
0 0.43359375 0.37407407407407406 0.033854166666666664 0.03333333333333333
0 0.6859375 0.40370370370370373 0.027083333333333334 0.06296296296296296
0 0.7799479166666666 0.6111111111111112 0.022395833333333334 0.05
0 0.69375 0.6398148148148148 0.036458333333333336 0.06666666666666667
0 0.7171875 0.5861111111111111 0.03854166666666667 0.07407407407407407
0 0.40078125 0.4875 0.030729166666666665 0.06944444444444445
0 0.44895833333333335 0.4388888888888889 0.03229166666666667 0.05
0 0.7638020833333333 0.6944444444444444 0.030729166666666665 0.053703703703703705
0 0.41328125 0.5606481481481481 0.0296875 0.04351851851851852
0 0.6877604166666667 0.6902777777777778 0.034895833333333334 0.04351851851851852
0 0.73125 0.7648148148148148 0.034375 0.044444444444444446