0 0.6211439588688946 0.4505208333333333 0.06876606683804627 0.04224537037037037
0 0.5780848329048843 0.4095775462962963 0.032133676092544985 0.044270833333333336
0 0.5311696658097687 0.40625 0.032133676092544985 0.04224537037037037
0 0.5102827763496144 0.37181712962962965 0.03920308483290488 0.04861111111111111
0 0.47075835475578404 0.3506944444444444 0.02956298200514139 0.028935185185185185
0 0.4537275064267352 0.3828125 0.02956298200514139 0.05324074074074074
0 0.5176735218508998 0.34085648148148145 0.03470437017994859 0.02662037037037037
0 0.5509318766066839 0.30859375 0.06137532133676093 0.015335648148148149
0 0.5461118251928021 0.35185185185185186 0.03695372750642673 0.03530092592592592
0 0.5804948586118251 0.35185185185185186 0.03181233933161954 0.03125
0 0.5804948586118251 0.3784722222222222 0.03695372750642673 0.02662037037037037
0 0.6322300771208226 0.3806423611111111 0.046593830334190234 0.044270833333333336
0 0.6298200514138818 0.34968171296296297 0.032133676092544985 0.035590277777777776
0 0.6026670951156813 0.3041087962962963 0.046593830334190234 0.05092592592592592
0 0.5411311053984575 0.2708333333333333 0.032133676092544985 0.03761574074074074
0 0.5139781491002571 0.28197337962962965 0.03695372750642673 0.051215277777777776
0 0.40809768637532134 0.28978587962962965 0.032133676092544985 0.035590277777777776
0 0.45983290488431877 0.3119212962962963 0.061696658097686374 0.03530092592592592
0 0.46095758354755784 0.2664930555555556 0.04916452442159383 0.04224537037037037
0 0.4685089974293059 0.20992476851851852 0.05912596401028278 0.035590277777777776
0 0.6322300771208226 0.5480324074074074 0.04209511568123393 0.028935185185185185
0 0.6383354755784062 0.5791377314814815 0.04916452442159383 0.037905092592592594
0 0.5435411311053985 0.5736400462962963 0.05687660668380463 0.05758101851851852
0 0.5189588688946015 0.4782986111111111 0.04691516709511568 0.05324074074074074
0 0.5053020565552699 0.5502025462962963 0.06908740359897173 0.04658564814814815
0 0.49421593830334193 0.5934606481481481 0.056555269922879174 0.03993055555555555
0 0.4463367609254499 0.5625 0.05912596401028278 0.03530092592592592
0 0.4180591259640103 0.6200810185185185 0.02699228791773779 0.02662037037037037
0 0.46095758354755784 0.6213831018518519 0.01960154241645244 0.019965277777777776
0 0.4832904884318766 0.6490162037037037 0.05912596401028278 0.03993055555555555
0 0.49180591259640105 0.6877893518518519 0.07165809768637532 0.05555555555555555
0 0.45983290488431877 0.7210648148148148 0.06619537275064268 0.05092592592592592
0 0.4893958868894602 0.7819733796296297 0.012210796915167094 0.01765046296296296
0 0.5804948586118251 0.7831307870370371 0.06651670951156813 0.04658564814814815
0 0.5608933161953727 0.7465277777777778 0.05173521850899743 0.03993055555555555
0 0.559607969151671 0.6833043981481481 0.034383033419023136 0.033275462962962965
0 0.5546272493573264 0.6180555555555556 0.04948586118251928 0.05324074074074074
0 0.6013817480719794 0.6079282407407407 0.06394601542416452 0.05555555555555555
0 0.6026670951156813 0.6600115740740741 0.07615681233933162 0.061921296296296294
0 0.5965616966580977 0.7065972222222222 0.05430591259640103 0.04861111111111111
0 0.4683483290488432 0.9095775462962963 0.06394601542416452 0.04658564814814815
0 0.6630784061696658 0.7586805555555556 0.04916452442159383 0.05092592592592592
0 0.7912917737789203 0.6656539351851852 0.04209511568123393 0.03211805555555555
0 0.3968508997429306 0.5719039351851852 0.030848329048843187 0.05179398148148148
0 0.4323586118251928 0.6655092592592593 0.03759640102827763 0.03587962962962963
0 0.7602827763496144 0.7588252314814815 0.03984575835475578 0.026909722222222224
0 0.6346401028277635 0.8327546296296297 0.04113110539845758 0.028935185185185185
0 0.4993573264781491 0.8651620370370371 0.02570694087403599 0.03587962962962963
0 0.5287596401028277 0.8655960648148148 0.03309768637532134 0.0390625
0 0.5530205655526992 0.8541666666666666 0.03534704370179949 0.027777777777777776
0 0.6555269922879178 0.6960358796296297 0.02313624678663239 0.030960648148148147
0 0.5025706940874036 0.4117476851851852 0.036632390745501286 0.03298611111111111
0 0.45003213367609257 0.13585069444444445 0.04209511568123393 0.033854166666666664
0 0.5337403598971723 0.7993344907407407 0.036632390745501286 0.024016203703703703
0 0.5048200514138818 0.7549189814814815 0.032133676092544985 0.041087962962962965
0 0.6778598971722365 0.6506076388888888 0.034383033419023136 0.04369212962962963
0 0.6749678663239075 0.6022858796296297 0.03759640102827763 0.026909722222222224
0 0.6000964010282777 0.5483217592592593 0.034383033419023136 0.03298611111111111
0 0.6760925449871465 0.8337673611111112 0.03534704370179949 0.03674768518518518