0 0.581780205655527 0.6102430555555556 0.04916452442159383 0.04224537037037037
0 0.7170629820051414 0.4184027777777778 0.04916452442159383 0.06655092592592593
0 0.7244537275064268 0.5502025462962963 0.04916452442159383 0.04658564814814815
0 0.7491966580976864 0.6090856481481481 0.039524421593830336 0.03993055555555555
0 0.6802699228791774 0.6312210648148148 0.05912596401028278 0.048900462962962965
0 0.6383354755784062 0.6678240740740741 0.058804627249357325 0.04224537037037037
0 0.5792095115681234 0.6944444444444444 0.039524421593830336 0.03761574074074074
0 0.5867609254498715 0.8075810185185185 0.02956298200514139 0.04224537037037037
0 0.6973007712082262 0.7688078703703703 0.04434447300771208 0.05324074074074074
0 0.8329048843187661 0.6877893518518519 0.05398457583547558 0.04224537037037037
0 0.8083226221079691 0.6401909722222222 0.04916452442159383 0.044270833333333336