0 0.5361503856041131 0.1456886574074074 0.06137532133676093 0.06221064814814815
0 0.4254498714652956 0.25752314814814814 0.056555269922879174 0.03761574074074074
0 0.432840616966581 0.21223958333333334 0.10089974293059126 0.06221064814814815
0 0.5004820051413882 0.22106481481481483 0.04916452442159383 0.02199074074074074
0 0.6457262210796915 0.2643229166666667 0.06908740359897173 0.04658564814814815
0 0.43525064267352187 0.2874710648148148 0.05173521850899743 0.048900462962962965
0 0.34286632390745503 0.25202546296296297 0.09383033419023136 0.03993055555555555
0 0.712082262210797 0.25766782407407407 0.04434447300771208 0.055266203703703706
0 0.7022814910025706 0.3152488425925926 0.06394601542416452 0.04658564814814815
0 0.7344151670951157 0.28978587962962965 0.039524421593830336 0.035590277777777776
0 0.7430912596401028 0.2165798611111111 0.05173521850899743 0.044270833333333336
0 0.777474293059126 0.21773726851851852 0.04209511568123393 0.055266203703703706
0 0.8255141388174807 0.22106481481481483 0.05398457583547558 0.05324074074074074
0 0.7898457583547558 0.28313078703703703 0.04691516709511568 0.044270833333333336
0 0.8304948586118251 0.3052662037037037 0.06394601542416452 0.02662037037037037
0 0.843991002570694 0.33188657407407407 0.07165809768637532 0.05787037037037037
0 0.8120179948586118 0.3541666666666667 0.056555269922879174 0.05324074074074074
0 0.777474293059126 0.37514467592592593 0.05687660668380463 0.02459490740740741
0 0.8205334190231363 0.3884548611111111 0.04916452442159383 0.051215277777777776
0 0.8550771208226221 0.36516203703703703 0.06426735218508997 0.05324074074074074
0 0.8870501285347043 0.4405381944444444 0.06394601542416452 0.07552083333333333
0 0.8390102827763496 0.42505787037037035 0.04691516709511568 0.04456018518518518
0 0.8255141388174807 0.4869791666666667 0.05398457583547558 0.06655092592592593
0 0.9154884318766067 0.5047743055555556 0.08611825192802057 0.06221064814814815
0 0.7946658097686375 0.5447048611111112 0.04177377892030849 0.044270833333333336
0 0.7676735218508998 0.5869502314814815 0.032133676092544985 0.035590277777777776
0 0.7761889460154242 0.6235532407407407 0.04916452442159383 0.0642361111111111
0 0.8402956298200515 0.5813078703703703 0.05912596401028278 0.0642361111111111
0 0.8353149100257069 0.6002604166666666 0.039524421593830336 0.06221064814814815
0 0.7281491002570694 0.5769675925925926 0.061696658097686374 0.05092592592592592
0 0.6715938303341902 0.6179108796296297 0.05141388174807198 0.05758101851851852
0 0.7320051413881749 0.6090856481481481 0.05912596401028278 0.04456018518518518
0 0.6370501285347043 0.6744791666666666 0.03695372750642673 0.05092592592592592
0 0.6852506426735219 0.6733217592592593 0.04916452442159383 0.03993055555555555
0 0.7257390745501285 0.6989293981481481 0.05173521850899743 0.059895833333333336
0 0.7651028277634961 0.6833043981481481 0.07647814910025708 0.055266203703703706
0 0.8243894601542416 0.6789641203703703 0.03695372750642673 0.0685763888888889
0 0.8672879177377892 0.6556712962962963 0.07390745501285347 0.04861111111111111
0 0.8833547557840618 0.5580150462962963 0.05141388174807198 0.05758101851851852
0 0.6002570694087404 0.9428530092592593 0.061696658097686374 0.059895833333333336
0 0.5258676092544987 0.2640335648148148 0.04980719794344473 0.04079861111111111
0 0.5901349614395887 0.6141493055555556 0.058804627249357325 0.044849537037037035
0 0.6932840616966581 0.8046875 0.03888174807197944 0.03298611111111111
0 0.7172236503856041 0.7824074074074074 0.03984575835475578 0.03587962962962963
0 0.821818766066838 0.7728587962962963 0.027956298200514137 0.030671296296296297
0 0.8084832904884319 0.7473958333333334 0.04562982005141388 0.03414351851851852
0 0.8682519280205655 0.7094907407407407 0.032133676092544985 0.031828703703703706
0 0.7385925449871465 0.5434027777777778 0.02988431876606684 0.037037037037037035
0 0.7503213367609255 0.4011863425925926 0.05077120822622108 0.037905092592592594
0 0.8030205655526992 0.4280960648148148 0.038560411311053984 0.03211805555555555
0 0.7310411311053985 0.1556712962962963 0.036632390745501286 0.026041666666666668
0 0.6815552699228792 0.1138599537037037 0.04884318766066838 0.03616898148148148
0 0.44890745501285345 0.1456886574074074 0.03984575835475578 0.033854166666666664
0 0.34640102827763497 0.15523726851851852 0.027634961439588688 0.021122685185185185
0 0.4366966580976864 0.3637152777777778 0.030848329048843187 0.03877314814814815
0 0.4305912596401028 0.4955150462962963 0.04755784061696658 0.0390625
0 0.4916452442159383 0.9225983796296297 0.036632390745501286 0.0390625
0 0.6661311053984575 0.7353877314814815 0.06619537275064268 0.04600694444444445
0 0.8899421593830334 0.5923032407407407 0.035668380462724934 0.04282407407407408
0 0.9204691516709511 0.3208912037037037 0.034383033419023136 0.03298611111111111
0 0.6084511568123393 0.6851851851851852 0.03759640102827763 0.046875
0 0.5014460154241646 0.8635706018518519 0.05430591259640103 0.03501157407407408
0 0.43958868894601544 0.8496817129629629 0.04113110539845758 0.03501157407407408
0 0.36311053984575836 0.6286168981481481 0.038560411311053984 0.02980324074074074
0 0.3889781491002571 0.6043113425925926 0.04209511568123393 0.04079861111111111