0 0.3441516709511568 0.30859375 0.04691516709511568 0.04195601851851852
0 0.4106683804627249 0.6899594907407407 0.04177377892030849 0.04658564814814815
0 0.45115681233933164 0.6600115740740741 0.04434447300771208 0.03993055555555555
0 0.49180591259640105 0.6999421296296297 0.046593830334190234 0.03530092592592592
0 0.46352827763496146 0.7387152777777778 0.039524421593830336 0.03761574074074074
0 0.5237789203084833 0.7786458333333334 0.04177377892030849 0.04224537037037037
0 0.5263496143958869 0.6568287037037037 0.032133676092544985 0.024305555555555556
0 0.5866002570694088 0.6743344907407407 0.034383033419023136 0.033275462962962965
0 0.6187339331619537 0.6987847222222222 0.039524421593830336 0.03761574074074074
0 0.6531169665809768 0.7032696759259259 0.02924164524421594 0.037905092592592594
0 0.7061375321336761 0.6456886574074074 0.05173521850899743 0.033275462962962965
0 0.6924807197943444 0.6090856481481481 0.03470437017994859 0.02199074074074074
0 0.650706940874036 0.5924479166666666 0.014781491002570694 0.02459490740740741
0 0.6605077120822622 0.6589988425925926 0.034383033419023136 0.033275462962962965