0 0.6077972312703583 0.7398897058823529 0.028705211726384364 0.0508578431372549
0 0.47913273615635177 0.7029718137254902 0.025447882736156353 0.043198529411764705
0 0.5053949511400652 0.6430759803921569 0.03399837133550489 0.0508578431372549
0 0.5425488599348535 0.6852022058823529 0.02035830618892508 0.043198529411764705
0 0.5248371335504886 0.7346813725490197 0.021986970684039087 0.04595588235294118
0 0.5477402280130294 0.7677696078431373 0.016897394136807818 0.03553921568627451
0 0.5697271986970684 0.9015012254901961 0.023819218241042345 0.05361519607843137
0 0.551913680781759 0.6380208333333334 0.028908794788273615 0.040747549019607844
0 0.5992467426710097 0.3705575980392157 0.028705211726384364 0.040747549019607844
0 0.6178745928338762 0.30300245098039214 0.035423452768729644 0.04840686274509804
0 0.632328990228013 0.38204656862745096 0.033794788273615636 0.04840686274509804
0 0.6703990228013029 0.33746936274509803 0.03216612377850163 0.045649509803921566