0 0.7687982005141388 0.5237268518518519 0.039524421593830336 0.05092592592592592
0 0.7233290488431876 0.5325520833333334 0.04177377892030849 0.04195601851851852
0 0.6494215938303342 0.5214120370370371 0.06619537275064268 0.04224537037037037
0 0.6002570694087404 0.5834780092592593 0.056555269922879174 0.033275462962962965
0 0.7553020565552699 0.5558449074074074 0.06137532133676093 0.013310185185185185
0 0.7553020565552699 0.6014178240740741 0.05173521850899743 0.04658564814814815
0 0.6605077120822622 0.6623263888888888 0.04916452442159383 0.03530092592592592
0 0.6531169665809768 0.6956018518518519 0.06908740359897173 0.03993055555555555
0 0.7565874035989717 0.6754918981481481 0.034383033419023136 0.044270833333333336
0 0.7220437017994858 0.6535011574074074 0.04948586118251928 0.044270833333333336
0 0.788560411311054 0.7099247685185185 0.05398457583547558 0.028645833333333332
0 0.6531169665809768 0.7353877314814815 0.05430591259640103 0.044270833333333336
0 0.5645886889460154 0.7332175925925926 0.04434447300771208 0.04456018518518518
0 0.6015424164524421 0.6190682870370371 0.04434447300771208 0.037905092592592594
0 0.662917737789203 0.6180555555555556 0.05398457583547558 0.03993055555555555
0 0.6013817480719794 0.8706597222222222 0.04916452442159383 0.04861111111111111
0 0.5989717223650386 0.8185763888888888 0.04948586118251928 0.05092592592592592
0 0.6642030848329049 0.8152488425925926 0.061696658097686374 0.07552083333333333
0 0.5559125964010283 0.8518518518518519 0.061696658097686374 0.04224537037037037
0 0.5570372750642674 0.8917824074074074 0.06394601542416452 0.028935185185185185
0 0.5546272493573264 0.9239004629629629 0.06876606683804627 0.04456018518518518
0 0.41179305912596403 0.9006076388888888 0.04916452442159383 0.037905092592592594
0 0.36503856041131105 0.90625 0.05398457583547558 0.05324074074074074
0 0.2972365038560411 0.3428819444444444 0.04691516709511568 0.03993055555555555
0 0.4646529562982005 0.2829861111111111 0.07133676092544987 0.03993055555555555
0 0.5115681233933161 0.6566840277777778 0.04177377892030849 0.033275462962962965
0 0.538560411311054 0.6877893518518519 0.04177377892030849 0.015625
0 0.6063624678663239 0.6621817129629629 0.03470437017994859 0.030960648148148147
0 0.7357005141388174 0.7442129629629629 0.05173521850899743 0.05324074074074074
0 0.7172236503856041 0.7876157407407407 0.05912596401028278 0.03761574074074074
0 0.5580012853470437 0.6715856481481481 0.04530848329048843 0.031828703703703706
0 0.4955012853470437 0.9385127314814815 0.03534704370179949 0.025173611111111112
0 0.6976221079691517 0.6909722222222222 0.027634961439588688 0.028935185185185185
0 0.549646529562982 0.5912905092592593 0.04209511568123393 0.03269675925925926
0 0.34142030848329047 0.32132523148148145 0.04209511568123393 0.033854166666666664
0 0.3774100257069409 0.5114293981481481 0.034383033419023136 0.04311342592592592
0 0.693926735218509 0.5713252314814815 0.04209511568123393 0.0390625
0 0.584672236503856 0.2894965277777778 0.040809768637532134 0.03211805555555555
0 0.5032133676092545 0.24204282407407407 0.033419023136246784 0.025173611111111112
0 0.5054627249357326 0.07190393518518519 0.03984575835475578 0.037905092592592594
0 0.5475578406169666 0.1193576388888889 0.062339331619537273 0.04311342592592592
0 0.40022493573264784 0.32277199074074076 0.03309768637532134 0.026909722222222224
0 0.4987146529562982 0.8800636574074074 0.03984575835475578 0.024016203703703703
0 0.4305912596401028 0.8671875 0.032133676092544985 0.02199074074074074
0 0.5984897172236504 0.7858796296296297 0.02859897172236504 0.03298611111111111
0 0.6100578406169666 0.7298900462962963 0.04980719794344473 0.05295138888888889
0 0.7037275064267352 0.6061921296296297 0.04434447300771208 0.03298611111111111
0 0.8295308483290489 0.5623553240740741 0.03888174807197944 0.03501157407407408
0 0.8322622107969152 0.5054976851851852 0.03984575835475578 0.03877314814814815
0 0.6926413881748072 0.7508680555555556 0.03309768637532134 0.03298611111111111
0 0.6283740359897172 0.8846932870370371 0.031169665809768637 0.030960648148148147
0 0.5215295629820051 0.80078125 0.04113110539845758 0.04079861111111111
0 0.6568123393316195 0.59375 0.027634961439588688 0.031828703703703706
0 0.6029884318766067 0.5578703703703703 0.035668380462724934 0.03414351851851852
0 0.49052056555269924 0.8451967592592593 0.04338046272493573 0.026041666666666668
0 0.8157133676092545 0.4605034722222222 0.02859897172236504 0.026909722222222224
0 0.7924164524421594 0.4496527777777778 0.033419023136246784 0.02488425925925926
0 0.5570372750642674 0.6401909722222222 0.034383033419023136 0.021122685185185185
0 0.6444408740359897 0.7783564814814815 0.034383033419023136 0.031828703703703706
0 0.4638496143958869 0.8735532407407407 0.034383033419023136 0.028935185185185185
0 0.44280205655526994 0.9289641203703703 0.043059125964010285 0.02980324074074074
0 0.5337403598971723 0.9539930555555556 0.027634961439588688 0.026041666666666668