0 0.4955012853470437 0.20891203703703703 0.06426735218508997 0.05555555555555555
0 0.45983290488431877 0.2664930555555556 0.06619537275064268 0.05960648148148148
0 0.39460154241645246 0.2764756944444444 0.03920308483290488 0.035590277777777776
0 0.38110539845758357 0.25202546296296297 0.07133676092544987 0.061921296296296294
0 0.40809768637532134 0.18330439814814814 0.061696658097686374 0.048900462962962965
0 0.4069730077120823 0.1255787037037037 0.04916452442159383 0.03993055555555555
0 0.4758997429305913 0.09129050925925926 0.08354755784061697 0.02459490740740741
0 0.7466259640102828 0.27531828703703703 0.06908740359897173 0.037905092592592594
0 0.6900706940874036 0.2986111111111111 0.06394601542416452 0.04456018518518518
0 0.7281491002570694 0.3197337962962963 0.04177377892030849 0.03761574074074074
0 0.730719794344473 0.19545717592592593 0.07133676092544987 0.033275462962962965
0 0.7479113110539846 0.34968171296296297 0.05687660668380463 0.048900462962962965
0 0.7172236503856041 0.38744212962962965 0.04434447300771208 0.03993055555555555
0 0.8181233933161953 0.32523148148148145 0.02442159383033419 0.03993055555555555
0 0.8044665809768637 0.35619212962962965 0.06651670951156813 0.03993055555555555
0 0.7935411311053985 0.3773148148148148 0.04916452442159383 0.05555555555555555
0 0.8131426735218509 0.4105902777777778 0.034383033419023136 0.03761574074074074
0 0.8402956298200515 0.36733217592592593 0.03920308483290488 0.030960648148148147
0 0.8611825192802056 0.41724537037037035 0.04691516709511568 0.03761574074074074
0 0.890745501285347 0.3851273148148148 0.04691516709511568 0.04456018518518518
0 0.868573264781491 0.3152488425925926 0.06619537275064268 0.0685763888888889
0 0.7872750642673522 0.4738136574074074 0.056555269922879174 0.030960648148148147
0 0.777474293059126 0.5303819444444444 0.05687660668380463 0.03761574074074074
0 0.7638174807197944 0.5791377314814815 0.04434447300771208 0.04195601851851852
0 0.8070372750642674 0.5691550925925926 0.04209511568123393 0.03125
0 0.8918701799485861 0.5568576388888888 0.04916452442159383 0.059895833333333336
0 0.8118573264781491 0.6046006944444444 0.05173521850899743 0.044270833333333336
0 0.8366002570694088 0.6478587962962963 0.046593830334190234 0.046296296296296294
0 0.8133033419023136 0.6911168981481481 0.07390745501285347 0.035590277777777776
0 0.7872750642673522 0.7686631944444444 0.07647814910025708 0.06221064814814815
0 0.731844473007712 0.6678240740740741 0.05430591259640103 0.04224537037037037
0 0.708547557840617 0.6987847222222222 0.04691516709511568 0.05092592592592592
0 0.730719794344473 0.6268807870370371 0.056555269922879174 0.05758101851851852
0 0.709672236503856 0.5548321759259259 0.06394601542416452 0.04658564814814815
0 0.6555269922879178 0.6057581018518519 0.05398457583547558 0.04658564814814815
0 0.6667737789203085 0.6455439814814815 0.08611825192802057 0.05092592592592592
0 0.581780205655527 0.6633391203703703 0.06394601542416452 0.028645833333333332
0 0.6087724935732648 0.6245659722222222 0.05430591259640103 0.048900462962962965
0 0.6420308483290489 0.5769675925925926 0.061696658097686374 0.05555555555555555
0 0.5387210796915167 0.5891203703703703 0.06651670951156813 0.061921296296296294
0 0.62853470437018 0.7154224537037037 0.04434447300771208 0.048900462962962965
0 0.6222686375321337 0.7853009259259259 0.03695372750642673 0.05092592592592592
0 0.6789845758354756 0.7719907407407407 0.032133676092544985 0.03761574074074074
0 0.5792095115681234 0.9172453703703703 0.05430591259640103 0.04861111111111111
0 0.5083547557840618 0.7144097222222222 0.027634961439588688 0.031828703703703706
0 0.5371143958868895 0.8162615740740741 0.034383033419023136 0.048032407407407406
0 0.8793380462724936 0.734375 0.03888174807197944 0.031828703703703706
0 0.8856041131105399 0.45558449074074076 0.04434447300771208 0.044849537037037035
0 0.5731041131105399 0.20211226851851852 0.057519280205655526 0.0390625
0 0.6643637532133676 0.7280092592592593 0.03888174807197944 0.03298611111111111
0 0.6484575835475579 0.8527199074074074 0.04884318766066838 0.04282407407407408
0 0.49276992287917737 0.8502604166666666 0.040809768637532134 0.037905092592592594
0 0.46224293059125965 0.8981481481481481 0.040167095115681235 0.04398148148148148
0 0.4251285347043702 0.8388310185185185 0.04113110539845758 0.04282407407407408
0 0.9598329048843187 0.6471354166666666 0.030848329048843187 0.0390625
0 0.852827763496144 0.6027199074074074 0.04113110539845758 0.03993055555555555
0 0.713206940874036 0.5269097222222222 0.03888174807197944 0.031828703703703706