0 0.4267352185089974 0.6833043981481481 0.02956298200514139 0.033275462962962965
0 0.41179305912596403 0.7232349537037037 0.039524421593830336 0.037905092592592594
0 0.38110539845758357 0.6889467592592593 0.02699228791773779 0.02662037037037037
0 0.3267994858611825 0.7054398148148148 0.04177377892030849 0.024305555555555556
0 0.3713046272493573 0.7365451388888888 0.02217223650385604 0.02459490740740741
0 0.6222686375321337 0.8574942129629629 0.05173521850899743 0.030960648148148147
0 0.5755141388174807 0.8673321759259259 0.04177377892030849 0.028645833333333332
0 0.5485218508997429 0.9006076388888888 0.032133676092544985 0.02459490740740741
0 0.592866323907455 0.9427083333333334 0.056555269922879174 0.028935185185185185
0 0.523939588688946 0.9628182870370371 0.03695372750642673 0.04658564814814815
0 0.853952442159383 0.9260706018518519 0.03695372750642673 0.035590277777777776
0 0.6482969151670951 0.19545717592592593 0.02474293059125964 0.033275462962962965
0 0.6678984575835476 0.234375 0.034383033419023136 0.03125
0 0.6900706940874036 0.18677662037037038 0.039524421593830336 0.033275462962962965