0 0.21806167400881057 0.42028985507246375 0.1013215859030837 0.057971014492753624
0 0.394273127753304 0.41594202898550725 0.08370044052863436 0.05507246376811594
0 0.028634361233480177 0.45362318840579713 0.048458149779735685 0.04927536231884058
0 0.15418502202643172 0.5202898550724637 0.10572687224669604 0.043478260869565216
0 0.2422907488986784 0.5159420289855072 0.07048458149779736 0.05217391304347826
0 0.22466960352422907 0.6246376811594203 0.03524229074889868 0.043478260869565216
0 0.3854625550660793 0.6 0.08370044052863436 0.034782608695652174
0 0.14537444933920704 0.6840579710144927 0.07048458149779736 0.0463768115942029
0 0.31277533039647576 0.6869565217391305 0.09691629955947137 0.0463768115942029
0 0.18502202643171806 0.7478260869565218 0.07048458149779736 0.05217391304347826
0 0.45594713656387664 0.881159420289855 0.11013215859030837 0.057971014492753624
0 0.17180616740088106 0.16666666666666666 0.09691629955947137 0.043478260869565216
0 0.16740088105726872 0.21304347826086956 0.1145374449339207 0.05507246376811594
0 0.05726872246696035 0.5565217391304348 0.07929515418502203 0.06376811594202898
0 0.15859030837004406 0.5855072463768116 0.07929515418502203 0.06376811594202898
0 0.5418502202643172 0.6 0.13215859030837004 0.10434782608695652
0 0.13215859030837004 0.8724637681159421 0.07048458149779736 0.06376811594202898
0 0.2577092511013216 0.7318840579710145 0.08370044052863436 0.05507246376811594
0 0.32158590308370044 0.7724637681159421 0.10572687224669604 0.06086956521739131
0 0.2488986784140969 0.827536231884058 0.05726872246696035 0.03768115942028986
0 0.3876651982378855 0.8217391304347826 0.1145374449339207 0.04927536231884058
0 0.4801762114537445 0.7304347826086957 0.0881057268722467 0.05217391304347826
0 0.5220264317180616 0.7681159420289855 0.08370044052863436 0.05217391304347826
0 0.4779735682819383 0.8304347826086956 0.08370044052863436 0.04927536231884058
0 0.3744493392070485 0.5043478260869565 0.05286343612334802 0.034782608695652174
0 0.41409691629955947 0.5144927536231884 0.04405286343612335 0.03188405797101449
0 0.1696035242290749 0.3289855072463768 0.048458149779735685 0.03188405797101449
0 0.30616740088105726 0.3565217391304348 0.048458149779735685 0.04057971014492753
0 0.3788546255506608 0.21159420289855072 0.07048458149779736 0.04057971014492753
0 0.1013215859030837 0.6434782608695652 0.07048458149779736 0.0463768115942029
0 0.1894273127753304 0.6405797101449275 0.05286343612334802 0.04057971014492753
0 0.21145374449339208 0.6826086956521739 0.07929515418502203 0.03768115942028986
0 0.2775330396475771 0.6318840579710145 0.0881057268722467 0.04057971014492753
0 0.2555066079295154 0.5710144927536231 0.05286343612334802 0.05217391304347826
0 0.29955947136563876 0.9 0.07048458149779736 0.03768115942028986
0 0.3656387665198238 0.8913043478260869 0.06167400881057269 0.043478260869565216
0 0.15198237885462554 0.2768115942028985 0.05726872246696035 0.03188405797101449
0 0.0947136563876652 0.2797101449275362 0.05726872246696035 0.03768115942028986
0 0.04405286343612335 0.39565217391304347 0.06167400881057269 0.03768115942028986
0 0.1145374449339207 0.45362318840579713 0.03524229074889868 0.03188405797101449
0 0.07929515418502203 0.46956521739130436 0.06167400881057269 0.034782608695652174
0 0.3237885462555066 0.46956521739130436 0.05726872246696035 0.0463768115942029
0 0.4669603524229075 0.4463768115942029 0.05286343612334802 0.04057971014492753
0 0.45374449339207046 0.5594202898550724 0.0881057268722467 0.05217391304347826
0 0.3502202643171806 0.5565217391304348 0.11013215859030837 0.0463768115942029
0 0.28854625550660795 0.17971014492753623 0.05726872246696035 0.028985507246376812
0 0.2533039647577093 0.14347826086956522 0.07488986784140969 0.043478260869565216
0 0.046255506607929514 0.7971014492753623 0.05726872246696035 0.0463768115942029
0 0.05947136563876652 0.7420289855072464 0.048458149779735685 0.04057971014492753
0 0.013215859030837005 0.7333333333333333 0.02643171806167401 0.0463768115942029
0 0.05947136563876652 0.6942028985507246 0.048458149779735685 0.03188405797101449
0 0.10792951541850221 0.7275362318840579 0.05726872246696035 0.04057971014492753
0 0.2533039647577093 0.863768115942029 0.07488986784140969 0.028985507246376812
0 0.3986784140969163 0.763768115942029 0.048458149779735685 0.03188405797101449
0 0.41629955947136565 0.7913043478260869 0.048458149779735685 0.034782608695652174
0 0.41629955947136565 0.7130434782608696 0.06607929515418502 0.0463768115942029
0 0.1696035242290749 0.8289855072463768 0.05726872246696035 0.0463768115942029
0 0.30176211453744495 0.21014492753623187 0.048458149779735685 0.03768115942028986
0 0.5066079295154186 0.5173913043478261 0.07048458149779736 0.05507246376811594
0 0.5484581497797357 0.8782608695652174 0.06607929515418502 0.0463768115942029
0 0.5484581497797357 0.9681159420289855 0.039647577092511016 0.028985507246376812
0 0.6057268722466961 0.9565217391304348 0.048458149779735685 0.034782608695652174
0 0.6013215859030837 0.9869565217391304 0.048458149779735685 0.020289855072463767
0 0.06828193832599119 0.8463768115942029 0.048458149779735685 0.0463768115942029
0 0.01762114537444934 0.8608695652173913 0.03524229074889868 0.057971014492753624