0 0.3852809446254072 0.33118872549019607 0.02707654723127036 0.04350490196078431
0 0.47750407166123776 0.6799938725490197 0.035627035830618894 0.06341911764705882
0 0.7126425081433225 0.34512867647058826 0.035627035830618894 0.06096813725490196
0 0.6914698697068404 0.24065563725490197 0.04051302931596091 0.10692401960784313
0 0.39199918566775244 0.2267156862745098 0.04051302931596091 0.04350490196078431
0 0.4233509771986971 0.32107843137254904 0.04580618892508143 0.06372549019607843
0 0.44869706840390877 0.3400735294117647 0.03216612377850163 0.0508578431372549
0 0.6594055374592834 0.1796875 0.06758957654723127 0.06096813725490196
0 0.552728013029316 0.32735906862745096 0.06758957654723127 0.07628676470588236
0 0.6543159609120521 0.3247549019607843 0.061074918566775244 0.07659313725490197
0 0.6484120521172638 0.3794424019607843 0.021986970684039087 0.03829656862745098
0 0.6356881107491856 0.4163602941176471 0.03399837133550489 0.0508578431372549
0 0.60189332247557 0.4571078431372549 0.0372557003257329 0.04595588235294118
0 0.5721701954397395 0.4675245098039216 0.03888436482084691 0.08149509803921569
0 0.4588762214983713 0.602328431372549 0.05252442996742671 0.05575980392156863
0 0.45134364820846906 0.5667892156862745 0.043973941368078175 0.0508578431372549
0 0.4072679153094462 0.5692401960784313 0.050692182410423454 0.0508578431372549
0 0.3649226384364821 0.6519607843137255 0.04743485342019544 0.07904411764705882
0 0.39881921824104233 0.6735600490196079 0.05415309446254072 0.07138480392156862
0 0.4410627035830619 0.6953125 0.0372557003257329 0.07383578431372549
0 0.3590187296416938 0.8875612745098039 0.03888436482084691 0.061274509803921566
0 0.4740431596091205 0.774203431372549 0.025447882736156353 0.06862745098039216
0 0.5053949511400652 0.6404718137254902 0.050692182410423454 0.07138480392156862
0 0.5993485342019544 0.7080269607843137 0.035423452768729644 0.09926470588235294
0 0.6356881107491856 0.7143075980392157 0.03399837133550489 0.05606617647058824
0 0.6238802931596091 0.6507352941176471 0.05761400651465798 0.061274509803921566
0 0.6170602605863192 0.578125 0.043973941368078175 0.058823529411764705
0 0.6831229641693811 0.6392463235294118 0.04743485342019544 0.0585171568627451
0 0.663578990228013 0.5589767156862745 0.04580618892508143 0.06096813725490196
0 0.6745724755700325 0.5068933823529411 0.03033387622149837 0.03829656862745098
0 0.7000203583061889 0.5706188725490197 0.04051302931596091 0.0585171568627451
0 0.7422638436482085 0.5208333333333334 0.061074918566775244 0.0508578431372549
0 0.7430781758957655 0.45848651960784315 0.03216612377850163 0.03829656862745098
0 0.6780333876221498 0.4443933823529412 0.050692182410423454 0.07138480392156862
0 0.723635993485342 0.40487132352941174 0.03033387622149837 0.0585171568627451
0 0.36543159609120524 0.08118872549019608 0.025244299674267102 0.03676470588235294
0 0.37723941368078173 0.5303308823529411 0.026058631921824105 0.03799019607843137
0 0.3975977198697068 0.4653799019607843 0.024429967426710098 0.03308823529411765
0 0.37927524429967424 0.4960171568627451 0.02035830618892508 0.030637254901960783
0 0.3528094462540717 0.38388480392156865 0.024429967426710098 0.03431372549019608
0 0.3304153094462541 0.3428308823529412 0.025244299674267102 0.030637254901960783
0 0.36421009771986973 0.28707107843137253 0.03257328990228013 0.029411764705882353
0 0.44808631921824105 0.2025122549019608 0.024429967426710098 0.024509803921568627
0 0.4611156351791531 0.29381127450980393 0.026058631921824105 0.04534313725490196
0 0.4786237785016287 0.24479166666666666 0.02687296416938111 0.030637254901960783
0 0.5042752442996743 0.15962009803921567 0.026058631921824105 0.03676470588235294
0 0.45215798045602607 0.15778186274509803 0.02768729641693811 0.0428921568627451
0 0.49287459283387625 0.5824142156862745 0.024429967426710098 0.049019607843137254
0 0.5555781758957655 0.5652573529411765 0.02768729641693811 0.0392156862745098
0 0.5116042345276873 0.5407475490196079 0.024429967426710098 0.03676470588235294
0 0.5352198697068404 0.48253676470588236 0.026058631921824105 0.03553921568627451
0 0.3613599348534202 0.4641544117647059 0.02687296416938111 0.05024509803921569
0 0.42935667752442996 0.4420955882352941 0.03420195439739414 0.04534313725490196
0 0.4338355048859935 0.3869485294117647 0.041530944625407164 0.03308823529411765
0 0.3890472312703583 0.3863357843137255 0.03175895765472313 0.03431372549019608
0 0.29743485342019543 0.32015931372549017 0.030944625407166124 0.04411764705882353
0 0.5421416938110749 0.7221200980392157 0.03664495114006515 0.029411764705882353
0 0.3377442996742671 0.7141544117647058 0.03175895765472313 0.030637254901960783
0 0.3137214983713355 0.6559436274509803 0.026058631921824105 0.03431372549019608
0 0.34710912052117265 0.7460171568627451 0.02768729641693811 0.03308823529411765
0 0.5853013029315961 0.3918504901960784 0.038273615635179156 0.0428921568627451
0 0.7192589576547231 0.6326593137254902 0.035830618892508145 0.041666666666666664
0 0.6854641693811075 0.7104779411764706 0.03664495114006515 0.03308823529411765