0 0.7373188405797102 0.2513812154696133 0.06159420289855073 0.03314917127071823
0 0.6992753623188406 0.26657458563535913 0.043478260869565216 0.04143646408839779
0 0.6938405797101449 0.21408839779005526 0.06159420289855073 0.052486187845303865
0 0.5815217391304348 0.22790055248618785 0.03260869565217391 0.03591160220994475
0 0.6268115942028986 0.2265193370165746 0.050724637681159424 0.03314917127071823
0 0.6195652173913043 0.27209944751381215 0.07971014492753623 0.04143646408839779
0 0.5615942028985508 0.3356353591160221 0.057971014492753624 0.058011049723756904
0 0.5144927536231884 0.287292817679558 0.050724637681159424 0.06077348066298342
0 0.4855072463768116 0.468232044198895 0.036231884057971016 0.04143646408839779
0 0.5 0.5276243093922652 0.057971014492753624 0.049723756906077346
0 0.5742753623188406 0.4903314917127072 0.03260869565217391 0.04696132596685083
0 0.6539855072463768 0.48066298342541436 0.07608695652173914 0.049723756906077346
0 0.6847826086956522 0.5455801104972375 0.043478260869565216 0.052486187845303865
0 0.6829710144927537 0.5994475138121547 0.04710144927536232 0.049723756906077346
0 0.6195652173913043 0.6022099447513812 0.057971014492753624 0.049723756906077346
0 0.5760869565217391 0.5966850828729282 0.043478260869565216 0.049723756906077346
0 0.5434782608695652 0.5441988950276243 0.036231884057971016 0.03867403314917127
0 0.5307971014492754 0.611878453038674 0.06159420289855073 0.058011049723756904
0 0.5289855072463768 0.6477900552486188 0.06521739130434782 0.04143646408839779
0 0.5163043478260869 0.7085635359116023 0.03260869565217391 0.03591160220994475
0 0.6014492753623188 0.7030386740331491 0.057971014492753624 0.03591160220994475
0 0.6032608695652174 0.7430939226519337 0.04710144927536232 0.03867403314917127
0 0.6594202898550725 0.6629834254143646 0.036231884057971016 0.049723756906077346
0 0.7210144927536232 0.6906077348066298 0.057971014492753624 0.03314917127071823
0 0.7590579710144928 0.5897790055248618 0.07608695652173914 0.04143646408839779
0 0.7844202898550725 0.5359116022099447 0.08333333333333333 0.04419889502762431
0 0.6811594202898551 0.8107734806629834 0.057971014492753624 0.04696132596685083
0 0.5833333333333334 0.7997237569060773 0.028985507246376812 0.03038674033149171
0 0.7355072463768116 0.7803867403314917 0.057971014492753624 0.04143646408839779