0 0.24309125964010284 0.44285300925925924 0.03695372750642673 0.030960648148148147
0 0.14829691516709512 0.5070891203703703 0.034383033419023136 0.06221064814814815
0 0.18766066838046272 0.5125868055555556 0.04434447300771208 0.033275462962962965
0 0.26767352185089976 0.6412037037037037 0.04691516709511568 0.024305555555555556
0 0.20613753213367608 0.6888020833333334 0.03181233933161954 0.06221064814814815
0 0.3157133676092545 0.6744791666666666 0.06394601542416452 0.04224537037037037
0 0.29482647814910024 0.7044270833333334 0.046593830334190234 0.02228009259259259
0 0.2972365038560411 0.7287326388888888 0.032133676092544985 0.02228009259259259
0 0.3565231362467866 0.7322048611111112 0.05173521850899743 0.019965277777777776
0 0.34656169665809766 0.7631655092592593 0.02217223650385604 0.033275462962962965
0 0.3982969151670951 0.7609953703703703 0.05687660668380463 0.03761574074074074
0 0.4832904884318766 0.6723090277777778 0.04434447300771208 0.04658564814814815
0 0.43396529562982006 0.6556712962962963 0.04916452442159383 0.03993055555555555