0 0.8041666666666667 0.6041666666666666 0.05277777777777778 0.022916666666666665
0 0.775 0.6755208333333333 0.04722222222222222 0.04895833333333333
0 0.6972222222222222 0.6708333333333333 0.044444444444444446 0.03958333333333333
0 0.6451388888888889 0.6854166666666667 0.02361111111111111 0.029166666666666667
0 0.6916666666666667 0.7317708333333334 0.041666666666666664 0.028125
0 0.775 0.7083333333333334 0.05277777777777778 0.022916666666666665
0 0.6069444444444444 0.6796875 0.04722222222222222 0.040625
0 0.5708333333333333 0.7104166666666667 0.041666666666666664 0.03125
0 0.5145833333333333 0.703125 0.034722222222222224 0.03333333333333333
0 0.48819444444444443 0.6541666666666667 0.034722222222222224 0.041666666666666664
0 0.5388888888888889 0.6296875 0.04722222222222222 0.03854166666666667
0 0.5979166666666667 0.540625 0.034722222222222224 0.03333333333333333
0 0.6715277777777777 0.5557291666666667 0.059722222222222225 0.053125
0 0.5159722222222223 0.48333333333333334 0.03194444444444444 0.029166666666666667
0 0.5305555555555556 0.5708333333333333 0.044444444444444446 0.03125
0 0.5131944444444444 0.36822916666666666 0.02638888888888889 0.042708333333333334
0 0.4847222222222222 0.3151041666666667 0.04722222222222222 0.046875
0 0.46875 0.4625 0.03194444444444444 0.035416666666666666
0 0.42777777777777776 0.49895833333333334 0.05 0.0375
0 0.4215277777777778 0.528125 0.02638888888888889 0.0375
0 0.4201388888888889 0.553125 0.06527777777777778 0.022916666666666665
0 0.46458333333333335 0.5744791666666667 0.029166666666666667 0.051041666666666666
0 0.41458333333333336 0.5791666666666667 0.034722222222222224 0.0375
0 0.4791666666666667 0.5411458333333333 0.04722222222222222 0.03854166666666667
0 0.4395833333333333 0.6166666666666667 0.03194444444444444 0.0375
0 0.6055555555555555 0.5958333333333333 0.044444444444444446 0.035416666666666666