0 0.3594961240310077 0.11956521739130435 0.0562015503875969 0.042028985507246375
0 0.3905038759689923 0.17246376811594202 0.060077519379844964 0.0463768115942029
0 0.4699612403100775 0.15942028985507245 0.040697674418604654 0.05217391304347826
0 0.437015503875969 0.21159420289855072 0.040697674418604654 0.034782608695652174
0 0.502906976744186 0.2246376811594203 0.040697674418604654 0.04057971014492753
0 0.5377906976744186 0.20072463768115942 0.040697674418604654 0.0391304347826087
0 0.5300387596899225 0.15072463768115943 0.01744186046511628 0.03768115942028986
0 0.5494186046511628 0.1463768115942029 0.044573643410852716 0.028985507246376812
0 0.3071705426356589 0.22826086956521738 0.040697674418604654 0.03333333333333333
0 0.313953488372093 0.26014492753623186 0.03875968992248062 0.030434782608695653
0 0.27228682170542634 0.2717391304347826 0.044573643410852716 0.04492753623188406
0 0.2374031007751938 0.263768115942029 0.044573643410852716 0.0463768115942029
0 0.5910852713178295 0.322463768115942 0.050387596899224806 0.0536231884057971
0 0.21511627906976744 0.3101449275362319 0.07751937984496124 0.06086956521739131
0 0.12209302325581395 0.2782608695652174 0.06201550387596899 0.04057971014492753
0 0.14050387596899225 0.3101449275362319 0.060077519379844964 0.028985507246376812
0 0.16763565891472867 0.3398550724637681 0.060077519379844964 0.036231884057971016
0 0.22093023255813954 0.391304347826087 0.03488372093023256 0.02608695652173913
0 0.14825581395348839 0.38623188405797104 0.044573643410852716 0.03333333333333333
0 0.18895348837209303 0.4028985507246377 0.08333333333333333 0.03768115942028986
0 0.12596899224806202 0.4326086956521739 0.05813953488372093 0.042028985507246375
0 0.11531007751937984 0.4579710144927536 0.06782945736434108 0.043478260869565216
0 0.18992248062015504 0.4369565217391304 0.03875968992248062 0.03333333333333333
0 0.20251937984496124 0.4644927536231884 0.0562015503875969 0.02753623188405797
0 0.1695736434108527 0.4956521739130435 0.06782945736434108 0.02608695652173913
0 0.13178294573643412 0.5688405797101449 0.07751937984496124 0.036231884057971016
0 0.1821705426356589 0.6123188405797102 0.04263565891472868 0.02463768115942029
0 0.24612403100775193 0.5623188405797102 0.06201550387596899 0.03768115942028986
0 0.24031007751937986 0.5927536231884057 0.050387596899224806 0.02608695652173913
0 0.2374031007751938 0.6326086956521739 0.044573643410852716 0.02753623188405797
0 0.25 0.6884057971014492 0.06201550387596899 0.034782608695652174
0 0.2625968992248062 0.7253623188405797 0.05232558139534884 0.042028985507246375
0 0.3187984496124031 0.7304347826086957 0.060077519379844964 0.06086956521739131
0 0.39825581395348836 0.5797101449275363 0.06782945736434108 0.03188405797101449
0 0.40406976744186046 0.6108695652173913 0.03294573643410853 0.02753623188405797
0 0.49127906976744184 0.6065217391304348 0.07170542635658915 0.021739130434782608
0 0.4476744186046512 0.6318840579710145 0.050387596899224806 0.03768115942028986
0 0.32170542635658916 0.6318840579710145 0.04263565891472868 0.028985507246376812
0 0.3372093023255814 0.672463768115942 0.03488372093023256 0.02608695652173913
0 0.436046511627907 0.6920289855072463 0.050387596899224806 0.042028985507246375
0 0.6405038759689923 0.7507246376811594 0.03294573643410853 0.034782608695652174
0 0.6036821705426356 0.7195652173913043 0.06395348837209303 0.04492753623188406
0 0.3817829457364341 0.6884057971014492 0.050387596899224806 0.04057971014492753
0 0.39728682170542634 0.6550724637681159 0.050387596899224806 0.04057971014492753
0 0.45348837209302323 0.5478260869565217 0.050387596899224806 0.0463768115942029
0 0.3624031007751938 0.5608695652173913 0.08527131782945736 0.0463768115942029
0 0.35658914728682173 0.6007246376811595 0.06201550387596899 0.02753623188405797
0 0.17926356589147288 0.5297101449275362 0.05232558139534884 0.02753623188405797
0 0.5591085271317829 0.7724637681159421 0.03682170542635659 0.02318840579710145
0 0.5067829457364341 0.8021739130434783 0.03682170542635659 0.021739130434782608
0 0.38953488372093026 0.7202898550724638 0.050387596899224806 0.03188405797101449
0 0.2693798449612403 0.4289855072463768 0.04263565891472868 0.028985507246376812
0 0.3633720930232558 0.6318840579710145 0.03682170542635659 0.034782608695652174
0 0.5319767441860465 0.7507246376811594 0.03294573643410853 0.014492753623188406
0 0.5329457364341085 0.7369565217391304 0.03488372093023256 0.01884057971014493
0 0.5271317829457365 0.7253623188405797 0.03488372093023256 0.021739130434782608
0 0.10174418604651163 0.6166666666666667 0.0562015503875969 0.03333333333333333
0 0.29748062015503873 0.5369565217391304 0.04844961240310078 0.02753623188405797