0 0.575625 0.26522961574507964 0.03875 0.04873477038425492
0 0.603125 0.21180880974695407 0.04125 0.03936269915651359
0 0.658125 0.21743205248359887 0.04375 0.03748828491096532
0 0.664375 0.4250234301780694 0.04375 0.01780693533270853
0 0.695 0.4414245548266167 0.03 0.02436738519212746
0 0.705625 0.4700093720712277 0.04375 0.03280224929709466
0 0.775625 0.5164011246485474 0.04125 0.046860356138706656
0 0.671875 0.514526710402999 0.07125 0.046860356138706656
0 0.655625 0.5674789128397376 0.03875 0.029053420805998126
0 0.575625 0.5192127460168697 0.03875 0.03748828491096532
0 0.6525 0.676663542642924 0.08 0.05998125585754452
0 0.54625 0.6307403936269915 0.0625 0.04873477038425492
0 0.528125 0.6696344892221181 0.06125 0.03280224929709466
0 0.606875 0.5501405810684161 0.04125 0.033739456419868794
0 0.51375 0.49109653233364575 0.0325 0.03936269915651359