0 0.6086115635179153 0.2928921568627451 0.03399837133550489 0.03308823529411765
0 0.6594055374592834 0.24846813725490197 0.02035830618892508 0.04595588235294118
0 0.4859527687296417 0.15287990196078433 0.021986970684039087 0.04350490196078431
0 0.6965594462540716 0.5335477941176471 0.016897394136807818 0.040747549019607844
0 0.6796620521172638 0.6011029411764706 0.023819218241042345 0.04840686274509804
0 0.6483102605863192 0.6277573529411765 0.028705211726384364 0.04595588235294118
0 0.5350162866449512 0.7041973039215687 0.021986970684039087 0.045649509803921566
0 0.522292345276873 0.7526041666666666 0.02015472312703583 0.040747549019607844
0 0.6086115635179153 0.6913296568627451 0.023819218241042345 0.040747549019607844
0 0.6103420195439739 0.7320772058823529 0.04071661237785016 0.02542892156862745
0 0.6246946254071661 0.7869178921568627 0.03888436482084691 0.027879901960784315
0 0.5544584690553745 0.7856924019607843 0.02015472312703583 0.02542892156862745
0 0.5638232899022801 0.8149509803921569 0.03888436482084691 0.03308823529411765