0 0.8772493573264781 0.43822337962962965 0.01992287917737789 0.030960648148148147
0 0.9375 0.45384837962962965 0.03695372750642673 0.026331018518518517
0 0.800771208226221 0.35749421296296297 0.02956298200514139 0.033275462962962965
0 0.672879177377892 0.25202546296296297 0.04434447300771208 0.05324074074074074
0 0.502892030848329 0.27531828703703703 0.04434447300771208 0.028645833333333332
0 0.7848650385604113 0.2322048611111111 0.05173521850899743 0.044270833333333336
0 0.8944408740359897 0.6278935185185185 0.04916452442159383 0.028935185185185185
0 0.9177377892030848 0.6689814814814815 0.032133676092544985 0.02662037037037037
0 0.9350899742930592 0.6987847222222222 0.04177377892030849 0.03761574074074074
0 0.6150385604113111 0.9483506944444444 0.061696658097686374 0.044270833333333336
0 0.6715938303341902 0.8972800925925926 0.056555269922879174 0.03530092592592592
0 0.6900706940874036 0.9350405092592593 0.02474293059125964 0.02228009259259259