0 0.595 0.4146341463414634 0.055 0.03377110694183865
0 0.32625 0.4896810506566604 0.0575 0.03377110694183865
0 0.52125 0.4052532833020638 0.0575 0.0300187617260788
0 0.50125 0.3677298311444653 0.0425 0.0450281425891182
0 0.4725 0.31894934333958724 0.035 0.0375234521575985
0 0.40875 0.2776735459662289 0.0475 0.0525328330206379
0 0.4675 0.21482176360225141 0.05 0.05065666041275797
0 0.39875 0.21575984990619138 0.0425 0.04127579737335835
0 0.34875 0.13696060037523453 0.0525 0.0375234521575985
0 0.24375 0.19418386491557224 0.0625 0.04690431519699812
0 0.32375 0.22138836772983114 0.0525 0.03377110694183865
0 0.34625 0.25609756097560976 0.0475 0.03564727954971857
0 0.17875 0.24108818011257035 0.0575 0.03189493433395872
0 0.21625 0.29080675422138835 0.0525 0.04878048780487805
0 0.4625 0.46810506566604126 0.06 0.03564727954971857
0 0.4725 0.5159474671669794 0.05 0.04127579737335835
0 0.55375 0.4606003752345216 0.0625 0.043151969981238276
0 0.5425 0.4981238273921201 0.07 0.028142589118198873
0 0.545 0.525328330206379 0.05 0.03377110694183865
0 0.695 0.4718574108818011 0.07 0.05065666041275797
0 0.64375 0.5675422138836773 0.0625 0.04690431519699812
0 0.54375 0.5966228893058161 0.0575 0.04878048780487805
0 0.5075 0.575046904315197 0.055 0.043151969981238276
0 0.5275 0.6303939962476548 0.08 0.04878048780487805
0 0.4575 0.6660412757973734 0.085 0.02626641651031895
0 0.41125 0.5712945590994372 0.0575 0.04690431519699812
0 0.41375 0.5140712945590994 0.0575 0.0375234521575985
0 0.31125 0.525328330206379 0.0325 0.0300187617260788
0 0.36375 0.5478424015009381 0.0475 0.0375234521575985
0 0.29875 0.574108818011257 0.0725 0.04127579737335835
0 0.27625 0.6116322701688556 0.0575 0.04127579737335835
0 0.31625 0.6322701688555347 0.0475 0.0375234521575985
0 0.37 0.6022514071294559 0.05 0.0375234521575985
0 0.375 0.6275797373358349 0.06 0.03564727954971857
0 0.3925 0.651031894934334 0.05 0.02626641651031895
0 0.32625 0.6679174484052532 0.0575 0.04127579737335835
0 0.35625 0.7054409005628518 0.0625 0.0375234521575985
0 0.4175 0.7335834896810507 0.07 0.0450281425891182
0 0.355 0.7401500938086304 0.075 0.043151969981238276
0 0.3475 0.7795497185741088 0.08 0.039399624765478425
0 0.28875 0.725140712945591 0.0575 0.03564727954971857
0 0.27625 0.7664165103189493 0.0675 0.04690431519699812
0 0.48375 0.6932457786116323 0.0675 0.04690431519699812
0 0.39875 0.4849906191369606 0.0425 0.024390243902439025
0 0.25875 0.524390243902439 0.0375 0.043151969981238276
0 0.2275 0.701688555347092 0.035 0.0300187617260788
0 0.28125 0.6744840525328331 0.0275 0.03189493433395872
0 0.1975 0.7410881801125704 0.03 0.02626641651031895
0 0.23125 0.7448405253283302 0.0325 0.02626641651031895
0 0.63125 0.6538461538461539 0.0375 0.028142589118198873
0 0.5075 0.7363977485928705 0.035 0.024390243902439025
0 0.45 0.6322701688555347 0.04 0.0300187617260788
0 0.19125 0.7701688555347092 0.0375 0.028142589118198873
0 0.67625 0.5196998123827392 0.0375 0.0300187617260788
0 0.2575 0.800187617260788 0.04 0.03189493433395872
0 0.42375 0.6069418386491557 0.0375 0.028142589118198873