0 0.4697943444730077 0.6213831018518519 0.056555269922879174 0.019965277777777776
0 0.4265745501285347 0.5924479166666666 0.034383033419023136 0.015335648148148149
0 0.37853470437017994 0.6079282407407407 0.032133676092544985 0.024305555555555556
0 0.38223007712082263 0.6467013888888888 0.06394601542416452 0.03530092592592592
0 0.36375321336760924 0.6666666666666666 0.04691516709511568 0.05324074074074074
0 0.27152956298200515 0.6357060185185185 0.04434447300771208 0.008680555555555556
0 0.2972365038560411 0.6001157407407407 0.032133676092544985 0.013310185185185185
0 0.3133033419023136 0.7986111111111112 0.05398457583547558 0.028935185185185185
0 0.3774100257069409 0.8220486111111112 0.06394601542416452 0.05324074074074074
0 0.2689588688946015 0.8119212962962963 0.03920308483290488 0.028935185185185185
0 0.25176735218509 0.7664930555555556 0.04916452442159383 0.02662037037037037
0 0.5398457583547558 0.9082754629629629 0.05398457583547558 0.02662037037037037
0 0.18155526992287918 0.5746527777777778 0.07647814910025708 0.05092592592592592
0 0.13351542416452442 0.7455150462962963 0.06908740359897173 0.04658564814814815
0 0.34286632390745503 0.7222222222222222 0.03920308483290488 0.02662037037037037
0 0.2874357326478149 0.5758101851851852 0.06651670951156813 0.04861111111111111
0 0.2985218508997429 0.8563368055555556 0.04434447300771208 0.019965277777777776
0 0.4749357326478149 0.15321180555555555 0.04113110539845758 0.026909722222222224
0 0.4744537275064267 0.18272569444444445 0.06201799485861183 0.04774305555555555
0 0.08997429305912596 0.6326678240740741 0.04434447300771208 0.033854166666666664
0 0.09158097686375322 0.6770833333333334 0.043059125964010285 0.04282407407407408
0 0.24839331619537275 0.8362268518518519 0.04434447300771208 0.03587962962962963
0 0.42561053984575836 0.8396990740740741 0.05109254498714653 0.028935185185185185
0 0.413560411311054 0.8690682870370371 0.07519280205655526 0.037905092592592594
0 0.35025706940874035 0.8611111111111112 0.04434447300771208 0.048032407407407406
0 0.3287275064267352 0.9040798611111112 0.04113110539845758 0.02980324074074074
0 0.49775064267352187 0.9519675925925926 0.03534704370179949 0.03009259259259259
0 0.5326156812339332 0.9470486111111112 0.027956298200514137 0.031828703703703706
0 0.18637532133676094 0.6626157407407407 0.04884318766066838 0.03819444444444445
0 0.21417095115681234 0.5393518518518519 0.046593830334190234 0.03298611111111111
0 0.4129177377892031 0.35127314814814814 0.05205655526992288 0.052083333333333336
0 0.528598971722365 0.1568287037037037 0.03984575835475578 0.026041666666666668
0 0.5941516709511568 0.16420717592592593 0.06876606683804627 0.03501157407407408
0 0.6539203084832905 0.15219907407407407 0.033419023136246784 0.028935185185185185
0 0.6384961439588689 0.1935763888888889 0.04434447300771208 0.03587962962962963
0 0.6429948586118251 0.2265625 0.03984575835475578 0.03009259259259259
0 0.45726221079691515 0.5892650462962963 0.04113110539845758 0.03501157407407408
0 0.5125321336760925 0.6860532407407407 0.07647814910025708 0.052662037037037035
0 0.5387210796915167 0.6221064814814815 0.05109254498714653 0.04282407407407408
0 0.5803341902313625 0.5902777777777778 0.04755784061696658 0.052662037037037035
0 0.17802056555269924 0.8317418981481481 0.04562982005141388 0.04716435185185185
0 0.30318123393316193 0.7145543981481481 0.05430591259640103 0.04774305555555555
0 0.34190231362467866 0.7579571759259259 0.05205655526992288 0.03501157407407408
0 0.45999357326478146 0.7793692129629629 0.046593830334190234 0.033854166666666664
0 0.088206940874036 0.5717592592592593 0.04338046272493573 0.027777777777777776
0 0.31876606683804626 0.49855324074074076 0.04113110539845758 0.03298611111111111
0 0.7071015424164524 0.5517939814814815 0.03759640102827763 0.03587962962962963
0 0.5751928020565553 0.7135416666666666 0.03534704370179949 0.031828703703703706
0 0.3259961439588689 0.5953414351851852 0.046593830334190234 0.030960648148148147
0 0.19232005141388175 0.7388599537037037 0.034383033419023136 0.030960648148148147
0 0.39235218508997427 0.7384259259259259 0.055269922879177376 0.052083333333333336
0 0.2352185089974293 0.7388599537037037 0.04434447300771208 0.04079861111111111
0 0.45902956298200515 0.7149884259259259 0.046593830334190234 0.037037037037037035
0 0.487146529562982 0.734375 0.06748071979434447 0.04398148148148148