0 0.20613753213367608 0.6235532407407407 0.03695372750642673 0.024305555555555556
0 0.19023136246786632 0.64453125 0.04434447300771208 0.013020833333333334
0 0.21481362467866325 0.6723090277777778 0.039524421593830336 0.04658564814814815
0 0.2898457583547558 0.6633391203703703 0.032133676092544985 0.04195601851851852
0 0.34045629820051415 0.6568287037037037 0.05430591259640103 0.03761574074074074
0 0.4350899742930591 0.6335358796296297 0.056555269922879174 0.044270833333333336
0 0.4276992287917738 0.6711516203703703 0.04177377892030849 0.030960648148148147
0 0.432840616966581 0.7021122685185185 0.04177377892030849 0.035590277777777776
0 0.39701156812339333 0.7408854166666666 0.039524421593830336 0.033275462962962965
0 0.36873393316195374 0.6987847222222222 0.046593830334190234 0.028935185185185185
0 0.3120179948586118 0.7042824074074074 0.061696658097686374 0.03993055555555555
0 0.3157133676092545 0.7375578703703703 0.039524421593830336 0.02662037037037037
0 0.35395244215938304 0.7664930555555556 0.04209511568123393 0.03125
0 0.37483933161953725 0.9272280092592593 0.04916452442159383 0.04195601851851852
0 0.4463367609254499 0.9049479166666666 0.04434447300771208 0.033275462962962965
0 0.44505141388174807 0.8518518518518519 0.04177377892030849 0.046296296296296294
0 0.5398457583547558 0.9272280092592593 0.05912596401028278 0.051215277777777776
0 0.5324550128534704 0.7177372685185185 0.04948586118251928 0.044270833333333336
0 0.3259961439588689 0.9066840277777778 0.04209511568123393 0.030960648148148147
0 0.5183161953727506 0.8446180555555556 0.032133676092544985 0.028935185185185185
0 0.1243573264781491 0.4207175925925926 0.033419023136246784 0.02488425925925926