0 0.5445544554455446 0.7146341463414634 0.0594059405940594 0.04390243902439024
0 0.45792079207920794 0.6731707317073171 0.06435643564356436 0.04878048780487805
0 0.43564356435643564 0.7268292682926829 0.0297029702970297 0.05853658536585366
0 0.4282178217821782 0.8170731707317073 0.06435643564356436 0.04390243902439024
0 0.4207920792079208 0.8682926829268293 0.04950495049504951 0.04878048780487805
0 0.4381188118811881 0.9146341463414634 0.04455445544554455 0.04390243902439024
0 0.5742574257425742 0.9365853658536586 0.04950495049504951 0.05853658536585366
0 0.5099009900990099 0.9414634146341463 0.0594059405940594 0.04878048780487805
0 0.37623762376237624 0.926829268292683 0.04950495049504951 0.03902439024390244
0 0.5 0.8121951219512196 0.0297029702970297 0.03414634146341464
0 0.5371287128712872 0.7926829268292683 0.034653465346534656 0.04390243902439024
0 0.801980198019802 0.5341463414634147 0.04950495049504951 0.06341463414634146
0 0.754950495049505 0.5560975609756098 0.04455445544554455 0.04878048780487805
0 0.806930693069307 0.6317073170731707 0.04950495049504951 0.06341463414634146
0 0.8712871287128713 0.5560975609756098 0.039603960396039604 0.03902439024390244
0 0.8242574257425742 0.7414634146341463 0.06435643564356436 0.04878048780487805
0 0.8217821782178217 0.6926829268292682 0.039603960396039604 0.03902439024390244
0 0.6683168316831684 0.7097560975609756 0.0594059405940594 0.08292682926829269
0 0.5841584158415841 0.7439024390243902 0.0594059405940594 0.05365853658536585
0 0.5618811881188119 0.8439024390243902 0.06435643564356436 0.03902439024390244
0 0.5445544554455446 0.8926829268292683 0.06930693069306931 0.04878048780487805
0 0.37376237623762376 0.8658536585365854 0.034653465346534656 0.03414634146341464
0 0.35148514851485146 0.7902439024390244 0.0594059405940594 0.06829268292682927
0 0.2871287128712871 0.6829268292682927 0.06930693069306931 0.04878048780487805
0 0.3341584158415842 0.7024390243902439 0.054455445544554455 0.04878048780487805
0 0.27722772277227725 0.43658536585365854 0.06930693069306931 0.07317073170731707
0 0.29455445544554454 0.1951219512195122 0.054455445544554455 0.04878048780487805
0 0.9034653465346535 0.12439024390243902 0.07425742574257425 0.07317073170731707
0 0.46782178217821785 0.18048780487804877 0.054455445544554455 0.04878048780487805
0 0.5965346534653465 0.06585365853658537 0.054455445544554455 0.04390243902439024
0 0.7004950495049505 0.13414634146341464 0.054455445544554455 0.04390243902439024
0 0.7797029702970297 0.13658536585365855 0.04455445544554455 0.05853658536585366
0 0.33663366336633666 0.3048780487804878 0.04950495049504951 0.05365853658536585
0 0.2079207920792079 0.6121951219512195 0.04950495049504951 0.04390243902439024
0 0.18811881188118812 0.5487804878048781 0.04950495049504951 0.04390243902439024
0 0.3292079207920792 0.3926829268292683 0.04455445544554455 0.04390243902439024
0 0.3712871287128713 0.3951219512195122 0.039603960396039604 0.03902439024390244
0 0.3094059405940594 0.35609756097560974 0.04455445544554455 0.03902439024390244
0 0.37376237623762376 0.1926829268292683 0.054455445544554455 0.04390243902439024
0 0.26732673267326734 0.5804878048780487 0.04950495049504951 0.04878048780487805
0 0.22524752475247525 0.8390243902439024 0.04455445544554455 0.04878048780487805
0 0.26485148514851486 0.8682926829268293 0.04455445544554455 0.03902439024390244
0 0.30198019801980197 0.9195121951219513 0.039603960396039604 0.03414634146341464
0 0.32673267326732675 0.9439024390243902 0.0297029702970297 0.03414634146341464
0 0.41089108910891087 0.9804878048780488 0.0297029702970297 0.02926829268292683
0 0.29455445544554454 0.9512195121951219 0.04455445544554455 0.03902439024390244
0 0.3193069306930693 0.8390243902439024 0.034653465346534656 0.03902439024390244
0 0.3415841584158416 0.8585365853658536 0.039603960396039604 0.03902439024390244
0 0.5123762376237624 0.7439024390243902 0.034653465346534656 0.03414634146341464
0 0.4777227722772277 0.7560975609756098 0.04455445544554455 0.04878048780487805
0 0.39603960396039606 0.7195121951219512 0.04950495049504951 0.05365853658536585
0 0.29207920792079206 0.7902439024390244 0.04950495049504951 0.04878048780487805
0 0.2301980198019802 0.44634146341463415 0.04455445544554455 0.04390243902439024
0 0.19801980198019803 0.47073170731707314 0.039603960396039604 0.04390243902439024
0 0.37623762376237624 0.36341463414634145 0.039603960396039604 0.03414634146341464