0 0.25869565217391305 0.5222826086956521 0.04492753623188406 0.01847826086956522
0 0.28840579710144926 0.5385869565217392 0.043478260869565216 0.03804347826086957
0 0.23405797101449274 0.5722826086956522 0.042028985507246375 0.03369565217391304
0 0.22391304347826088 0.596195652173913 0.05652173913043478 0.042391304347826085
0 0.27391304347826084 0.6108695652173913 0.043478260869565216 0.02608695652173913
0 0.28695652173913044 0.6494565217391305 0.04057971014492753 0.029347826086956522
0 0.186231884057971 0.6494565217391305 0.0536231884057971 0.03369565217391304
0 0.23550724637681159 0.6619565217391304 0.04492753623188406 0.034782608695652174
0 0.20579710144927535 0.696195652173913 0.043478260869565216 0.03369565217391304
0 0.25579710144927537 0.7146739130434783 0.03333333333333333 0.05326086956521739
0 0.3507246376811594 0.5081521739130435 0.04927536231884058 0.042391304347826085
0 0.5920289855072464 0.5722826086956522 0.042028985507246375 0.051086956521739134
0 0.6478260869565218 0.5331521739130435 0.034782608695652174 0.035869565217391305
0 0.4746376811594203 0.5733695652173914 0.0391304347826087 0.04891304347826087
0 0.4956521739130435 0.6244565217391305 0.05507246376811594 0.04891304347826087
0 0.5297101449275362 0.6570652173913043 0.04782608695652174 0.04021739130434782
0 0.5768115942028985 0.6559782608695652 0.04057971014492753 0.03804347826086957
0 0.6420289855072464 0.6494565217391305 0.0463768115942029 0.03804347826086957
0 0.4927536231884058 0.7326086956521739 0.04927536231884058 0.030434782608695653
0 0.5413043478260869 0.7440217391304348 0.04782608695652174 0.05326086956521739
0 0.5920289855072464 0.753804347826087 0.06521739130434782 0.051086956521739134
0 0.6384057971014493 0.7135869565217391 0.07681159420289856 0.051086956521739134
0 0.696376811594203 0.7168478260869565 0.06811594202898551 0.05326086956521739
0 0.7231884057971014 0.6706521739130434 0.04927536231884058 0.034782608695652174
0 0.7159420289855073 0.621195652173913 0.057971014492753624 0.03804347826086957
0 0.7318840579710145 0.5489130434782609 0.03768115942028986 0.030434782608695653
0 0.7789855072463768 0.5940217391304348 0.050724637681159424 0.051086956521739134
0 0.8615942028985507 0.5820652173913043 0.06231884057971015 0.05326086956521739
0 0.8557971014492753 0.5070652173913044 0.05652173913043478 0.06195652173913044
0 0.736231884057971 0.45815217391304347 0.04057971014492753 0.04456521739130435
0 0.9239130434782609 0.47119565217391307 0.07391304347826087 0.03152173913043478
0 0.3492753623188406 0.6086956521739131 0.05217391304347826 0.06739130434782609
0 0.4181159420289855 0.5983695652173913 0.06231884057971015 0.051086956521739134
0 0.4384057971014493 0.6375 0.07681159420289856 0.05326086956521739
0 0.6195652173913043 0.5027173913043478 0.06811594202898551 0.05326086956521739
0 0.8456521739130435 0.6461956521739131 0.04782608695652174 0.04021739130434782
0 0.7876811594202898 0.6809782608695653 0.08550724637681159 0.04673913043478261
0 0.9123188405797101 0.5266304347826087 0.05652173913043478 0.04456521739130435
0 0.8753623188405797 0.4364130434782609 0.11884057971014493 0.0641304347826087
0 0.46159420289855074 0.4472826086956522 0.06521739130434782 0.05326086956521739
0 0.5427536231884058 0.5614130434782608 0.059420289855072465 0.04021739130434782
0 0.2144927536231884 0.5353260869565217 0.0463768115942029 0.04673913043478261
0 0.17971014492753623 0.5728260869565217 0.04057971014492753 0.03260869565217391
0 0.3826086956521739 0.6646739130434782 0.0463768115942029 0.042391304347826085
0 0.17318840579710146 0.7157608695652173 0.050724637681159424 0.02717391304347826
0 0.2108695652173913 0.7570652173913044 0.05652173913043478 0.04456521739130435
0 0.32318840579710145 0.7315217391304348 0.05217391304347826 0.041304347826086954
0 0.31521739130434784 0.6907608695652174 0.050724637681159424 0.04021739130434782
0 0.41884057971014493 0.7429347826086956 0.04927536231884058 0.04021739130434782
0 0.3782608695652174 0.7554347826086957 0.04927536231884058 0.0391304347826087
0 0.3695652173913043 0.7125 0.05217391304347826 0.04456521739130435
0 0.4666666666666667 0.6777173913043478 0.05217391304347826 0.04021739130434782
0 0.48985507246376814 0.4826086956521739 0.06376811594202898 0.03695652173913044
0 0.8057971014492754 0.7271739130434782 0.06086956521739131 0.041304347826086954
0 0.7405797101449275 0.7711956521739131 0.0782608695652174 0.04021739130434782