0 0.5213688946015425 0.2864583333333333 0.04209511568123393 0.03761574074074074
0 0.7157776349614395 0.3185763888888889 0.06651670951156813 0.04861111111111111
0 0.777474293059126 0.3641493055555556 0.05173521850899743 0.033275462962962965
0 0.8157133676092545 0.43721064814814814 0.04916452442159383 0.04224537037037037
0 0.8722686375321337 0.5370370370370371 0.06394601542416452 0.028935185185185185
0 0.8377249357326478 0.4671585648148148 0.04434447300771208 0.035590277777777776
0 0.6911953727506427 0.5924479166666666 0.04177377892030849 0.04658564814814815
0 0.6259640102827764 0.5980902777777778 0.05912596401028278 0.03993055555555555
0 0.6926413881748072 0.6333912037037037 0.06394601542416452 0.04861111111111111
0 0.734254498714653 0.64453125 0.04434447300771208 0.035590277777777776
0 0.7811696658097687 0.6545138888888888 0.06426735218508997 0.046296296296296294
0 0.28261568123393316 0.6723090277777778 0.05173521850899743 0.04658564814814815
0 0.5705334190231363 0.7110821759259259 0.06651670951156813 0.030960648148148147
0 0.549646529562982 0.7553530092592593 0.039524421593830336 0.035590277777777776
0 0.6026670951156813 0.7609953703703703 0.05173521850899743 0.04224537037037037
0 0.6357647814910026 0.7210648148148148 0.06394601542416452 0.04224537037037037
0 0.7022814910025706 0.7952835648148148 0.05430591259640103 0.044270833333333336
0 0.7442159383033419 0.7021122685185185 0.03470437017994859 0.035590277777777776
0 0.5657133676092545 0.8794849537037037 0.046593830334190234 0.035590277777777776
0 0.6458868894601543 0.9105902777777778 0.014781491002570694 0.013310185185185185
0 0.48682519280205655 0.8430266203703703 0.061696658097686374 0.04195601851851852
0 0.4143637532133676 0.8972800925925926 0.039524421593830336 0.04456018518518518
0 0.4291452442159383 0.9405381944444444 0.06394601542416452 0.033275462962962965
0 0.36246786632390743 0.8706597222222222 0.04434447300771208 0.05324074074074074
0 0.5387210796915167 0.8994502314814815 0.03695372750642673 0.030960648148148147