0 0.49534883720930234 0.1673866090712743 0.018604651162790697 0.017278617710583154
0 0.5145348837209303 0.21058315334773217 0.03372093023255814 0.032397408207343416
0 0.4127906976744186 0.22624190064794816 0.02558139534883721 0.04643628509719223
0 0.5319767441860465 0.29535637149028077 0.04534883720930233 0.042116630669546434
0 0.5633720930232559 0.3536717062634989 0.03604651162790698 0.03995680345572354
0 0.5465116279069767 0.38714902807775375 0.03488372093023256 0.03995680345572354
0 0.5156976744186047 0.39146868250539957 0.031395348837209305 0.035637149028077755
0 0.45465116279069767 0.37365010799136067 0.053488372093023255 0.03455723542116631
0 0.4645348837209302 0.41792656587473004 0.03372093023255814 0.03455723542116631
0 0.5622093023255814 0.4422246220302376 0.047674418604651166 0.04427645788336933
0 0.49534883720930234 0.4951403887688985 0.05813953488372093 0.035637149028077755
0 0.4877906976744186 0.5502159827213823 0.056976744186046514 0.04643628509719223
0 0.41511627906976745 0.5296976241900648 0.011627906976744186 0.04643628509719223
0 0.37034883720930234 0.5728941684665226 0.05 0.04859611231101512
0 0.29127906976744183 0.6042116630669546 0.031395348837209305 0.03995680345572354
0 0.3319767441860465 0.6263498920086393 0.03604651162790698 0.06695464362850972
0 0.4622093023255814 0.5998920086393088 0.047674418604651166 0.04859611231101512
0 0.5215116279069767 0.5988120950323974 0.03837209302325582 0.05075593952483801
0 0.43430232558139537 0.6420086393088553 0.05 0.03995680345572354
0 0.4029069767441861 0.6663066954643628 0.04534883720930233 0.038876889848812095
0 0.48546511627906974 0.7024838012958964 0.03837209302325582 0.03779697624190065
0 0.4104651162790698 0.7802375809935205 0.05116279069767442 0.04643628509719223
0 0.3540697674418605 0.8412526997840173 0.06162790697674419 0.02159827213822894
0 0.36511627906976746 0.7251619870410367 0.03488372093023256 0.04643628509719223
0 0.4116279069767442 0.8288336933045356 0.03255813953488372 0.03779697624190065
0 0.3784883720930233 0.8720302375809935 0.029069767441860465 0.03995680345572354
0 0.5203488372093024 0.8817494600431965 0.04534883720930233 0.03131749460043196
0 0.5319767441860465 0.9379049676025918 0.05465116279069768 0.04643628509719223
0 0.5906976744186047 0.8736501079913607 0.03255813953488372 0.023758099352051837
0 0.5895348837209302 0.92170626349892 0.06976744186046512 0.035637149028077755
0 0.6744186046511628 0.8201943844492441 0.027906976744186046 0.042116630669546434
0 0.6837209302325581 0.8558315334773218 0.03255813953488372 0.029157667386609073
0 0.7075581395348837 0.7532397408207343 0.056976744186046514 0.035637149028077755
0 0.6575581395348837 0.7456803455723542 0.03837209302325582 0.04427645788336933
0 0.6075581395348837 0.7532397408207343 0.02441860465116279 0.04427645788336933
0 0.5494186046511628 0.7629589632829373 0.040697674418604654 0.04643628509719223
0 0.49767441860465117 0.7748380129589633 0.053488372093023255 0.04859611231101512
0 0.6656976744186046 0.5955723542116631 0.04534883720930233 0.035637149028077755
0 0.6877906976744186 0.6409287257019438 0.03604651162790698 0.042116630669546434
0 0.6779069767441861 0.6927645788336934 0.03488372093023256 0.035637149028077755
0 0.7662790697674419 0.67170626349892 0.05116279069767442 0.06047516198704104
0 0.602906976744186 0.6322894168466523 0.06162790697674419 0.04643628509719223
0 0.6156976744186047 0.6787257019438445 0.04534883720930233 0.03347732181425486
0 0.5406976744186046 0.6614470842332614 0.05813953488372093 0.04859611231101512
0 0.47267441860465115 0.8515118790496761 0.05465116279069768 0.05075593952483801
0 0.3447674418604651 0.8039956803455723 0.05232558139534884 0.03995680345572354
0 0.3186046511627907 0.7176025917926566 0.04883720930232558 0.04859611231101512
0 0.43197674418604654 0.7262419006479481 0.05 0.04859611231101512
0 0.5476744186046512 0.5512958963282938 0.03953488372093023 0.03779697624190065
0 0.3191860465116279 0.5145788336933045 0.029069767441860465 0.03995680345572354
0 0.2982558139534884 0.8299136069114471 0.04302325581395349 0.04643628509719223