0 0.32069408740359895 0.35734953703703703 0.06426735218508997 0.05092592592592592
0 0.23570051413881749 0.4327256944444444 0.06137532133676093 0.04195601851851852
0 0.16195372750642673 0.43721064814814814 0.07133676092544987 0.03298611111111111
0 0.1669344473007712 0.4660011574074074 0.05173521850899743 0.02459490740740741
0 0.18155526992287918 0.49927662037037035 0.056555269922879174 0.04195601851851852
0 0.15199228791773778 0.6766493055555556 0.04691516709511568 0.04195601851851852
0 0.20501285347043702 0.6966145833333334 0.04434447300771208 0.028645833333333332
0 0.23939588688946015 0.7576678240740741 0.05398457583547558 0.044270833333333336
0 0.3231041131105398 0.7809606481481481 0.02474293059125964 0.04224537037037037
0 0.4106683804627249 0.7764756944444444 0.04691516709511568 0.02459490740740741
0 0.42898457583547556 0.8054108796296297 0.04434447300771208 0.033275462962962965
0 0.455012853470437 0.8629918981481481 0.04177377892030849 0.04195601851851852
0 0.5163881748071979 0.9361979166666666 0.04177377892030849 0.033275462962962965
0 0.36503856041131105 0.9360532407407407 0.05398457583547558 0.04224537037037037
0 0.6026670951156813 0.3175636574074074 0.02217223650385604 0.033275462962962965
0 0.5620179948586118 0.2942708333333333 0.03470437017994859 0.03993055555555555
0 0.2504820051413882 0.6322337962962963 0.05173521850899743 0.03761574074074074
0 0.363913881748072 0.7443576388888888 0.03695372750642673 0.030960648148148147
0 0.3375642673521851 0.8292824074074074 0.034383033419023136 0.03009259259259259
0 0.23553984575835477 0.6621817129629629 0.04755784061696658 0.04079861111111111
0 0.28775706940874035 0.4305555555555556 0.040809768637532134 0.03298611111111111