0 0.6737581433224755 0.35922181372549017 0.04906351791530945 0.06893382352941177
0 0.6763029315960912 0.24325980392156862 0.030537459283387622 0.07107843137254902
0 0.6398615635179153 0.16819852941176472 0.03216612377850163 0.05330882352941176
0 0.6305985342019544 0.11979166666666667 0.03399837133550489 0.04350490196078431
0 0.6256107491856677 0.23943014705882354 0.033794788273615636 0.043198529411764705
0 0.5883550488599348 0.14522058823529413 0.033794788273615636 0.03799019607843137
0 0.5450936482084691 0.6125919117647058 0.025447882736156353 0.05606617647058824
0 0.5367467426710097 0.6557904411764706 0.03888436482084691 0.040747549019607844
0 0.5417345276872965 0.6838235294117647 0.03216612377850163 0.04595588235294118
0 0.5079397394136808 0.7041973039215687 0.028908794788273615 0.05606617647058824
0 0.5350162866449512 0.7207414215686274 0.018729641693811076 0.033394607843137254
0 0.5062092833876222 0.6251531862745098 0.015268729641693811 0.05606617647058824
0 0.43017100977198697 0.5704656862745098 0.03216612377850163 0.04350490196078431
0 0.4495114006514658 0.5972732843137255 0.02035830618892508 0.040747549019607844
0 0.4106270358306189 0.5972732843137255 0.02035830618892508 0.035845588235294115
0 0.4098127035830619 0.6303615196078431 0.03908794788273615 0.045649509803921566
0 0.44788273615635177 0.6660539215686274 0.030537459283387622 0.04595588235294118
0 0.4537866449511401 0.7308517156862745 0.021986970684039087 0.027879901960784315
0 0.4554153094462541 0.7780330882352942 0.03216612377850163 0.035845588235294115
0 0.4402483713355049 0.35401348039215685 0.018526058631921825 0.043198529411764705
0 0.47668973941368076 0.5845588235294118 0.0372557003257329 0.0508578431372549
0 0.48177931596091206 0.6404718137254902 0.0372557003257329 0.06096813725490196