0 0.4943766066838046 0.7510127314814815 0.03695372750642673 0.048900462962962965
0 0.5176735218508998 0.8894675925925926 0.04434447300771208 0.05092592592592592
0 0.47702442159383035 0.9172453703703703 0.05173521850899743 0.03993055555555555
0 0.4265745501285347 0.9305555555555556 0.05430591259640103 0.04456018518518518
0 0.3786953727506427 0.6889467592592593 0.03695372750642673 0.03993055555555555
0 0.32937017994858614 0.6390335648148148 0.04691516709511568 0.033275462962962965
0 0.39331619537275064 0.6001157407407407 0.04691516709511568 0.03993055555555555
0 0.35764781491002573 0.5980902777777778 0.04948586118251928 0.05324074074074074
0 0.2985218508997429 0.5824652777777778 0.02956298200514139 0.04456018518518518
0 0.25546272493573263 0.6711516203703703 0.04177377892030849 0.044270833333333336
0 0.31089331619537275 0.6954571759259259 0.02474293059125964 0.044270833333333336
0 0.1926413881748072 0.6909722222222222 0.01960154241645244 0.05324074074074074
0 0.17432519280205655 0.6909722222222222 0.03695372750642673 0.03993055555555555
0 0.09897172236503857 0.6799768518518519 0.04434447300771208 0.04456018518518518
0 0.11005784061696658 0.5558449074074074 0.05173521850899743 0.03125
0 0.14331619537275064 0.5701678240740741 0.05912596401028278 0.033275462962962965
0 0.13737146529562982 0.5180844907407407 0.03695372750642673 0.035590277777777776
0 0.10041773778920308 0.5225694444444444 0.02217223650385604 0.02662037037037037
0 0.1089331619537275 0.48929398148148145 0.04434447300771208 0.05324074074074074
0 0.1372107969151671 0.4605034722222222 0.056555269922879174 0.048900462962962965
0 0.13239074550128535 0.42158564814814814 0.056555269922879174 0.0642361111111111
0 0.09286632390745501 0.4240451388888889 0.04691516709511568 0.04658564814814815
0 0.18653598971722365 0.4050925925925926 0.04209511568123393 0.05324074074074074
0 0.22348971722365038 0.3940972222222222 0.05173521850899743 0.05324074074074074
0 0.2074228791773779 0.3563368055555556 0.04916452442159383 0.048900462962962965
0 0.22830976863753213 0.3130787037037037 0.03695372750642673 0.03761574074074074
0 0.2800449871465296 0.32957175925925924 0.05173521850899743 0.05324074074074074
0 0.1558483290488432 0.3275462962962963 0.04434447300771208 0.03993055555555555
0 0.12483933161953728 0.36183449074074076 0.05173521850899743 0.051215277777777776
0 0.22847043701799485 0.18894675925925927 0.056555269922879174 0.04224537037037037
0 0.44874678663239076 0.19444444444444445 0.058804627249357325 0.061921296296296294
0 0.46352827763496146 0.24768518518518517 0.039524421593830336 0.06655092592592593
0 0.5003213367609255 0.27531828703703703 0.04434447300771208 0.02459490740740741
0 0.5409704370179949 0.2310474537037037 0.05173521850899743 0.0685763888888889
0 0.6100578406169666 0.16218171296296297 0.046593830334190234 0.059895833333333336
0 0.6174485861182519 0.2199074074074074 0.04209511568123393 0.04224537037037037
0 0.6481362467866324 0.24320023148148148 0.04434447300771208 0.048900462962962965
0 0.27522493573264784 0.7986111111111112 0.03695372750642673 0.04224537037037037
0 0.4844151670951157 0.1322337962962963 0.06651670951156813 0.0798611111111111