0 0.23698586118251927 0.43938078703703703 0.06908740359897173 0.04658564814814815
0 0.6359254498714653 0.26316550925925924 0.04434447300771208 0.035590277777777776
0 0.4646529562982005 0.6844618055555556 0.032133676092544985 0.035590277777777776
0 0.4857005141388175 0.7531828703703703 0.039524421593830336 0.02199074074074074
0 0.38110539845758357 0.8263888888888888 0.07133676092544987 0.03993055555555555
0 0.31458868894601544 0.81640625 0.04177377892030849 0.037905092592592594
0 0.262853470437018 0.8496817129629629 0.07133676092544987 0.059895833333333336
0 0.2480719794344473 0.7719907407407407 0.04177377892030849 0.024305555555555556
0 0.288560411311054 0.6655092592592593 0.02956298200514139 0.028935185185185185
0 0.20870822622107968 0.6124131944444444 0.046593830334190234 0.02459490740740741
0 0.3563624678663239 0.6212384259259259 0.032133676092544985 0.024305555555555556
0 0.2332904884318766 0.6788194444444444 0.036632390745501286 0.03761574074074074
0 0.13110539845758354 0.5392071759259259 0.05398457583547558 0.055266203703703706
0 0.17175449871465295 0.6754918981481481 0.04209511568123393 0.035590277777777776