0 0.421754498714653 0.2941261574074074 0.039524421593830336 0.048900462962962965
0 0.14347686375321336 0.7620081018518519 0.039524421593830336 0.05758101851851852
0 0.1791452442159383 0.8518518518518519 0.046593830334190234 0.019675925925925927
0 0.24068123393316196 0.9017650462962963 0.05141388174807198 0.048900462962962965
0 0.288560411311054 0.8574942129629629 0.02956298200514139 0.05758101851851852
0 0.37724935732647813 0.8109085648148148 0.05912596401028278 0.030960648148148147
0 0.40938303341902316 0.8585069444444444 0.03920308483290488 0.03298611111111111
0 0.34286632390745503 0.9117476851851852 0.03920308483290488 0.05092592592592592
0 0.4167737789203085 0.9260706018518519 0.04948586118251928 0.044270833333333336
0 0.6148778920308483 0.8872974537037037 0.03695372750642673 0.04195601851851852
0 0.5952763496143959 0.9405381944444444 0.046593830334190234 0.04195601851851852
0 0.5533419023136247 0.9649884259259259 0.061696658097686374 0.05092592592592592