0 0.5519630484988453 0.1389776357827476 0.046189376443418015 0.07348242811501597
0 0.43648960739030024 0.18849840255591055 0.05542725173210162 0.06389776357827476
0 0.4503464203233256 0.2476038338658147 0.046189376443418015 0.0670926517571885
0 0.4907621247113164 0.2987220447284345 0.03464203233256351 0.06070287539936102
0 0.5265588914549654 0.31629392971246006 0.04157043879907621 0.07667731629392971
0 0.3903002309468822 0.34824281150159747 0.03695150115473441 0.051118210862619806
0 0.2228637413394919 0.3498402555910543 0.04387990762124711 0.06070287539936102
0 0.687066974595843 0.28594249201277955 0.06235565819861432 0.08626198083067092
0 0.5946882217090069 0.2939297124600639 0.04387990762124711 0.05750798722044728
0 0.75635103926097 0.33226837060702874 0.03002309468822171 0.05750798722044728
0 0.7979214780600462 0.3706070287539936 0.03002309468822171 0.051118210862619806
0 0.1674364896073903 0.5814696485623003 0.04849884526558892 0.06389776357827476
0 0.34526558891454967 0.792332268370607 0.03926096997690531 0.07667731629392971
0 0.37528868360277134 0.7523961661341853 0.03464203233256351 0.0670926517571885
0 0.25057736720554274 0.7619808306709265 0.03926096997690531 0.09904153354632587
0 0.2471131639722864 0.670926517571885 0.046189376443418015 0.08945686900958466
0 0.29445727482678985 0.8674121405750799 0.03926096997690531 0.06070287539936102
0 0.38799076212471134 0.8977635782747604 0.07390300230946882 0.07028753993610223
0 0.4295612009237875 0.7092651757188498 0.050808314087759814 0.05750798722044728
0 0.5011547344110855 0.7252396166134185 0.04157043879907621 0.051118210862619806
0 0.5219399538106235 0.8466453674121406 0.050808314087759814 0.08945686900958466
0 0.74364896073903 0.7012779552715654 0.03695150115473441 0.07987220447284345
0 0.7586605080831409 0.5031948881789138 0.03464203233256351 0.054313099041533544
0 0.766743648960739 0.5894568690095847 0.05542725173210162 0.07348242811501597
0 0.7113163972286374 0.547923322683706 0.02771362586605081 0.04792332268370607
0 0.7228637413394919 0.6198083067092651 0.046189376443418015 0.07667731629392971
0 0.6628175519630485 0.6485623003194888 0.03233256351039261 0.06389776357827476
0 0.7090069284064665 0.2012779552715655 0.06928406466512702 0.09584664536741214
0 0.6120092378752887 0.1757188498402556 0.05542725173210162 0.06389776357827476
0 0.5092378752886836 0.23322683706070288 0.04849884526558892 0.06389776357827476
0 0.5219399538106235 0.3913738019169329 0.05542725173210162 0.0670926517571885
0 0.6801385681293303 0.36900958466453676 0.04849884526558892 0.06070287539936102
0 0.7009237875288684 0.46485623003194887 0.06235565819861432 0.06070287539936102
0 0.5334872979214781 0.4984025559105431 0.05542725173210162 0.06389776357827476
0 0.5796766743648961 0.5591054313099042 0.050808314087759814 0.06389776357827476
0 0.5831408775981525 0.6309904153354633 0.07159353348729793 0.06070287539936102
0 0.6131639722863741 0.8354632587859425 0.04849884526558892 0.0670926517571885
0 0.44803695150115475 0.8785942492012779 0.03695150115473441 0.06389776357827476
0 0.76905311778291 0.7987220447284346 0.050808314087759814 0.06389776357827476
0 0.3995381062355658 0.48562300319488816 0.04157043879907621 0.07028753993610223
0 0.4399538106235566 0.48722044728434505 0.03926096997690531 0.04792332268370607
0 0.4653579676674365 0.5255591054313099 0.04387990762124711 0.04792332268370607
0 0.4330254041570439 0.41054313099041534 0.03926096997690531 0.054313099041533544
0 0.6200923787528868 0.549520766773163 0.03002309468822171 0.051118210862619806
0 0.6062355658198614 0.48242811501597443 0.03464203233256351 0.05750798722044728
0 0.7551963048498845 0.3801916932907348 0.03695150115473441 0.051118210862619806
0 0.7933025404157044 0.512779552715655 0.03002309468822171 0.06070287539936102
0 0.4399538106235566 0.6086261980830671 0.04387990762124711 0.04792332268370607
0 0.3856812933025404 0.6261980830670927 0.046189376443418015 0.04472843450479233
0 0.3683602771362587 0.6677316293929713 0.04387990762124711 0.05750798722044728
0 0.32678983833718245 0.6629392971246006 0.025404157043879907 0.03514376996805112
0 0.3071593533487298 0.65814696485623 0.03233256351039261 0.038338658146964855
0 0.24364896073903003 0.6086261980830671 0.04387990762124711 0.04792332268370607
0 0.21016166281755197 0.6054313099041534 0.03695150115473441 0.04792332268370607
0 0.279445727482679 0.4952076677316294 0.04157043879907621 0.051118210862619806
0 0.39145496535796764 0.5782747603833865 0.03464203233256351 0.051118210862619806
0 0.5438799076212472 0.755591054313099 0.04387990762124711 0.054313099041533544
0 0.5115473441108545 0.6677316293929713 0.07621247113163972 0.04472843450479233
0 0.5808314087759815 0.6884984025559105 0.03926096997690531 0.04792332268370607
0 0.6154734411085451 0.7028753993610224 0.03926096997690531 0.07667731629392971
0 0.6974595842956121 0.7507987220447284 0.046189376443418015 0.05750798722044728
0 0.7113163972286374 0.8338658146964856 0.046189376443418015 0.07667731629392971