0 0.2776349614395887 0.17679398148148148 0.04691516709511568 0.03993055555555555
0 0.2787596401028278 0.08347800925925926 0.034383033419023136 0.035590277777777776
0 0.33547557840616965 0.058015046296296294 0.05912596401028278 0.04658564814814815
0 0.4967866323907455 0.2144097222222222 0.04177377892030849 0.04861111111111111
0 0.5287596401028277 0.19892939814814814 0.03181233933161954 0.048900462962962965
0 0.5854755784061697 0.25101273148148145 0.07133676092544987 0.055266203703703706
0 0.593991002570694 0.37297453703703703 0.04916452442159383 0.05092592592592592
0 0.6235539845758354 0.5047743055555556 0.04916452442159383 0.035590277777777776
0 0.6542416452442159 0.5392071759259259 0.04177377892030849 0.04658564814814815
0 0.5743894601542416 0.5415219907407407 0.039524421593830336 0.033275462962962965
0 0.5719794344473008 0.6500289351851852 0.02956298200514139 0.04195601851851852