0 0.2480719794344473 0.6922743055555556 0.032133676092544985 0.04658564814814815
0 0.2887210796915167 0.6378761574074074 0.01960154241645244 0.039641203703703706
0 0.3292095115681234 0.6611689814814815 0.02217223650385604 0.015625
0 0.4892352185089974 0.5946180555555556 0.03695372750642673 0.04224537037037037
0 0.4844151670951157 0.6566840277777778 0.04209511568123393 0.033275462962962965
0 0.5620179948586118 0.6942997685185185 0.04434447300771208 0.033275462962962965
0 0.5978470437017995 0.6100983796296297 0.03695372750642673 0.033275462962962965
0 0.593991002570694 0.3042534722222222 0.039524421593830336 0.04658564814814815
0 0.5607326478149101 0.9150752314814815 0.02699228791773779 0.02228009259259259
0 0.5202442159383034 0.9317129629629629 0.02956298200514139 0.024305555555555556
0 0.4820051413881748 0.9262152777777778 0.032133676092544985 0.03993055555555555
0 0.502892030848329 0.9516782407407407 0.02956298200514139 0.024305555555555556
0 0.4744537275064267 0.8806423611111112 0.02217223650385604 0.04195601851851852
0 0.36246786632390743 0.6942997685185185 0.04434447300771208 0.059895833333333336