0 0.26956521739130435 0.0945945945945946 0.07246376811594203 0.12355212355212356
0 0.13478260869565217 0.0945945945945946 0.07536231884057971 0.08108108108108109
0 0.13043478260869565 0.16602316602316602 0.06376811594202898 0.07722007722007722
0 0.6434782608695652 0.5067567567567568 0.08405797101449275 0.0637065637065637
0 0.586231884057971 0.6032818532818532 0.07101449275362319 0.0444015444015444
0 0.5253623188405797 0.7664092664092664 0.050724637681159424 0.08108108108108109
0 0.5391304347826087 0.8166023166023166 0.05217391304347826 0.08108108108108109
0 0.7115942028985507 0.7461389961389961 0.06376811594202898 0.07528957528957529
0 0.7188405797101449 0.6776061776061776 0.06666666666666667 0.10038610038610038
0 0.7333333333333333 0.61003861003861 0.06666666666666667 0.0694980694980695
0 0.8231884057971014 0.6206563706563707 0.04057971014492753 0.0637065637065637
0 0.8369565217391305 0.640926640926641 0.036231884057971016 0.03861003861003861
0 0.7811594202898551 0.7306949806949807 0.04057971014492753 0.059845559845559844
0 0.8427536231884057 0.7055984555984556 0.050724637681159424 0.07528957528957529
0 0.7768115942028986 0.4893822393822394 0.043478260869565216 0.055984555984555984
0 0.7942028985507247 0.5415057915057915 0.04057971014492753 0.055984555984555984
0 0.863768115942029 0.5511583011583011 0.04927536231884058 0.059845559845559844
0 0.8833333333333333 0.6611969111969112 0.050724637681159424 0.059845559845559844
0 0.7666666666666667 0.6534749034749034 0.06086956521739131 0.055984555984555984
0 0.7289855072463768 0.5627413127413128 0.05507246376811594 0.03667953667953668
0 0.6579710144927536 0.6283783783783784 0.057971014492753624 0.0444015444015444
0 0.6471014492753623 0.7055984555984556 0.050724637681159424 0.04826254826254826
0 0.6579710144927536 0.7606177606177607 0.05217391304347826 0.06563706563706563
0 0.6413043478260869 0.8185328185328186 0.04492753623188406 0.0694980694980695
0 0.7231884057971014 0.7992277992277992 0.0463768115942029 0.07335907335907337
0 0.6949275362318841 0.8822393822393823 0.06231884057971015 0.05791505791505792
0 0.6072463768115942 0.8523166023166023 0.05217391304347826 0.052123552123552123
0 0.5992753623188406 0.777027027027027 0.04782608695652174 0.04826254826254826
0 0.5528985507246377 0.694015444015444 0.02753623188405797 0.052123552123552123
0 0.5942028985507246 0.696911196911197 0.057971014492753624 0.07335907335907337
0 0.4746376811594203 0.7538610038610039 0.042028985507246375 0.0637065637065637
0 0.47391304347826085 0.8079150579150579 0.04057971014492753 0.07142857142857142
0 0.4246376811594203 0.6727799227799228 0.04927536231884058 0.0637065637065637
0 0.3065217391304348 0.5202702702702703 0.0391304347826087 0.052123552123552123
0 0.4057971014492754 0.4642857142857143 0.028985507246376812 0.04826254826254826
0 0.3934782608695652 0.25868725868725867 0.042028985507246375 0.05019305019305019
0 0.2956521739130435 0.2133204633204633 0.05217391304347826 0.059845559845559844
0 0.42971014492753623 0.08301158301158301 0.07101449275362319 0.08108108108108109
0 0.4579710144927536 0.17471042471042472 0.06086956521739131 0.07915057915057915
0 0.18478260869565216 0.5241312741312741 0.04492753623188406 0.0945945945945946
0 0.06521739130434782 0.3185328185328185 0.057971014492753624 0.08108108108108109
0 0.04057971014492753 0.444980694980695 0.03188405797101449 0.0637065637065637
0 0.028985507246376812 0.19401544401544402 0.03768115942028986 0.07142857142857142
0 0.04492753623188406 0.1476833976833977 0.03768115942028986 0.052123552123552123
0 0.18768115942028984 0.18725868725868725 0.059420289855072465 0.0888030888030888
0 0.4855072463768116 0.6274131274131274 0.05217391304347826 0.06563706563706563
0 0.33260869565217394 0.3030888030888031 0.036231884057971016 0.05791505791505792
0 0.3818840579710145 0.3938223938223938 0.04492753623188406 0.04247104247104247
0 0.5688405797101449 0.553088803088803 0.0536231884057971 0.0444015444015444
0 0.08260869565217391 0.03571428571428571 0.057971014492753624 0.055984555984555984
0 0.02318840579710145 0.026061776061776062 0.0463768115942029 0.052123552123552123
0 0.38768115942028986 0.18436293436293436 0.07391304347826087 0.07142857142857142