0 0.6659420289855073 0.2048913043478261 0.042028985507246375 0.035869565217391305
0 0.5543478260869565 0.39619565217391306 0.04492753623188406 0.05326086956521739
0 0.45869565217391306 0.4967391304347826 0.09420289855072464 0.06956521739130435
0 0.4427536231884058 0.5983695652173913 0.05652173913043478 0.05543478260869565
0 0.4905797101449275 0.5657608695652174 0.06521739130434782 0.042391304347826085
0 0.605072463768116 0.7293478260869565 0.06811594202898551 0.0782608695652174
0 0.3463768115942029 0.5972826086956522 0.057971014492753624 0.05326086956521739
0 0.3507246376811594 0.6494565217391305 0.06666666666666667 0.05543478260869565
0 0.2572463768115942 0.6353260869565217 0.06521739130434782 0.057608695652173914
0 0.11884057971014493 0.6994565217391304 0.09565217391304348 0.04891304347826087
0 0.19420289855072465 0.5461956521739131 0.05507246376811594 0.04891304347826087
0 0.286231884057971 0.5831521739130435 0.07391304347826087 0.07282608695652174
0 0.10072463768115943 0.5010869565217392 0.059420289855072465 0.05
0 0.11956521739130435 0.39510869565217394 0.06231884057971015 0.05543478260869565
0 0.186231884057971 0.4081521739130435 0.06521739130434782 0.0641304347826087
0 0.2398550724637681 0.40597826086956523 0.07101449275362319 0.03804347826086957
0 0.38913043478260867 0.34945652173913044 0.06811594202898551 0.04456521739130435
0 0.2782608695652174 0.32554347826086955 0.06956521739130435 0.05543478260869565
0 0.16159420289855073 0.1875 0.08550724637681159 0.04891304347826087
0 0.15289855072463768 0.14184782608695654 0.07971014492753623 0.05543478260869565
0 0.07173913043478261 0.20271739130434782 0.06521739130434782 0.04891304347826087
0 0.2768115942028985 0.44021739130434784 0.05507246376811594 0.043478260869565216
0 0.30217391304347824 0.503804347826087 0.06521739130434782 0.05543478260869565
0 0.4326086956521739 0.4157608695652174 0.07101449275362319 0.05326086956521739
0 0.4115942028985507 0.23532608695652174 0.04057971014492753 0.05543478260869565
0 0.6079710144927536 0.33369565217391306 0.07391304347826087 0.06304347826086956
0 0.35507246376811596 0.4434782608695652 0.06376811594202898 0.041304347826086954
0 0.3601449275362319 0.49184782608695654 0.07971014492753623 0.051086956521739134
0 0.55 0.46793478260869564 0.07101449275362319 0.0641304347826087
0 0.9528985507246377 0.5092391304347826 0.059420289855072465 0.05326086956521739