0 0.6126984126984127 0.016286644951140065 0.0380952380952381 0.03257328990228013
0 0.35714285714285715 0.6058631921824105 0.03492063492063492 0.06514657980456026
0 0.3634920634920635 0.757328990228013 0.06031746031746032 0.06188925081433225
0 0.5698412698412698 0.44788273615635177 0.02857142857142857 0.05537459283387622
0 0.2777777777777778 0.5407166123778502 0.047619047619047616 0.06514657980456026
0 0.3634920634920635 0.5 0.06031746031746032 0.048859934853420196
0 0.2920634920634921 0.6335504885993485 0.0380952380952381 0.048859934853420196
0 0.45555555555555555 0.5374592833876222 0.05396825396825397 0.04560260586319218
0 0.31587301587301586 0.11074918566775244 0.03492063492063492 0.04560260586319218
0 0.38095238095238093 0.13029315960912052 0.06349206349206349 0.04560260586319218
0 0.32857142857142857 0.2182410423452769 0.05396825396825397 0.05211726384364821
0 0.4126984126984127 0.6775244299674267 0.044444444444444446 0.05863192182410423