0 0.9433333333333334 0.36833333333333335 0.07777777777777778 0.05333333333333334
0 0.9544444444444444 0.2966666666666667 0.08222222222222222 0.05
0 0.8666666666666667 0.2875 0.07111111111111111 0.065
0 0.5188888888888888 0.16666666666666666 0.06888888888888889 0.06
0 0.49666666666666665 0.2658333333333333 0.07777777777777778 0.07166666666666667
0 0.4066666666666667 0.3408333333333333 0.06222222222222222 0.051666666666666666
0 0.35888888888888887 0.3858333333333333 0.07333333333333333 0.055
0 0.6111111111111112 0.37166666666666665 0.10666666666666667 0.05333333333333334
0 0.5022222222222222 0.415 0.05333333333333334 0.05333333333333334
0 0.62 0.46416666666666667 0.08 0.07166666666666667
0 0.85 0.45166666666666666 0.06888888888888889 0.05333333333333334
0 0.6822222222222222 0.535 0.08 0.05333333333333334
0 0.5133333333333333 0.5308333333333334 0.06666666666666667 0.04833333333333333
0 0.5844444444444444 0.5708333333333333 0.08 0.06166666666666667
0 0.45222222222222225 0.5833333333333334 0.07777777777777778 0.06
0 0.24333333333333335 0.5383333333333333 0.06888888888888889 0.05
0 0.3111111111111111 0.6541666666666667 0.10666666666666667 0.051666666666666666
0 0.8955555555555555 0.7758333333333334 0.12444444444444444 0.07833333333333334
0 0.3811111111111111 0.1375 0.08222222222222222 0.051666666666666666
0 0.39666666666666667 0.20916666666666667 0.06444444444444444 0.045
0 0.6522222222222223 0.10333333333333333 0.05555555555555555 0.04
0 0.7411111111111112 0.2783333333333333 0.07333333333333333 0.06666666666666667
0 0.5833333333333334 0.27666666666666667 0.06888888888888889 0.04666666666666667
0 0.4922222222222222 0.3375 0.07333333333333333 0.04833333333333333
0 0.3977777777777778 0.5108333333333334 0.07555555555555556 0.03833333333333333
0 0.36777777777777776 0.565 0.051111111111111114 0.07333333333333333
0 0.8077777777777778 0.52 0.08222222222222222 0.05333333333333334
0 0.7211111111111111 0.4533333333333333 0.07777777777777778 0.05333333333333334
0 0.8544444444444445 0.6158333333333333 0.07777777777777778 0.095
0 0.9211111111111111 0.565 0.08666666666666667 0.07666666666666666
0 0.7 0.615 0.09777777777777778 0.07
0 0.5955555555555555 0.6216666666666667 0.057777777777777775 0.04
0 0.58 0.655 0.09777777777777778 0.07666666666666666
0 0.6311111111111111 0.7125 0.09333333333333334 0.07166666666666667
0 0.4955555555555556 0.66 0.06222222222222222 0.05333333333333334
0 0.4255555555555556 0.7366666666666667 0.07777777777777778 0.05333333333333334
0 0.64 0.82 0.11555555555555555 0.07
0 0.3288888888888889 0.3 0.057777777777777775 0.03666666666666667
0 0.3211111111111111 0.2683333333333333 0.07333333333333333 0.03666666666666667
0 0.9033333333333333 0.19416666666666665 0.05555555555555555 0.03833333333333333
0 0.8655555555555555 0.22916666666666666 0.07777777777777778 0.051666666666666666
0 0.33444444444444443 0.49166666666666664 0.04666666666666667 0.05333333333333334
0 0.6888888888888889 0.14416666666666667 0.06222222222222222 0.03166666666666667
0 0.9177777777777778 0.021666666666666667 0.08888888888888889 0.043333333333333335
0 0.8288888888888889 0.375 0.04888888888888889 0.05
0 0.7533333333333333 0.35333333333333333 0.07555555555555556 0.056666666666666664
0 0.9711111111111111 0.4658333333333333 0.05333333333333334 0.04833333333333333
0 0.6333333333333333 0.30416666666666664 0.05333333333333334 0.03833333333333333
0 0.5722222222222222 0.34 0.05555555555555555 0.04
0 0.5477777777777778 0.225 0.06444444444444444 0.04
0 0.5722222222222222 0.13583333333333333 0.051111111111111114 0.035
0 0.31777777777777777 0.3525 0.06222222222222222 0.04833333333333333
0 0.5077777777777778 0.7375 0.051111111111111114 0.035
0 0.5588888888888889 0.7625 0.06444444444444444 0.04833333333333333
0 0.2822222222222222 0.7425 0.04888888888888889 0.045
0 0.7166666666666667 0.7008333333333333 0.05555555555555555 0.041666666666666664
0 0.9555555555555556 0.6833333333333333 0.057777777777777775 0.04666666666666667
0 0.7466666666666667 0.7483333333333333 0.08888888888888889 0.056666666666666664
0 0.7833333333333333 0.17333333333333334 0.07777777777777778 0.05333333333333334
0 0.8477777777777777 0.7433333333333333 0.10888888888888888 0.04666666666666667
0 0.5177777777777778 0.8141666666666667 0.09777777777777778 0.085