0 0.7922557840616966 0.5669849537037037 0.04209511568123393 0.035590277777777776
0 0.6555269922879178 0.5779803240740741 0.03920308483290488 0.030960648148148147
0 0.5091580976863753 0.63671875 0.03695372750642673 0.033275462962962965
0 0.5139781491002571 0.6987847222222222 0.03695372750642673 0.028935185185185185
0 0.5681233933161953 0.8373842592592593 0.04691516709511568 0.03530092592592592
0 0.6372107969151671 0.7122395833333334 0.02699228791773779 0.033275462962962965
0 0.6937660668380463 0.7408854166666666 0.032133676092544985 0.033275462962962965
0 0.6863753213367609 0.6954571759259259 0.032133676092544985 0.035590277777777776
0 0.3415809768637532 0.9105902777777778 0.032133676092544985 0.05787037037037037
0 0.43766066838046275 0.21889467592592593 0.04177377892030849 0.044270833333333336
0 0.7787596401028277 0.6478587962962963 0.02474293059125964 0.028935185185185185