0 0.7109575835475579 0.21773726851851852 0.03181233933161954 0.037905092592592594
0 0.662917737789203 0.20775462962962962 0.02956298200514139 0.017939814814814815
0 0.27892030848329047 0.6533564814814815 0.02956298200514139 0.02662037037037037
0 0.24309125964010284 0.4849537037037037 0.046593830334190234 0.06655092592592593
0 0.36503856041131105 0.7465277777777778 0.04948586118251928 0.03993055555555555
0 0.5311696658097687 0.7420428240740741 0.04177377892030849 0.030960648148148147
0 0.44617609254498714 0.7565104166666666 0.04916452442159383 0.04658564814814815
0 0.5767994858611826 0.8463541666666666 0.04434447300771208 0.02662037037037037
0 0.44505141388174807 0.6899594907407407 0.02699228791773779 0.033275462962962965
0 0.3676092544987147 0.6390335648148148 0.02956298200514139 0.028645833333333332
0 0.4967866323907455 0.18330439814814814 0.04177377892030849 0.048900462962962965
0 0.41918380462724936 0.35951967592592593 0.034383033419023136 0.04658564814814815
0 0.6950514138817481 0.28530092592592593 0.02956298200514139 0.03125
0 0.7787596401028277 0.34968171296296297 0.04916452442159383 0.030960648148148147
0 0.5743894601542416 0.20442708333333334 0.01960154241645244 0.028645833333333332
0 0.7429305912596401 0.21108217592592593 0.017352185089974295 0.02459490740740741
0 0.7651028277634961 0.20775462962962962 0.02699228791773779 0.03125
0 0.7874357326478149 0.2465277777777778 0.06651670951156813 0.04224537037037037
0 0.502892030848329 0.2942708333333333 0.08354755784061697 0.06655092592592593
0 0.49421593830334193 0.36964699074074076 0.07647814910025708 0.048900462962962965
0 0.2848650385604113 0.5824652777777778 0.03695372750642673 0.05324074074074074
0 0.23570051413881749 0.5769675925925926 0.03695372750642673 0.028935185185185185
0 0.43396529562982006 0.8330439814814815 0.039524421593830336 0.03530092592592592
0 0.5313303341902313 0.6644965277777778 0.05173521850899743 0.039641203703703706
0 0.5448264781491002 0.9338831018518519 0.034383033419023136 0.04195601851851852