0 0.562 0.23615384615384616 0.044 0.026153846153846153
0 0.738 0.18769230769230769 0.044 0.03076923076923077
0 0.73 0.15846153846153846 0.052 0.027692307692307693
0 0.479 0.32076923076923075 0.034 0.03538461538461538
0 0.533 0.4346153846153846 0.05 0.02923076923076923
0 0.5 0.4723076923076923 0.036 0.033846153846153845
0 0.533 0.5338461538461539 0.038 0.033846153846153845
0 0.585 0.5576923076923077 0.05 0.03538461538461538
0 0.661 0.6115384615384616 0.046 0.038461538461538464
0 0.593 0.6515384615384615 0.038 0.03230769230769231
0 0.8 0.6538461538461539 0.052 0.033846153846153845
0 0.475 0.56 0.042 0.03076923076923077
0 0.456 0.46076923076923076 0.052 0.02923076923076923