0 0.3251908396946565 0.20490286771507862 0.0732824427480916 0.04902867715078631
0 0.3061068702290076 0.2650323774283071 0.06564885496183206 0.030527289546716005
0 0.4946564885496183 0.301572617946346 0.03358778625954199 0.03330249768732655
0 0.616793893129771 0.3691026827012026 0.021374045801526718 0.04440333024976873
0 0.3977099236641221 0.16419981498612396 0.08091603053435115 0.041628122109158186
0 0.4854961832061069 0.16234967622571692 0.07938931297709924 0.05087881591119334
0 0.4725190839694656 0.21322849213691028 0.025954198473282442 0.028677150786308975
0 0.3938931297709924 0.20397779833487512 0.051908396946564885 0.028677150786308975
0 0.5404580152671755 0.2150786308973173 0.07938931297709924 0.037927844588344126
0 0.5847328244274809 0.17853839037927843 0.09465648854961832 0.05365402405180388
0 0.5206106870229008 0.2705827937095282 0.07022900763358779 0.05087881591119334
0 0.45190839694656487 0.2696577243293247 0.0366412213740458 0.030527289546716005
0 0.4122137404580153 0.2895467160037003 0.07938931297709924 0.04810360777058279
0 0.4305343511450382 0.32377428307123035 0.06717557251908397 0.05180388529139685
0 0.42290076335877863 0.4005550416281221 0.0732824427480916 0.05735430157261795
0 0.4816793893129771 0.4324699352451434 0.08091603053435115 0.041628122109158186
0 0.4816793893129771 0.36725254394079554 0.044274809160305344 0.04440333024976873
0 0.5206106870229008 0.3603145235892692 0.07022900763358779 0.039777983348751156
0 0.5610687022900763 0.3982423681776133 0.06259541984732825 0.058279370952821465
0 0.5885496183206107 0.28862164662349676 0.02900763358778626 0.04625346901017576
0 0.6374045801526718 0.24051803885291398 0.06259541984732825 0.03515263644773358
0 0.6687022900763359 0.20952821461609622 0.0732824427480916 0.039777983348751156
0 0.6702290076335878 0.18316373728029603 0.061068702290076333 0.04440333024976873
0 0.7374045801526717 0.17298797409805736 0.1099236641221374 0.03330249768732655
0 0.7229007633587786 0.14338575393154487 0.06564885496183206 0.05735430157261795
0 0.6977099236641221 0.09851988899167438 0.0732824427480916 0.04902867715078631
0 0.716030534351145 0.060129509713228495 0.0732824427480916 0.04625346901017576
0 0.35572519083969467 0.36262719703977797 0.07633587786259542 0.0666049953746531
0 0.6236641221374046 0.2955596669750231 0.04732824427480916 0.01942645698427382
0 0.6259541984732825 0.2738205365402405 0.0366412213740458 0.022201665124884366
0 0.4 0.25948196114708605 0.03969465648854962 0.01572617946345976
0 0.10687022900763359 0.29879740980573544 0.04885496183206107 0.016651248843663275
0 0.012213740458015267 0.3593894542090657 0.024427480916030534 0.02682701202590194
0 0.048091603053435114 0.38159111933395007 0.05343511450381679 0.02497687326549491
0 0.31068702290076333 0.3122109158186864 0.044274809160305344 0.01942645698427382
0 0.26717557251908397 0.22109158186864014 0.04580152671755725 0.020351526364477335
0 0.27633587786259545 0.19703977798334876 0.03358778625954199 0.020351526364477335
0 0.42900763358778626 0.12950971322849214 0.051908396946564885 0.024051803885291396
0 0.5038167938931297 0.11840888066604996 0.0366412213740458 0.018501387604070305
0 0.7221374045801526 0.29740980573543013 0.0366412213740458 0.02312673450508788
0 0.5694656488549619 0.32978723404255317 0.042748091603053436 0.02497687326549491
0 0.73206106870229 0.3251618871415356 0.0717557251908397 0.02312673450508788
0 0.6778625954198473 0.4061054579093432 0.08549618320610687 0.02960222016651249
0 0.33969465648854963 0.4320074005550416 0.050381679389312976 0.02960222016651249
0 0.3480916030534351 0.4070305272895467 0.06717557251908397 0.018501387604070305
0 0.4587786259541985 0.24653098982423682 0.04122137404580153 0.02127659574468085
0 0.6473282442748092 0.02960222016651249 0.051908396946564885 0.018501387604070305
0 0.45038167938931295 0.09065679925994449 0.042748091603053436 0.024051803885291396
0 0.4847328244274809 0.09343200740055504 0.04122137404580153 0.022201665124884366
0 0.517557251908397 0.08788159111933395 0.04580152671755725 0.022201665124884366
0 0.33435114503816793 0.24421831637372804 0.07633587786259542 0.027752081406105456
0 0.2877862595419847 0.40009250693802034 0.04122137404580153 0.01942645698427382
0 0.22137404580152673 0.4398704902867715 0.061068702290076333 0.030527289546716005
0 0.5442748091603054 0.4588344125809436 0.06870229007633588 0.027752081406105456
0 0.1900763358778626 0.4902867715078631 0.04732824427480916 0.020351526364477335
0 0.038931297709923665 0.4093432007400555 0.03206106870229008 0.01572617946345976
0 0.06946564885496183 0.3996299722479186 0.03816793893129771 0.018501387604070305
0 0.07709923664122137 0.41859389454209067 0.03816793893129771 0.01572617946345976
0 0.2450381679389313 0.32146160962072157 0.050381679389312976 0.02497687326549491
0 0.7198473282442748 0.24468085106382978 0.044274809160305344 0.02127659574468085
0 0.6229007633587786 0.32978723404255317 0.05801526717557252 0.032377428307123035