0 0.7601221079691517 0.7298900462962963 0.03695372750642673 0.019965277777777776
0 0.7713688946015425 0.7508680555555556 0.02474293059125964 0.02662037037037037
0 0.7344151670951157 0.7531828703703703 0.034383033419023136 0.017939814814814815
0 0.7207583547557841 0.7831307870370371 0.02699228791773779 0.028645833333333332
0 0.6911953727506427 0.7919560185185185 0.04177377892030849 0.028935185185185185
0 0.7035668380462725 0.8496817129629629 0.04209511568123393 0.033275462962962965
0 0.640745501285347 0.7753182870370371 0.02956298200514139 0.02228009259259259
0 0.5853149100257069 0.66015625 0.03695372750642673 0.030960648148148147
0 0.6802699228791774 0.7177372685185185 0.03920308483290488 0.035590277777777776
0 0.6063624678663239 0.7298900462962963 0.02956298200514139 0.02459490740740741
0 0.5065874035989717 0.6223958333333334 0.03695372750642673 0.03530092592592592
0 0.46593830334190234 0.9127604166666666 0.03470437017994859 0.044270833333333336
0 0.8131426735218509 0.6689814814814815 0.034383033419023136 0.03993055555555555
0 0.5298843187660668 0.2265625 0.04434447300771208 0.03761574074074074
0 0.43026992287917737 0.2952835648148148 0.032133676092544985 0.028645833333333332
0 0.40070694087403597 0.33969907407407407 0.04177377892030849 0.03761574074074074
0 0.3626285347043702 0.43388310185185186 0.034383033419023136 0.035590277777777776
0 0.34045629820051415 0.3263888888888889 0.039524421593830336 0.028935185185185185
0 0.35025706940874035 0.3506944444444444 0.02956298200514139 0.028935185185185185
0 0.3872107969151671 0.27980324074074076 0.02956298200514139 0.024305555555555556
0 0.43026992287917737 0.2565104166666667 0.036632390745501286 0.035590277777777776
0 0.3292095115681234 0.2643229166666667 0.05173521850899743 0.019965277777777776
0 0.29482647814910024 0.31741898148148145 0.04209511568123393 0.03761574074074074