0 0.2570093457943925 0.8385416666666666 0.056074766355140186 0.03125
0 0.2827102803738318 0.8836805555555556 0.04205607476635514 0.04513888888888889
0 0.37383177570093457 0.8454861111111112 0.037383177570093455 0.03125
0 0.38317757009345793 0.8055555555555556 0.037383177570093455 0.041666666666666664
0 0.4392523364485981 0.7847222222222222 0.04672897196261682 0.041666666666666664
0 0.5771028037383178 0.8003472222222222 0.06074766355140187 0.052083333333333336
0 0.4883177570093458 0.78125 0.04205607476635514 0.04861111111111111
0 0.5420560747663551 0.8611111111111112 0.06542056074766354 0.034722222222222224
0 0.1308411214953271 0.5034722222222222 0.06542056074766354 0.041666666666666664
0 0.1191588785046729 0.5555555555555556 0.0514018691588785 0.04861111111111111
0 0.544392523364486 0.65625 0.02336448598130841 0.020833333333333332
0 0.5163551401869159 0.6649305555555556 0.0514018691588785 0.052083333333333336
0 0.544392523364486 0.7447916666666666 0.06074766355140187 0.052083333333333336
0 0.616822429906542 0.6631944444444444 0.056074766355140186 0.06944444444444445
0 0.26635514018691586 0.5833333333333334 0.11214953271028037 0.05555555555555555
0 0.4088785046728972 0.2309027777777778 0.04205607476635514 0.03819444444444445
0 0.4485981308411215 0.19444444444444445 0.08411214953271028 0.04861111111111111
0 0.3808411214953271 0.14756944444444445 0.0794392523364486 0.052083333333333336
0 0.205607476635514 0.2725694444444444 0.08411214953271028 0.04513888888888889
0 0.2757009345794392 0.1579861111111111 0.056074766355140186 0.04513888888888889
0 0.2266355140186916 0.21180555555555555 0.0514018691588785 0.0625
0 0.4322429906542056 0.609375 0.0794392523364486 0.059027777777777776
0 0.40420560747663553 0.65625 0.08878504672897196 0.027777777777777776
0 0.42289719626168226 0.6857638888888888 0.0794392523364486 0.04513888888888889
0 0.4485981308411215 0.7291666666666666 0.08411214953271028 0.04861111111111111
0 0.3621495327102804 0.7152777777777778 0.08878504672897196 0.04861111111111111
0 0.37383177570093457 0.7673611111111112 0.06542056074766354 0.05555555555555555
0 0.25 0.6840277777777778 0.08878504672897196 0.04861111111111111
0 0.26401869158878505 0.8125 0.08878504672897196 0.034722222222222224
0 0.4672897196261682 0.8871527777777778 0.08411214953271028 0.06597222222222222
0 0.5514018691588785 0.3333333333333333 0.07476635514018691 0.04861111111111111
0 0.45560747663551404 0.3072916666666667 0.0514018691588785 0.03125
0 0.47897196261682246 0.3350694444444444 0.04205607476635514 0.03125
0 0.2803738317757009 0.2604166666666667 0.056074766355140186 0.041666666666666664
0 0.205607476635514 0.7708333333333334 0.04672897196261682 0.034722222222222224
0 0.23598130841121495 0.7534722222222222 0.04205607476635514 0.034722222222222224
0 0.3037383177570093 0.7517361111111112 0.06542056074766354 0.03819444444444445
0 0.3598130841121495 0.8819444444444444 0.04672897196261682 0.027777777777777776
0 0.4088785046728972 0.8958333333333334 0.0514018691588785 0.027777777777777776
0 0.37616822429906543 0.9253472222222222 0.04205607476635514 0.024305555555555556
0 0.3691588785046729 0.9097222222222222 0.037383177570093455 0.027777777777777776
0 0.3341121495327103 0.9166666666666666 0.03271028037383177 0.027777777777777776
0 0.34579439252336447 0.9479166666666666 0.04672897196261682 0.027777777777777776
0 0.3014018691588785 0.9392361111111112 0.0514018691588785 0.03125
0 0.34345794392523366 0.6319444444444444 0.0514018691588785 0.034722222222222224
0 0.3808411214953271 0.3020833333333333 0.0514018691588785 0.034722222222222224
0 0.4135514018691589 0.2934027777777778 0.0514018691588785 0.03819444444444445
0 0.5350467289719626 0.3819444444444444 0.0514018691588785 0.041666666666666664
0 0.4532710280373832 0.140625 0.06542056074766354 0.03819444444444445
0 0.14485981308411214 0.703125 0.06542056074766354 0.03125
0 0.102803738317757 0.6840277777777778 0.056074766355140186 0.034722222222222224
0 0.22429906542056074 0.4930555555555556 0.056074766355140186 0.027777777777777776
0 0.2780373831775701 0.6440972222222222 0.04205607476635514 0.03125
0 0.3691588785046729 0.6059027777777778 0.06542056074766354 0.04513888888888889
0 0.18925233644859812 0.859375 0.0514018691588785 0.04513888888888889
0 0.19626168224299065 0.8194444444444444 0.04672897196261682 0.027777777777777776
0 0.6565420560747663 0.7239583333333334 0.06074766355140187 0.052083333333333336
0 0.18457943925233644 0.7465277777777778 0.04205607476635514 0.027777777777777776
0 0.32710280373831774 0.7934027777777778 0.04672897196261682 0.04513888888888889
0 0.1822429906542056 0.5590277777777778 0.06542056074766354 0.05555555555555555
0 0.20093457943925233 0.5225694444444444 0.06542056074766354 0.03819444444444445
0 0.5163551401869159 0.2604166666666667 0.0514018691588785 0.041666666666666664