0 0.5301204819277109 0.13955637707948243 0.1108433734939759 0.06099815157116451
0 0.4759036144578313 0.056377079482439925 0.060240963855421686 0.038817005545286505
0 0.5385542168674698 0.35027726432532347 0.08433734939759036 0.038817005545286505
0 0.5987951807228916 0.488909426987061 0.060240963855421686 0.06099815157116451
0 0.43493975903614457 0.400184842883549 0.07951807228915662 0.07208872458410351
0 0.3132530120481928 0.4048059149722736 0.07710843373493977 0.06284658040665435
0 0.25421686746987954 0.43807763401109057 0.10361445783132531 0.06284658040665435
0 0.344578313253012 0.48706099815157117 0.06746987951807229 0.05730129390018484
0 0.43253012048192774 0.5369685767097967 0.06987951807228916 0.04990757855822551
0 0.7987951807228916 0.5998151571164511 0.0891566265060241 0.06469500924214418
0 0.8602409638554217 0.6367837338262476 0.05783132530120482 0.038817005545286505
0 0.8783132530120482 0.7097966728280961 0.04578313253012048 0.04805914972273567
0 0.6963855421686747 0.7726432532347505 0.1108433734939759 0.07024029574861368
0 0.5771084337349398 0.7134935304990758 0.04578313253012048 0.06284658040665435
0 0.3072289156626506 0.7051756007393716 0.060240963855421686 0.06469500924214418
0 0.14457831325301204 0.6053604436229205 0.05301204819277108 0.053604436229205174
0 0.14337349397590363 0.7079482439926063 0.10361445783132531 0.066543438077634
0 0.39036144578313253 0.8548983364140481 0.0819277108433735 0.053604436229205174
0 0.6457831325301204 0.16635859519408502 0.05783132530120482 0.059149722735674676
0 0.5879518072289157 0.31146025878003697 0.0963855421686747 0.07208872458410351
0 0.7710843373493976 0.2800369685767098 0.0963855421686747 0.06099815157116451
0 0.4879518072289157 0.5831792975970426 0.10361445783132531 0.053604436229205174
0 0.6277108433734939 0.6062846580406654 0.0891566265060241 0.04436229205175601
0 0.6843373493975904 0.5582255083179297 0.05301204819277108 0.04805914972273567
0 0.7253012048192771 0.4926062846580407 0.05783132530120482 0.053604436229205174
0 0.4614457831325301 0.6792975970425139 0.09879518072289156 0.09426987060998152
0 0.3240963855421687 0.8512014787430684 0.04096385542168675 0.04990757855822551
0 0.26265060240963856 0.821626617375231 0.00963855421686747 0.012939001848428836
0 0.21204819277108433 0.800369685767098 0.06265060240963856 0.066543438077634
0 0.27951807228915665 0.8715341959334566 0.05783132530120482 0.053604436229205174
0 0.7506024096385542 0.7199630314232902 0.0746987951807229 0.08687615526802218
0 0.7746987951807229 0.3724584103512015 0.03132530120481928 0.038817005545286505
0 0.9602409638554217 0.3512014787430684 0.05060240963855422 0.04805914972273567
0 0.7698795180722892 0.18946395563770796 0.04096385542168675 0.04990757855822551
0 0.5433734939759036 0.0822550831792976 0.06506024096385542 0.04251386321626617
0 0.43734939759036146 0.2680221811460259 0.05060240963855422 0.04436229205175601
0 0.2421686746987952 0.2476894639556377 0.03614457831325301 0.033271719038817
0 0.23493975903614459 0.35304990757855825 0.05060240963855422 0.033271719038817
0 0.22650602409638554 0.3853974121996303 0.05783132530120482 0.03512014787430684
0 0.0963855421686747 0.4713493530499076 0.06265060240963856 0.04066543438077634
0 0.09759036144578313 0.38909426987060997 0.04578313253012048 0.038817005545286505
0 0.15903614457831325 0.5609981515711645 0.05301204819277108 0.038817005545286505
0 0.06144578313253012 0.5545286506469501 0.06506024096385542 0.05545286506469501
0 0.2963855421686747 0.6478743068391867 0.04819277108433735 0.031423290203327174
0 0.28674698795180725 0.555452865064695 0.03855421686746988 0.038817005545286505
0 0.20963855421686747 0.7255083179297597 0.04819277108433735 0.04251386321626617
0 0.24457831325301205 0.7486136783733827 0.05060240963855422 0.036968576709796676
0 0.8951807228915662 0.5480591497227357 0.04578313253012048 0.038817005545286505
0 0.810843373493976 0.4611829944547135 0.04578313253012048 0.031423290203327174
0 0.5578313253012048 0.8502772643253235 0.03614457831325301 0.036968576709796676
0 0.5771084337349398 0.39186691312384475 0.04578313253012048 0.033271719038817
0 0.30120481927710846 0.8262476894639557 0.07228915662650602 0.04066543438077634
0 0.6795180722891566 0.4121996303142329 0.05783132530120482 0.051756007393715345
0 0.3457831325301205 0.8022181146025879 0.060240963855421686 0.04805914972273567
0 0.236144578313253 0.8687615526802218 0.043373493975903614 0.036968576709796676
0 0.608433734939759 0.43807763401109057 0.04578313253012048 0.036968576709796676
0 0.5542168674698795 0.5452865064695009 0.05301204819277108 0.036968576709796676
0 0.5060240963855421 0.4011090573012939 0.04819277108433735 0.033271719038817
0 0.43253012048192774 0.6035120147874307 0.060240963855421686 0.038817005545286505
0 0.5337349397590362 0.021256931608133085 0.05060240963855422 0.03512014787430684
0 0.0855421686746988 0.7624768946395564 0.060240963855421686 0.04251386321626617