0 0.5559125964010283 0.3140914351851852 0.032133676092544985 0.035590277777777776
0 0.6161632390745502 0.3441840277777778 0.039524421593830336 0.033275462962962965
0 0.3380462724935733 0.6743344907407407 0.04434447300771208 0.033275462962962965
0 0.32567480719794345 0.7087673611111112 0.039524421593830336 0.044270833333333336
0 0.2874357326478149 0.7886284722222222 0.03695372750642673 0.035590277777777776
0 0.2222043701799486 0.7909432870370371 0.039524421593830336 0.030960648148148147
0 0.23698586118251927 0.8451967592592593 0.04402313624678663 0.046296296296296294
0 0.26654884318766064 0.8706597222222222 0.039524421593830336 0.03530092592592592
0 0.40825835475578404 0.8884548611111112 0.03695372750642673 0.035590277777777776
0 0.18043059125964012 0.7155671296296297 0.034383033419023136 0.03993055555555555
0 0.17046915167095117 0.6589988425925926 0.04916452442159383 0.04195601851851852
0 0.24068123393316196 0.6932870370370371 0.04691516709511568 0.04861111111111111