0 0.3995822622107969 0.8054108796296297 0.034383033419023136 0.04658564814814815
0 0.49180591259640105 0.7099247685185185 0.03695372750642673 0.037905092592592594
0 0.4463367609254499 0.6711516203703703 0.04434447300771208 0.044270833333333336
0 0.4156491002570694 0.7065972222222222 0.03695372750642673 0.03993055555555555
0 0.35764781491002573 0.6977719907407407 0.06426735218508997 0.044270833333333336
0 0.3439910025706941 0.6611689814814815 0.03695372750642673 0.03761574074074074
0 0.3550771208226221 0.6135706018518519 0.05912596401028278 0.035590277777777776
0 0.35025706940874035 0.5769675925925926 0.03920308483290488 0.03761574074074074
0 0.3035025706940874 0.44155092592592593 0.05430591259640103 0.05092592592592592
0 0.2848650385604113 0.5049189814814815 0.03695372750642673 0.03993055555555555
0 0.29611182519280205 0.5791377314814815 0.04916452442159383 0.033275462962962965
0 0.7503213367609255 0.2986111111111111 0.056555269922879174 0.05787037037037037
0 0.6457262210796915 0.2377025462962963 0.02474293059125964 0.04658564814814815
0 0.6802699228791774 0.2298900462962963 0.03920308483290488 0.048900462962962965
0 0.6518316195372751 0.17780671296296297 0.05173521850899743 0.051215277777777776
0 0.7663881748071979 0.24768518518518517 0.03920308483290488 0.04861111111111111
0 0.6764138817480719 0.8872974537037037 0.02699228791773779 0.037905092592592594
0 0.7048521850899743 0.8839699074074074 0.039524421593830336 0.03530092592592592
0 0.6200192802056556 0.9027777777777778 0.03695372750642673 0.024305555555555556
0 0.5104434447300771 0.7559317129629629 0.05430591259640103 0.04311342592592592
0 0.3884961439588689 0.6600115740740741 0.043059125964010285 0.03298611111111111