0 0.43766066838046275 0.7510127314814815 0.05141388174807198 0.035590277777777776
0 0.4683483290488432 0.8951099537037037 0.04916452442159383 0.048900462962962965
0 0.47573907455012854 0.9438657407407407 0.039524421593830336 0.03530092592592592
0 0.6150385604113111 0.9516782407407407 0.032133676092544985 0.028935185185185185
0 0.6420308483290489 0.82421875 0.04177377892030849 0.044270833333333336
0 0.7061375321336761 0.7365451388888888 0.03695372750642673 0.04658564814814815
0 0.8255141388174807 0.6788194444444444 0.06426735218508997 0.05092592592592592
0 0.8316195372750642 0.6213831018518519 0.032133676092544985 0.033275462962962965
0 0.8918701799485861 0.5149016203703703 0.04916452442159383 0.04658564814814815
0 0.6309447300771208 0.3285590277777778 0.04916452442159383 0.051215277777777776
0 0.40938303341902316 0.34751157407407407 0.05912596401028278 0.05324074074074074
0 0.4130784061696658 0.43388310185185186 0.05687660668380463 0.06626157407407407
0 0.5226542416452442 0.28530092592592593 0.034383033419023136 0.03125
0 0.4276992287917738 0.2377025462962963 0.04177377892030849 0.04195601851851852
0 0.4069730077120823 0.19892939814814814 0.06394601542416452 0.044270833333333336
0 0.5089974293059126 0.1478587962962963 0.056555269922879174 0.03125
0 0.45485218508997427 0.13671875 0.03181233933161954 0.030960648148148147
0 0.5176735218508998 0.20109953703703703 0.05912596401028278 0.04456018518518518
0 0.3452763496143959 0.2154224537037037 0.04916452442159383 0.033275462962962965