0 0.6220657276995305 0.6524752475247525 0.046948356807511735 0.05742574257425743
0 0.5129107981220657 0.6504950495049505 0.04460093896713615 0.03762376237623762
0 0.5563380281690141 0.6534653465346535 0.04225352112676056 0.027722772277227723
0 0.5657276995305164 0.6841584158415842 0.051643192488262914 0.033663366336633666
0 0.5446009389671361 0.7069306930693069 0.04225352112676056 0.031683168316831684
0 0.5234741784037559 0.6831683168316832 0.03755868544600939 0.03564356435643564
0 0.46830985915492956 0.689108910891089 0.035211267605633804 0.047524752475247525
0 0.4753521126760563 0.6465346534653466 0.025821596244131457 0.041584158415841586
0 0.4131455399061033 0.6267326732673267 0.03755868544600939 0.033663366336633666
0 0.40492957746478875 0.696039603960396 0.03051643192488263 0.04554455445544554
0 0.460093896713615 0.7643564356435644 0.04225352112676056 0.04356435643564356
0 0.4847417840375587 0.802970297029703 0.04929577464788732 0.03762376237623762
0 0.5211267605633803 0.7574257425742574 0.03755868544600939 0.033663366336633666
0 0.568075117370892 0.7366336633663366 0.046948356807511735 0.039603960396039604
0 0.5774647887323944 0.7653465346534654 0.046948356807511735 0.0297029702970297
0 0.5868544600938967 0.7930693069306931 0.03755868544600939 0.03762376237623762
0 0.6678403755868545 0.7495049504950495 0.03051643192488263 0.033663366336633666
0 0.7147887323943662 0.7267326732673267 0.04460093896713615 0.04356435643564356
0 0.6455399061032864 0.8316831683168316 0.03755868544600939 0.039603960396039604
0 0.568075117370892 0.8663366336633663 0.03755868544600939 0.04950495049504951
0 0.49061032863849763 0.8356435643564356 0.023474178403755867 0.027722772277227723
0 0.6173708920187794 0.8851485148514852 0.03286384976525822 0.027722772277227723
0 0.6713615023474179 0.903960396039604 0.03286384976525822 0.03762376237623762
0 0.7265258215962441 0.8475247524752475 0.04460093896713615 0.039603960396039604
0 0.7276995305164319 0.8950495049504951 0.04225352112676056 0.039603960396039604
0 0.44014084507042256 0.6643564356435644 0.04460093896713615 0.05742574257425743