0 0.37612467866323906 0.21325231481481483 0.07165809768637532 0.024305555555555556
0 0.21224293059125965 0.3064236111111111 0.06394601542416452 0.04224537037037037
0 0.14476221079691518 0.33622685185185186 0.09607969151670952 0.05324074074074074
0 0.19633676092544988 0.44155092592592593 0.061696658097686374 0.03761574074074074
0 0.12001928020565553 0.43388310185185186 0.09093830334190231 0.05295138888888889
0 0.1926413881748072 0.49146412037037035 0.06394601542416452 0.048900462962962965
0 0.3022172236503856 0.5747974537037037 0.10122107969151671 0.059895833333333336
0 0.21481362467866325 0.6345486111111112 0.07872750642673522 0.1087962962962963
0 0.42046915167095117 0.8551793981481481 0.09093830334190231 0.030960648148148147
0 0.4844151670951157 0.8729745370370371 0.03181233933161954 0.06655092592592593
0 0.34286632390745503 0.9139178240740741 0.07390745501285347 0.055266203703703706
0 0.4143637532133676 0.8894675925925926 0.07872750642673522 0.06886574074074074
0 0.4040809768637532 0.8083043981481481 0.04980719794344473 0.024016203703703703
0 0.19408740359897173 0.8117766203703703 0.04434447300771208 0.022858796296296297
0 0.5165488431876607 0.7643229166666666 0.031169665809768637 0.024016203703703703
0 0.24791131105398456 0.7324942129629629 0.03888174807197944 0.025752314814814815
0 0.21352827763496143 0.5279224537037037 0.040809768637532134 0.02980324074074074
0 0.44617609254498714 0.7154224537037037 0.04787917737789203 0.02980324074074074
0 0.6123071979434447 0.29933449074074076 0.02988431876606684 0.055844907407407406
0 0.39524421593830333 0.7663483796296297 0.038560411311053984 0.02980324074074074
0 0.15151028277634962 0.46498842592592593 0.03888174807197944 0.031828703703703706