0 0.43189655172413793 0.2703751617076326 0.0706896551724138 0.03363518758085381
0 0.5137931034482759 0.32147477360931437 0.06206896551724138 0.029754204398447608
0 0.7068965517241379 0.3182406209573092 0.05862068965517241 0.056921086675291076
0 0.3543103448275862 0.41009055627425617 0.05 0.054333764553686936
0 0.4586206896551724 0.4055627425614489 0.05172413793103448 0.050452781371280724
0 0.5267241379310345 0.40426908150064683 0.0706896551724138 0.03492884864165589
0 0.4025862068965517 0.4844760672703752 0.06379310344827586 0.045278137128072445
0 0.2655172413793103 0.630012936610608 0.04482758620689655 0.03363518758085381
0 0.41120689655172415 0.535575679172057 0.05344827586206897 0.04915912031047866
0 0.5525862068965517 0.5206985769728332 0.0706896551724138 0.055627425614489
0 0.6086206896551725 0.4721862871927555 0.041379310344827586 0.04657179818887452
0 0.853448275862069 0.5433376455368694 0.04482758620689655 0.04139715394566624
0 0.8853448275862069 0.5899094437257438 0.039655172413793106 0.04139715394566624
0 0.9094827586206896 0.6630012936610608 0.05 0.037516170763260026
0 0.8448275862068966 0.6617076326002588 0.041379310344827586 0.040103492884864166
0 0.8025862068965517 0.6836998706338939 0.05 0.040103492884864166
0 0.6560344827586206 0.4715394566623545 0.04655172413793104 0.05304010349288486
0 0.21810344827586206 0.15265200517464425 0.06724137931034482 0.04657179818887452
0 0.1793103448275862 0.1649417852522639 0.08620689655172414 0.047865459249676584
0 0.2043103448275862 0.23932729624838292 0.0706896551724138 0.0517464424320828
0 0.2801724137931034 0.444372574385511 0.09137931034482759 0.05821474773609314
0 0.5905172413793104 0.6060802069857697 0.07413793103448275 0.03492884864165589
0 0.4982758620689655 0.8046571798188874 0.09655172413793103 0.0646830530401035
0 0.15172413793103448 0.2296248382923674 0.08275862068965517 0.05304010349288486
0 0.28879310344827586 0.203751617076326 0.09137931034482759 0.050452781371280724
0 0.3905172413793103 0.5789133247089263 0.06379310344827586 0.050452781371280724
0 0.35086206896551725 0.6617076326002588 0.06724137931034482 0.040103492884864166
0 0.325 0.703104786545925 0.0706896551724138 0.050452781371280724
0 0.33275862068965517 0.8415265200517464 0.10344827586206896 0.05304010349288486
0 0.3448275862068966 0.9217335058214747 0.07241379310344828 0.040103492884864166
0 0.5060344827586207 0.7147477360931436 0.04655172413793104 0.027166882276843468
0 0.5103448275862069 0.9023285899094438 0.06206896551724138 0.055627425614489
0 0.5887931034482758 0.7128072445019404 0.03620689655172414 0.056921086675291076
0 0.6491379310344828 0.6811125485122898 0.056896551724137934 0.055627425614489
0 0.45517241379310347 0.6720569210866753 0.06551724137931035 0.050452781371280724
0 0.34051724137931033 0.5084087968952135 0.0603448275862069 0.031047865459249677
0 0.8474137931034482 0.7199223803363519 0.056896551724137934 0.05304010349288486
0 0.45689655172413796 0.7451487710219923 0.05172413793103448 0.031047865459249677
0 0.5094827586206897 0.7483829236739974 0.05344827586206897 0.037516170763260026
0 0.2413793103448276 0.5582147477360931 0.06896551724137931 0.040103492884864166
0 0.28879310344827586 0.1649417852522639 0.06379310344827586 0.03234152652005175
0 0.5801724137931035 0.26714100905562743 0.04310344827586207 0.03492884864165589
0 0.19655172413793104 0.7283311772315654 0.06896551724137931 0.03363518758085381
0 0.7155172413793104 0.9113842173350583 0.041379310344827586 0.029754204398447608
0 0.6422413793103449 0.9107373868046572 0.07758620689655173 0.0724450194049159
0 0.7086206896551724 0.5627425614489003 0.04827586206896552 0.031047865459249677
0 0.6137931034482759 0.3499353169469599 0.08275862068965517 0.050452781371280724
0 0.4267241379310345 0.8990944372574385 0.04655172413793104 0.03622250970245795
0 0.4646551724137931 0.9172056921086675 0.05 0.03622250970245795
0 0.7198275862068966 0.4683053040103493 0.06724137931034482 0.04657179818887452
0 0.2620689655172414 0.4935316946959897 0.041379310344827586 0.029754204398447608
0 0.3 0.500646830530401 0.041379310344827586 0.04657179818887452
0 0.30431034482758623 0.5349288486416559 0.039655172413793106 0.042690815006468305
0 0.4698275862068966 0.6241914618369987 0.05 0.045278137128072445
0 0.5112068965517241 0.6190168175937905 0.04655172413793104 0.045278137128072445
0 0.5163793103448275 0.4540750323415265 0.056896551724137934 0.03880983182406209
0 0.5043103448275862 0.2729624838292367 0.06379310344827586 0.04398447606727038
0 0.7836206896551724 0.5342820181112549 0.05344827586206897 0.04398447606727038