0 0.45115681233933164 0.6213831018518519 0.03920308483290488 0.033275462962962965
0 0.43026992287917737 0.5413773148148148 0.036632390745501286 0.03761574074074074
0 0.2222043701799486 0.43388310185185186 0.05430591259640103 0.039641203703703706
0 0.18043059125964012 0.4548611111111111 0.01960154241645244 0.03761574074074074
0 0.5731041131105399 0.30758101851851855 0.06137532133676093 0.05324074074074074
0 0.6924807197943444 0.26200810185185186 0.04434447300771208 0.04658564814814815
0 0.36873393316195374 0.6278935185185185 0.03695372750642673 0.07291666666666667
0 0.32181876606683807 0.6290509259259259 0.05173521850899743 0.061921296296296294
0 0.4265745501285347 0.7432002314814815 0.04402313624678663 0.051215277777777776
0 0.31458868894601544 0.7199074074074074 0.061696658097686374 0.05324074074074074
0 0.2763496143958869 0.7177372685185185 0.03920308483290488 0.030960648148148147
0 0.24566195372750643 0.6245659722222222 0.05173521850899743 0.07552083333333333
0 0.21111825192802056 0.6100983796296297 0.036632390745501286 0.04658564814814815
0 0.1706298200514139 0.5182291666666666 0.04434447300771208 0.03993055555555555
0 0.14090616966580977 0.5791377314814815 0.039524421593830336 0.033275462962962965
0 0.1063624678663239 0.6257233796296297 0.02956298200514139 0.04195601851851852
0 0.1384961439588689 0.6521990740740741 0.01992287917737789 0.03761574074074074
0 0.1643637532133676 0.7175925925925926 0.04209511568123393 0.05324074074074074
0 0.20260282776349614 0.7077546296296297 0.034383033419023136 0.024305555555555556
0 0.19890745501285348 0.7598379629629629 0.032133676092544985 0.04861111111111111
0 0.24068123393316196 0.7874710648148148 0.04177377892030849 0.033275462962962965
0 0.18782133676092544 0.7975983796296297 0.034383033419023136 0.030960648148148147
0 0.21111825192802056 0.8197337962962963 0.036632390745501286 0.03125
0 0.26269280205655526 0.8362268518518519 0.05173521850899743 0.03761574074074074
0 0.39460154241645246 0.8120659722222222 0.05912596401028278 0.033275462962962965
0 0.3304948586118252 0.8651620370370371 0.034383033419023136 0.046296296296296294
0 0.4844151670951157 0.9360532407407407 0.05687660668380463 0.03761574074074074