0 0.5001929012345679 0.19470164609053497 0.03742283950617284 0.061213991769547324
0 0.4714506172839506 0.19804526748971193 0.02700617283950617 0.04526748971193416
0 0.4315200617283951 0.19007201646090535 0.02199074074074074 0.047839506172839504
0 0.36496913580246915 0.19135802469135801 0.04398148148148148 0.04526748971193416
0 0.39274691358024694 0.21733539094650206 0.032407407407407406 0.042695473251028807
0 0.42573302469135804 0.25565843621399176 0.02044753086419753 0.024691358024691357
0 0.4402006172839506 0.29835390946502055 0.02854938271604938 0.047325102880658436
0 0.4849537037037037 0.275977366255144 0.04089506172839506 0.042695473251028807
0 0.3140432098765432 0.24768518518518517 0.023919753086419752 0.044753086419753084
0 0.3099922839506173 0.31301440329218105 0.03896604938271605 0.044753086419753084
0 0.28877314814814814 0.3343621399176955 0.04050925925925926 0.060699588477366256
0 0.41473765432098764 0.3479938271604938 0.035493827160493825 0.029320987654320986
0 0.44425154320987653 0.3536522633744856 0.013503086419753086 0.04063786008230453
0 0.4699074074074074 0.37165637860082307 0.02700617283950617 0.03137860082304527
0 0.45949074074074076 0.488940329218107 0.02700617283950617 0.02726337448559671
0 0.5738811728395061 0.4122942386831276 0.045910493827160496 0.04989711934156379
0 0.2025462962962963 0.4426440329218107 0.04398148148148148 0.051954732510288065
0 0.17689043209876543 0.47762345679012347 0.057484567901234566 0.04989711934156379
0 0.26157407407407407 0.588477366255144 0.033950617283950615 0.04526748971193416
0 0.32175925925925924 0.573559670781893 0.04552469135802469 0.060699588477366256
0 0.4012345679012346 0.5612139917695473 0.06944444444444445 0.04938271604938271
0 0.18209876543209877 0.6368312757201646 0.037037037037037035 0.043209876543209874
0 0.30478395061728397 0.6188271604938271 0.035493827160493825 0.033950617283950615
0 0.27276234567901236 0.6424897119341564 0.02546296296296296 0.04526748971193416
0 0.30478395061728397 0.6538065843621399 0.038580246913580245 0.04938271604938271
0 0.22858796296296297 0.676440329218107 0.059027777777777776 0.05864197530864197
0 0.1873070987654321 0.7281378600823045 0.047453703703703706 0.04063786008230453
0 0.23881172839506173 0.7584876543209876 0.035493827160493825 0.042695473251028807
0 0.22955246913580246 0.8117283950617284 0.04398148148148148 0.0360082304526749
0 0.22511574074074073 0.8837448559670782 0.03896604938271605 0.04526748971193416
0 0.2835648148148148 0.772119341563786 0.037037037037037035 0.047325102880658436
0 0.2667824074074074 0.8227880658436214 0.04050925925925926 0.06327160493827161
0 0.3175154320987654 0.7507716049382716 0.0470679012345679 0.05401234567901234
0 0.3387345679012346 0.6998456790123457 0.0625 0.051954732510288065
0 0.3775077160493827 0.6718106995884774 0.048996913580246916 0.0360082304526749
0 0.39795524691358025 0.7178497942386831 0.03896604938271605 0.051954732510288065
0 0.45023148148148145 0.6795267489711934 0.018518518518518517 0.024691358024691357
0 0.4832175925925926 0.7260802469135802 0.04050925925925926 0.05401234567901234
0 0.41396604938271603 0.8487654320987654 0.037037037037037035 0.03806584362139918
0 0.33275462962962965 0.8464506172839507 0.047453703703703706 0.042695473251028807
0 0.5266203703703703 0.5882201646090535 0.05246913580246913 0.06738683127572016
0 0.38753858024691357 0.46579218106995884 0.028935185185185185 0.04063786008230453
0 0.3773148148148148 0.5203189300411523 0.034722222222222224 0.04681069958847737
0 0.2021604938271605 0.5439814814814815 0.026234567901234566 0.028292181069958847
0 0.16435185185185186 0.5707304526748971 0.027777777777777776 0.03446502057613169
0 0.3090277777777778 0.8927469135802469 0.033179012345679014 0.03960905349794239
0 0.3449074074074074 0.9143518518518519 0.035493827160493825 0.041666666666666664
0 0.1394675925925926 0.7368827160493827 0.03125 0.03652263374485597
0 0.4855324074074074 0.6275720164609053 0.03356481481481482 0.043209876543209874
0 0.38503086419753085 0.8112139917695473 0.044753086419753084 0.05452674897119342
0 0.2334104938271605 0.6087962962962963 0.034722222222222224 0.03755144032921811
0 0.16763117283950618 0.51440329218107 0.03279320987654321 0.044238683127572016