0 0.26767352185089976 0.43171296296296297 0.032133676092544985 0.02662037037037037
0 0.1495822622107969 0.4305555555555556 0.04209511568123393 0.04224537037037037
0 0.10652313624678664 0.49927662037037035 0.02474293059125964 0.037905092592592594
0 0.273939588688946 0.39076967592592593 0.039524421593830336 0.033275462962962965
0 0.5200835475578406 0.23755787037037038 0.04916452442159383 0.05092592592592592
0 0.48682519280205655 0.28197337962962965 0.04177377892030849 0.037905092592592594
0 0.5261889460154242 0.3328993055555556 0.03695372750642673 0.033275462962962965
0 0.5841902313624678 0.19444444444444445 0.03470437017994859 0.03530092592592592
0 0.6111825192802056 0.21339699074074073 0.02956298200514139 0.033275462962962965
0 0.4400706940874036 0.7498553240740741 0.046593830334190234 0.037905092592592594
0 0.4193444730077121 0.7753182870370371 0.04434447300771208 0.035590277777777776
0 0.43026992287917737 0.8608217592592593 0.04177377892030849 0.03761574074074074
0 0.3441516709511568 0.8606770833333334 0.056555269922879174 0.04658564814814815
0 0.480719794344473 0.96484375 0.02442159383033419 0.04658564814814815
0 0.5952763496143959 0.9360532407407407 0.05687660668380463 0.05092592592592592
0 0.3157133676092545 0.8097511574074074 0.01960154241645244 0.04195601851851852
0 0.299646529562982 0.7332175925925926 0.03695372750642673 0.02662037037037037
0 0.2763496143958869 0.7631655092592593 0.02956298200514139 0.037905092592592594
0 0.2541773778920309 0.8230613425925926 0.02442159383033419 0.019965277777777776
0 0.2320051413881748 0.7232349537037037 0.01992287917737789 0.037905092592592594
0 0.19762210796915167 0.7355324074074074 0.02442159383033419 0.03993055555555555
0 0.15697300771208225 0.7365451388888888 0.02731362467866324 0.04658564814814815
0 0.18766066838046272 0.6999421296296297 0.04434447300771208 0.03125
0 0.15456298200514137 0.6688368055555556 0.032133676092544985 0.030960648148148147