0 0.5570372750642674 0.2355324074074074 0.04916452442159383 0.024305555555555556
0 0.19874678663239073 0.5325520833333334 0.02217223650385604 0.033275462962962965
0 0.21609897172236503 0.5603298611111112 0.03181233933161954 0.044270833333333336
0 0.20854755784061696 0.5891203703703703 0.04177377892030849 0.02199074074074074
0 0.20131748071979436 0.6180555555555556 0.03181233933161954 0.03993055555555555
0 0.2898457583547558 0.6202256944444444 0.04177377892030849 0.044270833333333336
0 0.23441516709511567 0.6312210648148148 0.02474293059125964 0.030960648148148147
0 0.2776349614395887 0.6877893518518519 0.02699228791773779 0.028935185185185185
0 0.22702442159383032 0.7122395833333334 0.04916452442159383 0.033275462962962965
0 0.2541773778920309 0.734375 0.02956298200514139 0.028935185185185185
0 0.2911311053984576 0.7543402777777778 0.02442159383033419 0.04224537037037037
0 0.32069408740359895 0.6909722222222222 0.02442159383033419 0.03993055555555555
0 0.34656169665809766 0.6688368055555556 0.04209511568123393 0.044270833333333336
0 0.3589331619537275 0.7144097222222222 0.04177377892030849 0.04224537037037037
0 0.25289203084832906 0.7853009259259259 0.02699228791773779 0.03761574074074074
0 0.3195694087403599 0.7776331018518519 0.03695372750642673 0.035590277777777776
0 0.33547557840616965 0.8019386574074074 0.03470437017994859 0.030960648148148147
0 0.3035025706940874 0.8683449074074074 0.034383033419023136 0.02662037037037037
0 0.421754498714653 0.7753182870370371 0.02474293059125964 0.035590277777777776
0 0.3724293059125964 0.7664930555555556 0.03920308483290488 0.03125
0 0.40070694087403597 0.7243923611111112 0.04691516709511568 0.044270833333333336
0 0.42287917737789205 0.6911168981481481 0.056555269922879174 0.02228009259259259
0 0.46240359897172234 0.6778067129629629 0.04177377892030849 0.01765046296296296
0 0.44505141388174807 0.6247106481481481 0.04177377892030849 0.03993055555555555
0 0.39090616966580977 0.6079282407407407 0.046593830334190234 0.024305555555555556
0 0.4892352185089974 0.8706597222222222 0.06651670951156813 0.03993055555555555
0 0.39090616966580977 0.6401909722222222 0.04209511568123393 0.044270833333333336