0 0.6581395348837209 0.2441588785046729 0.05116279069767442 0.07242990654205607
0 0.38372093023255816 0.29789719626168226 0.05116279069767442 0.04439252336448598
0 0.39767441860465114 0.35514018691588783 0.037209302325581395 0.0514018691588785
0 0.5279069767441861 0.15771028037383178 0.07441860465116279 0.04439252336448598
0 0.4604651162790698 0.2102803738317757 0.05581395348837209 0.07009345794392523
0 0.42674418604651165 0.18808411214953272 0.044186046511627906 0.08177570093457943
0 0.7593023255813953 0.4264018691588785 0.04883720930232558 0.05841121495327103
0 0.7046511627906977 0.45093457943925236 0.04186046511627907 0.0514018691588785
0 0.622093023255814 0.3983644859813084 0.04883720930232558 0.0630841121495327
0 0.7895348837209303 0.5502336448598131 0.044186046511627906 0.053738317757009345
0 0.8755813953488372 0.5595794392523364 0.044186046511627906 0.06775700934579439
0 0.6697674418604651 0.602803738317757 0.05581395348837209 0.056074766355140186
0 0.608139534883721 0.7441588785046729 0.04883720930232558 0.04439252336448598
0 0.7267441860465116 0.8598130841121495 0.053488372093023255 0.04672897196261682
0 0.6906976744186046 0.927570093457944 0.04186046511627907 0.06074766355140187
0 0.8511627906976744 0.844626168224299 0.07441860465116279 0.053738317757009345
0 0.6627906976744186 0.9123831775700935 0.03255813953488372 0.0397196261682243
0 0.522093023255814 0.7967289719626168 0.05813953488372093 0.06542056074766354
0 0.386046511627907 0.6950934579439252 0.06511627906976744 0.0630841121495327
0 0.18604651162790697 0.647196261682243 0.08372093023255814 0.06542056074766354
0 0.2813953488372093 0.7745327102803738 0.06511627906976744 0.0630841121495327
0 0.30465116279069765 0.2546728971962617 0.04186046511627907 0.037383177570093455
0 0.5430232558139535 0.25817757009345793 0.06279069767441861 0.0630841121495327
0 0.6162790697674418 0.3177570093457944 0.05116279069767442 0.0514018691588785
0 0.5627906976744186 0.08995327102803738 0.08372093023255814 0.053738317757009345
0 0.6965116279069767 0.17172897196261683 0.07674418604651163 0.0630841121495327
0 0.8127906976744186 0.40654205607476634 0.04883720930232558 0.056074766355140186
0 0.736046511627907 0.5105140186915887 0.04883720930232558 0.05841121495327103
0 0.7732558139534884 0.6740654205607477 0.07209302325581396 0.053738317757009345
0 0.9651162790697675 0.477803738317757 0.04186046511627907 0.07242990654205607
0 0.6674418604651163 0.7967289719626168 0.05581395348837209 0.0514018691588785
0 0.6139534883720931 0.8738317757009346 0.05116279069767442 0.07009345794392523
0 0.7941860465116279 0.8843457943925234 0.030232558139534883 0.030373831775700934
0 0.7569767441860465 0.9357476635514018 0.01627906976744186 0.016355140186915886
0 0.7418604651162791 0.9042056074766355 0.05581395348837209 0.06542056074766354
0 0.37790697674418605 0.7570093457943925 0.06279069767441861 0.056074766355140186
0 0.3302325581395349 0.49182242990654207 0.04186046511627907 0.05841121495327103
0 0.46744186046511627 0.3925233644859813 0.05581395348837209 0.07009345794392523
0 0.5395348837209303 0.34345794392523366 0.046511627906976744 0.04205607476635514
0 0.4662790697674419 0.2757009345794392 0.044186046511627906 0.04672897196261682
0 0.7186046511627907 0.7464953271028038 0.04186046511627907 0.0397196261682243
0 0.6232558139534884 0.9334112149532711 0.04186046511627907 0.035046728971962614
0 0.1813953488372093 0.7091121495327103 0.06046511627906977 0.0397196261682243
0 0.7209302325581395 0.23014018691588786 0.05116279069767442 0.04906542056074766
0 0.7953488372093023 0.16004672897196262 0.06511627906976744 0.0630841121495327
0 0.6651162790697674 0.5397196261682243 0.05581395348837209 0.056074766355140186
0 0.827906976744186 0.30257009345794394 0.05581395348837209 0.06775700934579439
0 0.6686046511627907 0.07710280373831775 0.04883720930232558 0.0514018691588785
0 0.5895348837209302 0.21728971962616822 0.07209302325581396 0.0514018691588785
0 0.663953488372093 0.03387850467289719 0.06279069767441861 0.04906542056074766
0 0.7709302325581395 0.8387850467289719 0.05813953488372093 0.0514018691588785
0 0.7313953488372092 0.6203271028037384 0.053488372093023255 0.0630841121495327