0 0.68 0.441875 0.04666666666666667 0.04875
0 0.6441666666666667 0.406875 0.041666666666666664 0.04375
0 0.5975 0.405625 0.04833333333333333 0.04125
0 0.6516666666666666 0.47875 0.056666666666666664 0.0425
0 0.62 0.45 0.05 0.0375
0 0.5866666666666667 0.48875 0.05 0.045
0 0.555 0.454375 0.056666666666666664 0.05625
0 0.4525 0.3925 0.058333333333333334 0.06
0 0.39666666666666667 0.345 0.04666666666666667 0.045
0 0.3525 0.339375 0.058333333333333334 0.05625
0 0.31333333333333335 0.40125 0.06 0.06
0 0.375 0.4 0.05333333333333334 0.04
0 0.535 0.538125 0.06 0.03125
0 0.435 0.583125 0.09 0.07875
0 0.4925 0.5875 0.06166666666666667 0.055
0 0.5566666666666666 0.633125 0.05333333333333334 0.04375
0 0.5475 0.67625 0.035 0.025
0 0.6641666666666667 0.64375 0.075 0.035
0 0.6316666666666667 0.7025 0.05 0.0375
0 0.685 0.608125 0.043333333333333335 0.04875
0 0.5608333333333333 0.58 0.06833333333333333 0.0575
0 0.6241666666666666 0.53875 0.105 0.055
0 0.6816666666666666 0.51625 0.05 0.055
0 0.48083333333333333 0.49875 0.06166666666666667 0.05
0 0.37416666666666665 0.44375 0.06166666666666667 0.0425
0 0.46 0.21375 0.04 0.0525
0 0.4875 0.181875 0.065 0.04625
0 0.45166666666666666 0.1475 0.05 0.04
0 0.5383333333333333 0.095 0.06 0.0375
0 0.63 0.1775 0.08333333333333333 0.065
0 0.6716666666666666 0.079375 0.05333333333333334 0.05125
0 0.6091666666666666 0.05125 0.041666666666666664 0.0375
0 0.7033333333333334 0.05625 0.05333333333333334 0.045
0 0.7633333333333333 0.114375 0.06 0.04375
0 0.6483333333333333 0.360625 0.04666666666666667 0.03125
0 0.4583333333333333 0.295625 0.05333333333333334 0.02625
0 0.44166666666666665 0.265625 0.04666666666666667 0.03625
0 0.6075 0.24375 0.058333333333333334 0.0375
0 0.7508333333333334 0.469375 0.045 0.03625
0 0.73 0.551875 0.04666666666666667 0.02875
0 0.7075 0.140625 0.058333333333333334 0.04625
0 0.7116666666666667 0.6875 0.05333333333333334 0.0375
0 0.8083333333333333 0.679375 0.03 0.02625
0 0.7291666666666666 0.72125 0.051666666666666666 0.02
0 0.7583333333333333 0.705625 0.04 0.02375
0 0.4666666666666667 0.4375 0.03666666666666667 0.0275
0 0.6283333333333333 0.131875 0.05 0.02625
0 0.37 0.538125 0.043333333333333335 0.02875
0 0.2841666666666667 0.455 0.035 0.025
0 0.285 0.484375 0.03666666666666667 0.02875
0 0.8466666666666667 0.108125 0.03666666666666667 0.02875
0 0.6716666666666666 0.02125 0.06 0.0325
0 0.5966666666666667 0.1 0.06666666666666667 0.035
0 0.7533333333333333 0.08 0.043333333333333335 0.03
0 0.4775 0.661875 0.041666666666666664 0.02625
0 0.4583333333333333 0.6425 0.05333333333333334 0.035
0 0.37 0.566875 0.04 0.02875
0 0.5091666666666667 0.405 0.045 0.03
0 0.4266666666666667 0.47875 0.04 0.0325