0 0.4463276836158192 0.14395604395604394 0.062146892655367235 0.03296703296703297
0 0.4646892655367232 0.0912087912087912 0.059322033898305086 0.024175824175824177
0 0.4350282485875706 0.023076923076923078 0.05084745762711865 0.046153846153846156
0 0.481638418079096 0.05054945054945055 0.07062146892655367 0.05274725274725275
0 0.6073446327683616 0.1043956043956044 0.0847457627118644 0.03736263736263736
0 0.5706214689265536 0.15384615384615385 0.07344632768361582 0.035164835164835165
0 0.5451977401129944 0.1813186813186813 0.05084745762711865 0.02857142857142857
0 0.632768361581921 0.17252747252747253 0.06779661016949153 0.05054945054945055
0 0.6440677966101694 0.22417582417582418 0.062146892655367235 0.05274725274725275
0 0.5918079096045198 0.21428571428571427 0.05367231638418079 0.041758241758241756
0 0.5098870056497176 0.21868131868131868 0.05367231638418079 0.054945054945054944
0 0.461864406779661 0.2571428571428571 0.05367231638418079 0.03076923076923077
0 0.4731638418079096 0.2989010989010989 0.0423728813559322 0.04835164835164835
0 0.556497175141243 0.2857142857142857 0.04519774011299435 0.04835164835164835
0 0.3940677966101695 0.17692307692307693 0.031073446327683617 0.041758241758241756
0 0.6709039548022598 0.38461538461538464 0.05367231638418079 0.04835164835164835
0 0.4364406779661017 0.3912087912087912 0.06497175141242938 0.035164835164835165
0 0.2796610169491525 0.4978021978021978 0.03954802259887006 0.03736263736263736
0 0.2132768361581921 0.4978021978021978 0.059322033898305086 0.05054945054945055
0 0.5028248587570622 0.45054945054945056 0.07344632768361582 0.05274725274725275
0 0.6031073446327684 0.42417582417582417 0.0480225988700565 0.03956043956043956
0 0.652542372881356 0.4835164835164835 0.05649717514124294 0.05274725274725275
0 0.5409604519774012 0.4956043956043956 0.059322033898305086 0.054945054945054944
0 0.5494350282485876 0.5725274725274725 0.059322033898305086 0.046153846153846156
0 0.4378531073446328 0.512087912087912 0.062146892655367235 0.03956043956043956
0 0.4251412429378531 0.45164835164835165 0.05367231638418079 0.03736263736263736
0 0.3615819209039548 0.4956043956043956 0.03389830508474576 0.01978021978021978
0 0.3954802259887006 0.5373626373626373 0.05084745762711865 0.05054945054945055
0 0.3898305084745763 0.5758241758241758 0.05084745762711865 0.04395604395604396
0 0.3234463276836158 0.6263736263736264 0.059322033898305086 0.04395604395604396
0 0.3248587570621469 0.654945054945055 0.05084745762711865 0.05274725274725275
0 0.4322033898305085 0.6208791208791209 0.062146892655367235 0.046153846153846156
0 0.4661016949152542 0.5835164835164836 0.06779661016949153 0.041758241758241756
0 0.4378531073446328 0.676923076923077 0.062146892655367235 0.04395604395604396
0 0.5 0.6934065934065934 0.04519774011299435 0.03296703296703297
0 0.5706214689265536 0.6868131868131868 0.06779661016949153 0.041758241758241756
0 0.3361581920903955 0.7461538461538462 0.06779661016949153 0.02857142857142857
0 0.268361581920904 0.7736263736263737 0.06779661016949153 0.05714285714285714
0 0.3333333333333333 0.4472527472527473 0.0847457627118644 0.05934065934065934
0 0.4943502824858757 0.38571428571428573 0.062146892655367235 0.054945054945054944
0 0.5663841807909604 0.35494505494505496 0.06497175141242938 0.03736263736263736
0 0.632768361581921 0.5681318681318681 0.06779661016949153 0.07692307692307693
0 0.5536723163841808 0.6395604395604395 0.07909604519774012 0.06153846153846154
0 0.288135593220339 0.7164835164835165 0.07909604519774012 0.05714285714285714
0 0.2584745762711864 0.6241758241758242 0.05367231638418079 0.03956043956043956
0 0.2189265536723164 0.8604395604395605 0.0423728813559322 0.03296703296703297
0 0.3912429378531073 0.7615384615384615 0.0480225988700565 0.05054945054945055
0 0.3686440677966102 0.7153846153846154 0.05367231638418079 0.041758241758241756
0 0.4632768361581921 0.7164835164835165 0.03389830508474576 0.035164835164835165
0 0.4689265536723164 0.756043956043956 0.03954802259887006 0.03076923076923077
0 0.4661016949152542 0.7956043956043956 0.05084745762711865 0.035164835164835165
0 0.14124293785310735 0.6538461538461539 0.04519774011299435 0.041758241758241756
0 0.5932203389830508 0.5065934065934066 0.05084745762711865 0.054945054945054944