0 0.505586592178771 0.0625 0.08379888268156424 0.03333333333333333
0 0.46368715083798884 0.09375 0.0670391061452514 0.029166666666666667
0 0.5726256983240223 0.09791666666666667 0.08379888268156424 0.0375
0 0.43854748603351956 0.18333333333333332 0.03910614525139665 0.03333333333333333
0 0.5167597765363129 0.2 0.12849162011173185 0.06666666666666667
0 0.3016759776536313 0.15416666666666667 0.0893854748603352 0.041666666666666664
0 0.3547486033519553 0.11666666666666667 0.08379888268156424 0.041666666666666664
0 0.3016759776536313 0.29583333333333334 0.055865921787709494 0.05
0 0.4720670391061452 0.25 0.10614525139664804 0.05
0 0.44692737430167595 0.30416666666666664 0.0893854748603352 0.05
0 0.4720670391061452 0.35625 0.12849162011173185 0.04583333333333333
0 0.24860335195530725 0.3645833333333333 0.07262569832402235 0.0625
0 0.3575418994413408 0.40625 0.0893854748603352 0.029166666666666667
0 0.30726256983240224 0.4479166666666667 0.0670391061452514 0.04583333333333333
0 0.36312849162011174 0.45416666666666666 0.0670391061452514 0.025
0 0.12569832402234637 0.5729166666666666 0.061452513966480445 0.04583333333333333
0 0.23184357541899442 0.5583333333333333 0.027932960893854747 0.03333333333333333
0 0.2905027932960894 0.5583333333333333 0.0446927374301676 0.058333333333333334
0 0.276536312849162 0.6083333333333333 0.10614525139664804 0.05
0 0.29329608938547486 0.6666666666666666 0.061452513966480445 0.05
0 0.40782122905027934 0.5458333333333333 0.0893854748603352 0.058333333333333334
0 0.46089385474860334 0.51875 0.061452513966480445 0.05416666666666667
0 0.3659217877094972 0.5916666666666667 0.09497206703910614 0.06666666666666667
0 0.44972067039106145 0.5979166666666667 0.05027932960893855 0.0375
0 0.39664804469273746 0.6645833333333333 0.0670391061452514 0.05416666666666667
0 0.441340782122905 0.66875 0.0446927374301676 0.0375
0 0.6201117318435754 0.6645833333333333 0.055865921787709494 0.0625
0 0.6061452513966481 0.7229166666666667 0.05027932960893855 0.05416666666666667
0 0.5586592178770949 0.7625 0.0782122905027933 0.058333333333333334
0 0.5726256983240223 0.80625 0.03910614525139665 0.0375
0 0.43854748603351956 0.81875 0.05027932960893855 0.04583333333333333
0 0.5391061452513967 0.8604166666666667 0.061452513966480445 0.04583333333333333
0 0.6312849162011173 0.84375 0.055865921787709494 0.029166666666666667
0 0.7681564245810056 0.9229166666666667 0.05027932960893855 0.020833333333333332
0 0.6424581005586593 0.8916666666666667 0.0335195530726257 0.05
0 0.7262569832402235 0.9645833333333333 0.055865921787709494 0.0375
0 0.7262569832402235 0.8083333333333333 0.1005586592178771 0.075
0 0.5307262569832403 0.48333333333333334 0.055865921787709494 0.041666666666666664
0 0.7569832402234636 0.5041666666666667 0.05027932960893855 0.041666666666666664
0 0.840782122905028 0.5020833333333333 0.061452513966480445 0.05416666666666667
0 0.5865921787709497 0.58125 0.0446927374301676 0.0375
0 0.547486033519553 0.6645833333333333 0.0670391061452514 0.0375
0 0.4972067039106145 0.6604166666666667 0.055865921787709494 0.04583333333333333
0 0.5223463687150838 0.6208333333333333 0.061452513966480445 0.041666666666666664
0 0.441340782122905 0.425 0.0446927374301676 0.03333333333333333
0 0.553072625698324 0.14375 0.055865921787709494 0.04583333333333333
0 0.441340782122905 0.7520833333333333 0.0670391061452514 0.0375
0 0.4888268156424581 0.7625 0.061452513966480445 0.041666666666666664
0 0.7430167597765364 0.6645833333333333 0.0670391061452514 0.0375
0 0.6983240223463687 0.5958333333333333 0.0446927374301676 0.03333333333333333
0 0.6452513966480447 0.5854166666666667 0.061452513966480445 0.0375
0 0.7150837988826816 0.6229166666666667 0.0446927374301676 0.0375
0 0.7067039106145251 0.5458333333333333 0.05027932960893855 0.03333333333333333
0 0.25139664804469275 0.51875 0.055865921787709494 0.029166666666666667