0 0.4537275064267352 0.6167534722222222 0.03920308483290488 0.033275462962962965
0 0.07326478149100257 0.5070891203703703 0.04177377892030849 0.035590277777777776
0 0.150706940874036 0.34519675925925924 0.02956298200514139 0.03993055555555555
0 0.26767352185089976 0.2907986111111111 0.02699228791773779 0.024305555555555556
0 0.29980719794344474 0.7798032407407407 0.02699228791773779 0.02662037037037037
0 0.39701156812339333 0.90625 0.039524421593830336 0.03993055555555555
0 0.35395244215938304 0.9771412037037037 0.03695372750642673 0.03125
0 0.2776349614395887 0.9638310185185185 0.032133676092544985 0.02662037037037037
0 0.45115681233933164 0.9295428240740741 0.02956298200514139 0.04658564814814815
0 0.4893958868894602 0.9438657407407407 0.04691516709511568 0.03993055555555555
0 0.5472365038560412 0.9505208333333334 0.03920308483290488 0.03125
0 0.5498071979434447 0.9027777777777778 0.05912596401028278 0.05092592592592592
0 0.38962082262210795 0.9583333333333334 0.034383033419023136 0.03761574074074074
0 0.21481362467866325 0.9338831018518519 0.07872750642673522 0.04658564814814815