0 0.5677083333333334 0.6180555555555556 0.035416666666666666 0.03611111111111111
0 0.5729166666666666 0.7541666666666667 0.03333333333333333 0.041666666666666664
0 0.5770833333333333 0.6597222222222222 0.041666666666666664 0.041666666666666664
0 0.5208333333333334 0.8111111111111111 0.029166666666666667 0.05555555555555555
0 0.5572916666666666 0.8305555555555556 0.027083333333333334 0.03333333333333333
0 0.459375 0.875 0.035416666666666666 0.05555555555555555
0 0.46979166666666666 0.5402777777777777 0.03125 0.019444444444444445
0 0.4947916666666667 0.19305555555555556 0.03125 0.03611111111111111
0 0.46145833333333336 0.1986111111111111 0.027083333333333334 0.030555555555555555
0 0.5041666666666667 0.23333333333333334 0.0375 0.03333333333333333
0 0.47708333333333336 0.2861111111111111 0.029166666666666667 0.027777777777777776
0 0.46145833333333336 0.31666666666666665 0.04791666666666667 0.03333333333333333
0 0.5708333333333333 0.2375 0.05 0.041666666666666664
0 0.5791666666666667 0.3013888888888889 0.029166666666666667 0.06388888888888888
0 0.64375 0.3375 0.03333333333333333 0.05277777777777778
0 0.55 0.3388888888888889 0.03333333333333333 0.03333333333333333
0 0.6208333333333333 0.32083333333333336 0.025 0.04722222222222222
0 0.615625 0.25833333333333336 0.022916666666666665 0.03333333333333333
0 0.5427083333333333 0.36944444444444446 0.027083333333333334 0.027777777777777776
0 0.5041666666666667 0.37222222222222223 0.041666666666666664 0.05555555555555555
0 0.478125 0.4125 0.01875 0.030555555555555555
0 0.5489583333333333 0.425 0.027083333333333334 0.03888888888888889
0 0.44375 0.39305555555555555 0.029166666666666667 0.04722222222222222
0 0.4375 0.4583333333333333 0.03333333333333333 0.03888888888888889
0 0.44895833333333335 0.5791666666666667 0.05625 0.05277777777777778
0 0.4583333333333333 0.6472222222222223 0.05 0.05
0 0.4822916666666667 0.6763888888888889 0.027083333333333334 0.03611111111111111
0 0.5177083333333333 0.6875 0.04375 0.058333333333333334
0 0.48020833333333335 0.7361111111111112 0.052083333333333336 0.044444444444444446
0 0.5114583333333333 0.7597222222222222 0.03125 0.03611111111111111
0 0.4270833333333333 0.6861111111111111 0.041666666666666664 0.03888888888888889
0 0.41458333333333336 0.7222222222222222 0.029166666666666667 0.05555555555555555
0 0.4 0.6513888888888889 0.0375 0.03611111111111111
0 0.36770833333333336 0.6583333333333333 0.027083333333333334 0.03888888888888889
0 0.38229166666666664 0.7736111111111111 0.03958333333333333 0.03611111111111111
0 0.415625 0.8388888888888889 0.022916666666666665 0.05
0 0.425 0.7805555555555556 0.04583333333333333 0.06666666666666667
0 0.590625 0.7125 0.022916666666666665 0.03611111111111111
0 0.48125 0.7805555555555556 0.03333333333333333 0.044444444444444446
0 0.5072916666666667 0.4388888888888889 0.052083333333333336 0.07777777777777778
0 0.5666666666666667 0.48055555555555557 0.041666666666666664 0.03333333333333333
0 0.5427083333333333 0.49583333333333335 0.03125 0.030555555555555555
0 0.5020833333333333 0.31527777777777777 0.03333333333333333 0.03611111111111111
0 0.5270833333333333 0.32222222222222224 0.029166666666666667 0.03888888888888889
0 0.36666666666666664 0.7152777777777778 0.025 0.025
0 0.36041666666666666 0.7375 0.025 0.030555555555555555
0 0.37916666666666665 0.7388888888888889 0.025 0.044444444444444446
0 0.4270833333333333 0.5361111111111111 0.029166666666666667 0.03333333333333333
0 0.58125 0.39861111111111114 0.025 0.03611111111111111
0 0.45625 0.5236111111111111 0.03333333333333333 0.030555555555555555
0 0.5427083333333333 0.7194444444444444 0.027083333333333334 0.044444444444444446
0 0.5270833333333333 0.4166666666666667 0.0375 0.05555555555555555
0 0.45625 0.26944444444444443 0.03333333333333333 0.03888888888888889