0 0.5398457583547558 0.14684606481481483 0.06876606683804627 0.04658564814814815
0 0.5804948586118251 0.12905092592592593 0.05173521850899743 0.028935185185185185
0 0.5731041131105399 0.08463541666666667 0.03695372750642673 0.02459490740740741
0 0.2911311053984576 0.4926215277777778 0.05398457583547558 0.033275462962962965
0 0.32069408740359895 0.5380497685185185 0.04948586118251928 0.02228009259259259
0 0.3380462724935733 0.5603298611111112 0.02956298200514139 0.030960648148148147
0 0.42287917737789205 0.5503472222222222 0.04177377892030849 0.03761574074074074
0 0.46593830334190234 0.5403645833333334 0.05912596401028278 0.035590277777777776
0 0.5226542416452442 0.5037615740740741 0.04916452442159383 0.015625
0 0.5263496143958869 0.5413773148148148 0.056555269922879174 0.04224537037037037
0 0.5065874035989717 0.5847800925925926 0.046593830334190234 0.02662037037037037
0 0.47332904884318766 0.6400462962962963 0.03470437017994859 0.02662037037037037
0 0.42287917737789205 0.66015625 0.07647814910025708 0.030960648148148147
0 0.2602827763496144 0.6588541666666666 0.04691516709511568 0.05092592592592592
0 0.3047879177377892 0.7476851851851852 0.03695372750642673 0.04224537037037037
0 0.35025706940874035 0.7621527777777778 0.04948586118251928 0.05324074074074074
0 0.5792095115681234 0.7099247685185185 0.034383033419023136 0.04195601851851852
0 0.6248393316195373 0.7022569444444444 0.05173521850899743 0.02662037037037037
0 0.6150385604113111 0.6788194444444444 0.04691516709511568 0.028935185185185185
0 0.6211439588688946 0.5435474537037037 0.05398457583547558 0.04658564814814815
0 0.5866002570694088 0.8318865740740741 0.04916452442159383 0.028935185185185185
0 0.5348650385604113 0.8574942129629629 0.039524421593830336 0.030960648148148147
0 0.27522493573264784 0.5669849537037037 0.08129820051413882 0.048900462962962965
0 0.39090616966580977 0.6989293981481481 0.07165809768637532 0.07320601851851852
0 0.6248393316195373 0.10358796296296297 0.03181233933161954 0.03993055555555555
0 0.6642030848329049 0.11574074074074074 0.036632390745501286 0.04224537037037037