0 0.09202898550724638 0.32587336244541487 0.06231884057971015 0.04694323144104803
0 0.15 0.28602620087336245 0.07681159420289856 0.03275109170305677
0 0.20434782608695654 0.2827510917030568 0.06666666666666667 0.03056768558951965
0 0.16014492753623188 0.3569868995633188 0.08550724637681159 0.05895196506550218
0 0.10434782608695652 0.4099344978165939 0.06086956521739131 0.0425764192139738
0 0.1463768115942029 0.4115720524017467 0.04057971014492753 0.03056768558951965
0 0.12391304347826088 0.5496724890829694 0.1 0.060043668122270744
0 0.12318840579710146 0.486353711790393 0.06956521739130435 0.06222707423580786
0 0.19057971014492753 0.5278384279475983 0.059420289855072465 0.03820960698689956
0 0.15507246376811595 0.6200873362445415 0.005797101449275362 0.004366812227074236
0 0.2028985507246377 0.6217248908296943 0.05217391304347826 0.06222707423580786
0 0.2427536231884058 0.3902838427947598 0.07391304347826087 0.04694323144104803
0 0.30217391304347824 0.3324235807860262 0.1 0.06877729257641921
0 0.3159420289855073 0.3913755458515284 0.06666666666666667 0.07532751091703056
0 0.2920289855072464 0.4710698689956332 0.09710144927536232 0.04039301310043668
0 0.3717391304347826 0.513646288209607 0.08550724637681159 0.05349344978165939
0 0.3471014492753623 0.5720524017467249 0.04782608695652174 0.05021834061135371
0 0.41884057971014493 0.584061135371179 0.06086956521739131 0.039301310043668124
0 0.3760869565217391 0.6555676855895196 0.09420289855072464 0.08842794759825327
0 0.4717391304347826 0.6555676855895196 0.05652173913043478 0.05349344978165939
0 0.6123188405797102 0.5786026200873362 0.1 0.05021834061135371
0 0.5369565217391304 0.6282751091703057 0.06811594202898551 0.05349344978165939
0 0.6181159420289855 0.5054585152838428 0.059420289855072465 0.03711790393013101
0 0.6384057971014493 0.46670305676855894 0.07681159420289856 0.04912663755458515
0 0.7014492753623188 0.5 0.04927536231884058 0.048034934497816595
0 0.6456521739130435 0.42412663755458513 0.07971014492753623 0.07532751091703056
0 0.5942028985507246 0.37609170305676853 0.07536231884057971 0.06222707423580786
0 0.4971014492753623 0.5889737991266376 0.057971014492753624 0.05786026200873363
0 0.4514492753623188 0.5158296943231441 0.050724637681159424 0.04475982532751092
0 0.48478260869565215 0.5021834061135371 0.07101449275362319 0.034934497816593885
0 0.5471014492753623 0.4579694323144105 0.02463768115942029 0.018558951965065504
0 0.48840579710144927 0.3935589519650655 0.017391304347826087 0.014192139737991267
0 0.42536231884057973 0.3673580786026201 0.09130434782608696 0.07096069868995633
0 0.21884057971014492 0.11844978165938864 0.0782608695652174 0.04912663755458515
0 0.07898550724637682 0.035480349344978165 0.08260869565217391 0.06877729257641921
0 0.13695652173913042 0.14410480349344978 0.06811594202898551 0.05458515283842795
0 0.33260869565217394 0.15993449781659388 0.07681159420289856 0.055676855895196505
0 0.377536231884058 0.17412663755458516 0.07391304347826087 0.05349344978165939
0 0.4572463768115942 0.25600436681222705 0.09130434782608696 0.05349344978165939
0 0.5224637681159421 0.26582969432314413 0.06811594202898551 0.060043668122270744
0 0.2144927536231884 0.21124454148471616 0.13043478260869565 0.07096069868995633
0 0.25507246376811593 0.6020742358078602 0.0463768115942029 0.04475982532751092
0 0.06739130434782609 0.16866812227074235 0.06521739130434782 0.04475982532751092
0 0.02681159420289855 0.10316593886462883 0.0536231884057971 0.03384279475982533
0 0.10869565217391304 0.6086244541484717 0.06086956521739131 0.03820960698689956
0 0.05507246376811594 0.5791484716157205 0.07246376811594203 0.05786026200873363
0 0.23043478260869565 0.7199781659388647 0.0463768115942029 0.04039301310043668
0 0.22681159420289856 0.439410480349345 0.07101449275362319 0.0425764192139738
0 0.4673913043478261 0.42248908296943233 0.050724637681159424 0.043668122270742356
0 0.3289855072463768 0.26473799126637554 0.06376811594202898 0.04694323144104803
0 0.47391304347826085 0.7117903930131004 0.04057971014492753 0.03275109170305677
0 0.2942028985507246 0.7778384279475983 0.057971014492753624 0.04694323144104803
0 0.3065217391304348 0.7292576419213974 0.08260869565217391 0.028384279475982533
0 0.41304347826086957 0.75764192139738 0.057971014492753624 0.03711790393013101
0 0.4043478260869565 0.490174672489083 0.04927536231884058 0.04148471615720524
0 0.213768115942029 0.5573144104803494 0.050724637681159424 0.02947598253275109
0 0.3963768115942029 0.4153930131004367 0.07971014492753623 0.04694323144104803
0 0.2797101449275362 0.19104803493449782 0.07536231884057971 0.05458515283842795
0 0.02608695652173913 0.5109170305676856 0.05217391304347826 0.05240174672489083