0 0.42407407407407405 0.025787965616045846 0.040740740740740744 0.04011461318051576
0 0.45555555555555555 0.05157593123209169 0.044444444444444446 0.034383954154727794
0 0.46111111111111114 0.09312320916905444 0.09259259259259259 0.03724928366762178
0 0.43148148148148147 0.14756446991404013 0.07777777777777778 0.04297994269340974
0 0.3592592592592593 0.1489971346704871 0.02962962962962963 0.02865329512893983
0 0.39444444444444443 0.1819484240687679 0.025925925925925925 0.02005730659025788
0 0.5851851851851851 0.09025787965616046 0.05925925925925926 0.04871060171919771
0 0.5518518518518518 0.15759312320916904 0.05185185185185185 0.034383954154727794
0 0.6148148148148148 0.17191977077363896 0.05925925925925926 0.022922636103151862
0 0.5962962962962963 0.21203438395415472 0.05185185185185185 0.04011461318051576
0 0.5185185185185185 0.20773638968481375 0.08148148148148149 0.04297994269340974
0 0.4740740740740741 0.25787965616045844 0.08148148148148149 0.045845272206303724
0 0.6592592592592592 0.22063037249283668 0.05925925925925926 0.06876790830945559
0 0.55 0.335243553008596 0.08518518518518518 0.034383954154727794
0 0.6981481481481482 0.3753581661891118 0.06296296296296296 0.05157593123209169
0 0.4925925925925926 0.36962750716332377 0.07407407407407407 0.05730659025787966
0 0.5166666666666667 0.4383954154727794 0.07037037037037037 0.04011461318051576
0 0.4203703703703704 0.3997134670487106 0.06296296296296296 0.04871060171919771
0 0.34629629629629627 0.44269340974212035 0.08518518518518518 0.054441260744985676
0 0.3574074074074074 0.497134670487106 0.08518518518518518 0.054441260744985676
0 0.22407407407407406 0.48567335243553006 0.07777777777777778 0.06017191977077364
0 0.29259259259259257 0.49140401146131807 0.05185185185185185 0.07163323782234957
0 0.45 0.5114613180515759 0.07777777777777778 0.06017191977077364
0 0.5425925925925926 0.498567335243553 0.05555555555555555 0.045845272206303724
0 0.6166666666666667 0.4297994269340974 0.05555555555555555 0.05157593123209169
0 0.6259259259259259 0.5573065902578797 0.08148148148148149 0.0659025787965616
0 0.5518518518518518 0.5787965616045845 0.07407407407407407 0.05730659025787966
0 0.5370370370370371 0.663323782234957 0.05925925925925926 0.054441260744985676
0 0.5907407407407408 0.6919770773638968 0.07777777777777778 0.04297994269340974
0 0.48703703703703705 0.6905444126074498 0.07037037037037037 0.045845272206303724
0 0.4351851851851852 0.6532951289398281 0.04814814814814815 0.04011461318051576
0 0.40185185185185185 0.5916905444126075 0.05555555555555555 0.06017191977077364
0 0.30925925925925923 0.6489971346704871 0.05555555555555555 0.0659025787965616
0 0.2851851851851852 0.7077363896848138 0.07407407407407407 0.045845272206303724
0 0.3314814814814815 0.7550143266475645 0.06296296296296296 0.04871060171919771
0 0.22407407407407406 0.8510028653295129 0.04814814814814815 0.034383954154727794
0 0.4648148148148148 0.7865329512893983 0.04814814814814815 0.03151862464183381
0 0.14444444444444443 0.6418338108882522 0.05185185185185185 0.034383954154727794
0 0.3925925925925926 0.6475644699140402 0.044444444444444446 0.034383954154727794
0 0.3962962962962963 0.6762177650429799 0.05185185185185185 0.034383954154727794
0 0.6351851851851852 0.48567335243553006 0.06296296296296296 0.04297994269340974
0 0.4685185185185185 0.3008595988538682 0.04814814814814815 0.034383954154727794
0 0.5388888888888889 0.2851002865329513 0.06296296296296296 0.03151862464183381
0 0.337037037037037 0.09742120343839542 0.05185185185185185 0.034383954154727794
0 0.25555555555555554 0.6260744985673352 0.05925925925925926 0.03724928366762178
0 0.34074074074074073 0.5802292263610315 0.06666666666666667 0.04297994269340974
0 0.3814814814814815 0.7421203438395415 0.05185185185185185 0.034383954154727794
0 0.2518518518518518 0.7535816618911175 0.05185185185185185 0.02865329512893983
0 0.30185185185185187 0.7965616045845272 0.05555555555555555 0.034383954154727794
0 0.4648148148148148 0.4340974212034384 0.05555555555555555 0.04297994269340974
0 0.4203703703703704 0.4584527220630373 0.04814814814814815 0.034383954154727794
0 0.1814814814814815 0.8481375358166189 0.05185185185185185 0.04011461318051576
0 0.2962962962962963 0.8595988538681948 0.05185185185185185 0.034383954154727794
0 0.387037037037037 0.8123209169054442 0.04814814814814815 0.03151862464183381
0 0.45925925925925926 0.5873925501432665 0.05925925925925926 0.04011461318051576
0 0.48703703703703705 0.6174785100286533 0.06296296296296296 0.03724928366762178
0 0.5074074074074074 0.02865329512893983 0.05925925925925926 0.04011461318051576
0 0.37037037037037035 0.7034383954154728 0.05185185185185185 0.03724928366762178
0 0.3148148148148148 0.830945558739255 0.05925925925925926 0.034383954154727794
0 0.27037037037037037 0.8237822349570201 0.05185185185185185 0.03724928366762178
0 0.1962962962962963 0.7593123209169055 0.05185185185185185 0.02865329512893983
0 0.1814814814814815 0.7822349570200573 0.05185185185185185 0.02865329512893983
0 0.14629629629629629 0.8180515759312321 0.04814814814814815 0.03151862464183381