0 0.8238636363636364 0.22146507666098808 0.056818181818181816 0.027257240204429302
0 0.9079545454545455 0.23339011925042588 0.03409090909090909 0.027257240204429302
0 0.9068181818181819 0.25894378194207834 0.031818181818181815 0.02385008517887564
0 0.8329545454545455 0.3185689948892675 0.04772727272727273 0.034071550255536626
0 0.7897727272727273 0.14054514480408858 0.05227272727272727 0.03577512776831346
0 0.8488636363636364 0.08603066439522998 0.04772727272727273 0.04258943781942078
0 0.48068181818181815 0.590289608177172 0.038636363636363635 0.02555366269165247
0 0.4465909090909091 0.5971039182282794 0.029545454545454545 0.02555366269165247
0 0.48409090909090907 0.6286201022146508 0.02727272727272727 0.04088586030664395
0 0.55 0.6848381601362862 0.03636363636363636 0.02385008517887564
0 0.5181818181818182 0.6950596252129472 0.031818181818181815 0.030664395229982964
0 0.4954545454545455 0.6746166950596252 0.02727272727272727 0.027257240204429302
0 0.4420454545454545 0.6652470187393527 0.03409090909090909 0.028960817717206135
0 0.43068181818181817 0.7010221465076661 0.04772727272727273 0.028960817717206135
0 0.49318181818181817 0.727427597955707 0.05 0.02385008517887564
0 0.42045454545454547 0.7597955706984668 0.02727272727272727 0.03747870528109029
0 0.5852272727272727 0.8151618398637138 0.04318181818181818 0.03577512776831346
0 0.5170454545454546 0.8109028960817717 0.04772727272727273 0.034071550255536626
0 0.5693181818181818 0.8449744463373083 0.056818181818181816 0.03747870528109029
0 0.3931818181818182 0.6056218057921635 0.04090909090909091 0.03577512776831346
0 0.3568181818181818 0.6039182282793867 0.031818181818181815 0.03577512776831346
0 0.31477272727272726 0.580068143100511 0.04318181818181818 0.03577512776831346
0 0.3431818181818182 0.6294718909710392 0.022727272727272728 0.028960817717206135
0 0.40454545454545454 0.6362862010221465 0.04090909090909091 0.018739352640545145
0 0.4011363636363636 0.6533219761499148 0.056818181818181816 0.028960817717206135
0 0.3613636363636364 0.6695059625212947 0.04090909090909091 0.03747870528109029
0 0.6636363636363637 0.49829642248722317 0.031818181818181815 0.03236797274275979
0 0.4727272727272727 0.5272572402044293 0.04090909090909091 0.028960817717206135
0 0.4511363636363636 0.5545144804088586 0.038636363636363635 0.022146507666098807
0 0.5170454545454546 0.6252129471890971 0.029545454545454545 0.020442930153321975
0 0.5238636363636363 0.651618398637138 0.038636363636363635 0.02555366269165247
0 0.6806818181818182 0.692504258943782 0.04772727272727273 0.039182282793867124