0 0.03004498714652956 0.4793113425925926 0.04916452442159383 0.04195601851851852
0 0.07197943444730077 0.5936053240740741 0.04434447300771208 0.035590277777777776
0 0.09415167095115681 0.6322337962962963 0.05398457583547558 0.03761574074074074
0 0.11375321336760925 0.7254050925925926 0.04434447300771208 0.03761574074074074
0 0.14829691516709512 0.6744791666666666 0.039524421593830336 0.03761574074074074
0 0.2800449871465296 0.6245659722222222 0.09607969151670952 0.048900462962962965
0 0.27024421593830333 0.6721643518518519 0.056555269922879174 0.03761574074074074
0 0.2837403598971722 0.7408854166666666 0.05912596401028278 0.04658564814814815
0 0.3848007712082262 0.7199074074074074 0.039524421593830336 0.04456018518518518
0 0.39701156812339333 0.8187210648148148 0.039524421593830336 0.033275462962962965
0 0.2763496143958869 0.8684895833333334 0.05398457583547558 0.0708912037037037
0 0.33917095115681234 0.8828125 0.06651670951156813 0.0775462962962963
0 0.47573907455012854 0.9272280092592593 0.04916452442159383 0.04658564814814815