0 0.31302083333333336 0.4685185185185185 0.021875 0.05740740740740741
0 0.3419270833333333 0.4699074074074074 0.03177083333333333 0.08425925925925926
0 0.37994791666666666 0.4115740740740741 0.0234375 0.06388888888888888
0 0.3572916666666667 0.20833333333333334 0.01875 0.04259259259259259
0 0.2513020833333333 0.35 0.03697916666666667 0.07777777777777778
0 0.29453125 0.3453703703703704 0.025520833333333333 0.06851851851851852
0 0.3645833333333333 0.6162037037037037 0.027083333333333334 0.06944444444444445
0 0.4080729166666667 0.6203703703703703 0.028645833333333332 0.07222222222222222
0 0.4627604166666667 0.6476851851851851 0.033854166666666664 0.08425925925925926
0 0.528125 0.6263888888888889 0.03854166666666667 0.06018518518518518
0 0.5854166666666667 0.6175925925925926 0.021875 0.07222222222222222
0 0.5526041666666667 0.6837962962962963 0.027083333333333334 0.0712962962962963
0 0.5153645833333333 0.7231481481481481 0.03697916666666667 0.04814814814814815
0 0.48151041666666666 0.8097222222222222 0.03697916666666667 0.03611111111111111
0 0.45364583333333336 0.8296296296296296 0.03229166666666667 0.05185185185185185
0 0.4434895833333333 0.7606481481481482 0.0359375 0.05092592592592592
0 0.39348958333333334 0.6884259259259259 0.030729166666666665 0.04537037037037037
0 0.39765625 0.799537037037037 0.025520833333333333 0.05092592592592592
0 0.28880208333333335 0.6060185185185185 0.0203125 0.06018518518518518
0 0.30546875 0.7018518518518518 0.044270833333333336 0.0962962962962963
0 0.33515625 0.6217592592592592 0.018229166666666668 0.075
0 0.49192708333333335 0.5666666666666667 0.033854166666666664 0.053703703703703705