0 0.09656169665809769 0.5924479166666666 0.02474293059125964 0.06452546296296297
0 0.1778598971722365 0.6102430555555556 0.04916452442159383 0.0642361111111111
0 0.3600578406169666 0.6335358796296297 0.05430591259640103 0.044270833333333336
0 0.1397814910025707 0.6278935185185185 0.02699228791773779 0.05092592592592592
0 0.18541131105398456 0.6909722222222222 0.02956298200514139 0.03993055555555555
0 0.18155526992287918 0.7365451388888888 0.04691516709511568 0.037905092592592594
0 0.18894601542416453 0.7919560185185185 0.04691516709511568 0.03761574074074074
0 0.23570051413881749 0.7588252314814815 0.03695372750642673 0.04658564814814815
0 0.17673521850899743 0.8318865740740741 0.02699228791773779 0.03761574074074074
0 0.2652634961439589 0.8318865740740741 0.03695372750642673 0.05555555555555555
0 0.3476863753213368 0.8297164351851852 0.02956298200514139 0.04658564814814815
0 0.4130784061696658 0.9382233796296297 0.04209511568123393 0.04658564814814815
0 0.2911311053984576 0.8851273148148148 0.02956298200514139 0.03761574074074074
0 0.5054627249357326 0.9117476851851852 0.02956298200514139 0.03761574074074074