0 0.7589974293059126 0.28530092592592593 0.05398457583547558 0.03125
0 0.8144280205655527 0.3297164351851852 0.046593830334190234 0.02228009259259259
0 0.821818766066838 0.37514467592592593 0.04209511568123393 0.037905092592592594
0 0.8329048843187661 0.42607060185185186 0.05912596401028278 0.04658564814814815
0 0.7824550128534704 0.3851273148148148 0.04691516709511568 0.04861111111111111
0 0.7516066838046273 0.5603298611111112 0.05912596401028278 0.048900462962962965
0 0.7541773778920309 0.6024305555555556 0.04434447300771208 0.04861111111111111
0 0.821818766066838 0.6114004629629629 0.046593830334190234 0.03993055555555555
0 0.8181233933161953 0.6633391203703703 0.05398457583547558 0.04195601851851852
0 0.5890102827763496 0.6689814814814815 0.04434447300771208 0.061921296296296294
0 0.6383354755784062 0.6744791666666666 0.04916452442159383 0.04224537037037037
0 0.6924807197943444 0.6909722222222222 0.03920308483290488 0.05324074074074074
0 0.7294344473007712 0.6866319444444444 0.05398457583547558 0.04456018518518518
0 0.6948907455012854 0.7377025462962963 0.05430591259640103 0.044270833333333336
0 0.8661632390745502 0.4615162037037037 0.046593830334190234 0.024305555555555556
0 0.8624678663239075 0.5137442129629629 0.05398457583547558 0.07552083333333333
0 0.5965616966580977 0.26533564814814814 0.034383033419023136 0.02662037037037037
0 0.4106683804627249 0.25766782407407407 0.04177377892030849 0.04195601851851852
0 0.5102827763496144 0.1412037037037037 0.08868894601542417 0.07118055555555555
0 0.44376606683804626 0.12123842592592593 0.04434447300771208 0.03530092592592592
0 0.7792416452442159 0.2300347222222222 0.03534704370179949 0.028935185185185185