0 0.21240359897172237 0.6688368055555556 0.02956298200514139 0.030960648148148147
0 0.19874678663239073 0.7099247685185185 0.05173521850899743 0.033275462962962965
0 0.2985218508997429 0.6756365740740741 0.02956298200514139 0.03993055555555555
0 0.262853470437018 0.6623263888888888 0.04177377892030849 0.03530092592592592
0 0.4106683804627249 0.7387152777777778 0.04177377892030849 0.03761574074074074
0 0.4180591259640103 0.9049479166666666 0.04177377892030849 0.033275462962962965
0 0.5756748071979434 0.2355324074074074 0.02217223650385604 0.024305555555555556
0 0.639620822622108 0.28761574074074076 0.03695372750642673 0.03993055555555555
0 0.6311053984575835 0.41608796296296297 0.02956298200514139 0.03993055555555555
0 0.62853470437018 0.45500578703703703 0.05398457583547558 0.033275462962962965
0 0.6592223650385605 0.2410300925925926 0.03181233933161954 0.03993055555555555