0 0.8485507246376811 0.10185185185185185 0.07681159420289856 0.03812636165577342
0 0.8804347826086957 0.14324618736383443 0.06521739130434782 0.05337690631808279
0 0.7717391304347826 0.14106753812636166 0.0536231884057971 0.04030501089324619
0 0.7804347826086957 0.10185185185185185 0.06521739130434782 0.03376906318082789
0 0.7434782608695653 0.1895424836601307 0.03188405797101449 0.030501089324618737
0 0.7905797101449276 0.22603485838779958 0.04492753623188406 0.046840958605664486
0 0.6152173913043478 0.3415032679738562 0.042028985507246375 0.03812636165577342
0 0.6427536231884058 0.35566448801742917 0.05652173913043478 0.027233115468409588
0 0.6268115942028986 0.38235294117647056 0.0536231884057971 0.04357298474945534
0 0.7268115942028985 0.394880174291939 0.08260869565217391 0.05555555555555555
0 0.9398550724637681 0.6230936819172114 0.059420289855072465 0.05010893246187364
0 0.981159420289855 0.5827886710239651 0.005797101449275362 0.015250544662309368
0 0.9557971014492753 0.5588235294117647 0.050724637681159424 0.0457516339869281
0 0.5739130434782609 0.434640522875817 0.05217391304347826 0.04139433551198257
0 0.5782608695652174 0.46895424836601307 0.04927536231884058 0.044662309368191724
0 0.8289855072463768 0.6296296296296297 0.04927536231884058 0.032679738562091505
0 0.8246376811594203 0.6884531590413944 0.06376811594202898 0.05664488017429194
0 0.6905797101449276 0.7685185185185185 0.050724637681159424 0.05773420479302832
0 0.7463768115942029 0.7608932461873639 0.05507246376811594 0.046840958605664486
0 0.8021739130434783 0.7717864923747276 0.050724637681159424 0.05119825708061002
0 0.7920289855072464 0.8660130718954249 0.0536231884057971 0.04357298474945534
0 0.7297101449275363 0.8600217864923747 0.04782608695652174 0.05555555555555555
0 0.7963768115942029 0.8981481481481481 0.0391304347826087 0.03376906318082789
0 0.8304347826086956 0.9313725490196079 0.034782608695652174 0.02832244008714597
0 0.8557971014492753 0.9569716775599129 0.04492753623188406 0.03594771241830065
0 0.8934782608695652 0.9221132897603486 0.050724637681159424 0.05119825708061002
0 0.6471014492753623 0.5288671023965141 0.059420289855072465 0.05337690631808279
0 0.6514492753623189 0.6421568627450981 0.05652173913043478 0.05773420479302832
0 0.6992753623188406 0.6977124183006536 0.07391304347826087 0.0664488017429194
0 0.7253623188405797 0.6432461873638344 0.05652173913043478 0.03812636165577342
0 0.8659420289855072 0.778322440087146 0.0536231884057971 0.03812636165577342
0 0.8449275362318841 0.3006535947712418 0.04057971014492753 0.034858387799564274
0 0.927536231884058 0.23257080610021785 0.04057971014492753 0.03812636165577342
0 0.9768115942028985 0.25054466230936817 0.02608695652173913 0.0457516339869281
0 0.9652173913043478 0.17592592592592593 0.014492753623188406 0.044662309368191724
0 0.8644927536231884 0.5517429193899782 0.07391304347826087 0.05119825708061002
0 0.9688405797101449 0.7674291938997821 0.042028985507246375 0.042483660130718956