0 0.6826799485861182 0.7776331018518519 0.05430591259640103 0.030960648148148147
0 0.6311053984575835 0.9160879629629629 0.04434447300771208 0.05092592592592592
0 0.6913560411311054 0.9272280092592593 0.05173521850899743 0.059895833333333336
0 0.7331298200514139 0.8927951388888888 0.03695372750642673 0.035590277777777776
0 0.8833547557840618 0.46947337962962965 0.032133676092544985 0.05758101851851852
0 0.7294344473007712 0.7132523148148148 0.03470437017994859 0.03125
0 0.44376606683804626 0.8573495370370371 0.03920308483290488 0.03530092592592592
0 0.5053020565552699 0.8574942129629629 0.04916452442159383 0.044270833333333336
0 0.6936053984575835 0.8606770833333334 0.03695372750642673 0.028645833333333332
0 0.7516066838046273 0.8153935185185185 0.03920308483290488 0.03993055555555555
0 0.7837403598971723 0.6932870370370371 0.05912596401028278 0.04861111111111111