0 0.7615062761506276 0.22717391304347825 0.03347280334728033 0.058695652173913045
0 0.8535564853556485 0.2728260869565217 0.06276150627615062 0.05434782608695652
0 0.6778242677824268 0.3978260869565217 0.04602510460251046 0.043478260869565216
0 0.6861924686192469 0.5652173913043478 0.05439330543933055 0.06521739130434782
0 0.5794979079497908 0.6902173913043478 0.05439330543933055 0.06739130434782609
0 0.3807531380753138 0.7119565217391305 0.05439330543933055 0.058695652173913045
0 0.4445606694560669 0.7086956521739131 0.043933054393305436 0.043478260869565216
0 0.20711297071129708 0.4967391304347826 0.04184100418410042 0.04565217391304348
0 0.151673640167364 0.3826086956521739 0.043933054393305436 0.06086956521739131
0 0.19351464435146443 0.38369565217391305 0.027196652719665274 0.058695652173913045
0 0.23221757322175732 0.391304347826087 0.02510460251046025 0.0391304347826087
0 0.2405857740585774 0.19891304347826086 0.04184100418410042 0.058695652173913045
0 0.8106694560669456 0.19891304347826086 0.04811715481171548 0.03260869565217391
0 0.5366108786610879 0.35 0.04811715481171548 0.04782608695652174
0 0.7405857740585774 0.6652173913043479 0.0502092050209205 0.0391304347826087
0 0.3587866108786611 0.5358695652173913 0.05230125523012552 0.03260869565217391
0 0.36297071129707115 0.2684782608695652 0.056485355648535567 0.05
0 0.4801255230125523 0.5728260869565217 0.04811715481171548 0.05
0 0.34414225941422594 0.3673913043478261 0.060669456066945605 0.05652173913043478
0 0.8211297071129707 0.45 0.05230125523012552 0.06521739130434782