0 0.2985218508997429 0.4605034722222222 0.04434447300771208 0.035590277777777776
0 0.33547557840616965 0.5801504629629629 0.03470437017994859 0.03993055555555555
0 0.2763496143958869 0.5836226851851852 0.03920308483290488 0.05092592592592592
0 0.38351542416452444 0.5868055555555556 0.03181233933161954 0.03993055555555555
0 0.4265745501285347 0.6057581018518519 0.039524421593830336 0.037905092592592594
0 0.38351542416452444 0.6467013888888888 0.03181233933161954 0.02199074074074074
0 0.37483933161953725 0.6811342592592593 0.02474293059125964 0.028935185185185185
0 0.39701156812339333 0.7077546296296297 0.02474293059125964 0.04224537037037037
0 0.4265745501285347 0.6756365740740741 0.02474293059125964 0.03993055555555555
0 0.46352827763496146 0.7941261574074074 0.034383033419023136 0.033275462962962965
0 0.5065874035989717 0.8784722222222222 0.03181233933161954 0.03761574074074074