0 0.2442159383033419 0.2277199074074074 0.02956298200514139 0.03993055555555555
0 0.33676092544987146 0.37181712962962965 0.04177377892030849 0.03530092592592592
0 0.23698586118251927 0.6733217592592593 0.04402313624678663 0.04861111111111111
0 0.1532776349614396 0.7864583333333334 0.02442159383033419 0.03530092592592592
0 0.18412596401028278 0.8097511574074074 0.017352185089974295 0.04195601851851852
0 0.20983290488431877 0.8219039351851852 0.02956298200514139 0.035590277777777776
0 0.2541773778920309 0.8849826388888888 0.03920308483290488 0.059895833333333336
0 0.3133033419023136 0.9049479166666666 0.03920308483290488 0.04658564814814815
0 0.21111825192802056 0.734375 0.036632390745501286 0.04224537037037037
0 0.11134318766066838 0.6854745370370371 0.034383033419023136 0.05555555555555555
0 0.030205655526992288 0.6511863425925926 0.04434447300771208 0.039641203703703706