0 0.3118556701030928 0.24517374517374518 0.04639175257731959 0.05019305019305019
0 0.32216494845360827 0.333976833976834 0.08762886597938144 0.06563706563706563
0 0.20876288659793815 0.3841698841698842 0.05670103092783505 0.03474903474903475
0 0.3247422680412371 0.47876447876447875 0.05154639175257732 0.03861003861003861
0 0.44587628865979384 0.5424710424710425 0.04639175257731959 0.04247104247104247
0 0.28350515463917525 0.584942084942085 0.07216494845360824 0.06563706563706563
0 0.4072164948453608 0.6061776061776062 0.08247422680412371 0.05405405405405406
0 0.5025773195876289 0.6505791505791506 0.0979381443298969 0.0888030888030888
0 0.46134020618556704 0.7335907335907336 0.08762886597938144 0.03861003861003861
0 0.46134020618556704 0.832046332046332 0.07731958762886598 0.05791505791505792
0 0.729381443298969 0.1969111969111969 0.08762886597938144 0.05405405405405406
0 0.7654639175257731 0.6776061776061776 0.07731958762886598 0.04247104247104247