0 0.6772046589018302 0.175 0.02329450915141431 0.025
0 0.6589018302828619 0.201875 0.04658901830282862 0.02875
0 0.6930116472545758 0.21625 0.03161397670549085 0.0125
0 0.7204658901830283 0.238125 0.026622296173044926 0.01375
0 0.5665557404326124 0.179375 0.06821963394342762 0.03375
0 0.632279534109817 0.661875 0.029950083194675542 0.02125
0 0.5108153078202995 0.685 0.056572379367720464 0.055
0 0.3003327787021631 0.69625 0.04492512479201331 0.025
0 0.3951747088186356 0.695 0.03826955074875208 0.035
0 0.4750415973377704 0.588125 0.06821963394342762 0.04875
0 0.2795341098169717 0.574375 0.056572379367720464 0.04125
0 0.32362728785357736 0.593125 0.03826955074875208 0.01875
0 0.28452579034941766 0.641875 0.04658901830282862 0.03125
0 0.4059900166389351 0.495625 0.05324459234608985 0.03125
0 0.41098169717138106 0.52 0.059900166389351084 0.035
0 0.21963394342762063 0.41125 0.05324459234608985 0.0175
0 0.5041597337770383 0.195 0.04326123128119801 0.025
0 0.5840266222961731 0.21 0.03993344425956739 0.02
0 0.562396006655574 0.253125 0.05324459234608985 0.02875
0 0.5648918469217971 0.29625 0.03494176372712146 0.04
0 0.6214642262895175 0.28125 0.04159733777038269 0.0425
0 0.4101497504159734 0.250625 0.03826955074875208 0.02875
0 0.4700499168053245 0.216875 0.064891846921797 0.03375
0 0.5091514143094842 0.255 0.029950083194675542 0.02
0 0.44509151414309484 0.29375 0.07487520798668885 0.035
0 0.502495840266223 0.390625 0.059900166389351084 0.05125
0 0.519134775374376 0.325 0.07986688851913477 0.0225
0 0.3968386023294509 0.33125 0.048252911813643926 0.04
0 0.4317803660565724 0.376875 0.04159733777038269 0.03875
0 0.4559068219633943 0.336875 0.059900166389351084 0.02875
0 0.28868552412645593 0.33875 0.03826955074875208 0.0375
0 0.3261231281198003 0.39 0.059900166389351084 0.055
0 0.3594009983361065 0.36 0.07321131447587355 0.035
0 0.34775374376039936 0.43875 0.04991680532445923 0.0375
0 0.32029950083194675 0.474375 0.07154742096505824 0.03375
0 0.2562396006655574 0.4325 0.08652246256239601 0.06
0 0.18885191347753744 0.495 0.06821963394342762 0.0575
0 0.12479201331114809 0.56625 0.06988352745424292 0.035
0 0.48835274542429286 0.52625 0.064891846921797 0.045
0 0.415973377703827 0.57875 0.056572379367720464 0.05
0 0.3319467554076539 0.65375 0.04159733777038269 0.0375
0 0.17054908485856904 0.61875 0.07487520798668885 0.055
0 0.22046589018302828 0.6275 0.06821963394342762 0.0475
0 0.1281198003327787 0.653125 0.07653910149750416 0.07125
0 0.04076539101497504 0.620625 0.06821963394342762 0.03375
0 0.04492512479201331 0.671875 0.04658901830282862 0.04625
0 0.06156405990016639 0.718125 0.04991680532445923 0.02875
0 0.08569051580698835 0.673125 0.04492512479201331 0.03125
0 0.18136439267886856 0.69625 0.059900166389351084 0.0425
0 0.240432612312812 0.699375 0.064891846921797 0.04375
0 0.16472545757071547 0.723125 0.056572379367720464 0.03375
0 0.27121464226289516 0.83875 0.056572379367720464 0.04
0 0.3103161397670549 0.8325 0.03826955074875208 0.035
0 0.34941763727121466 0.80125 0.06988352745424292 0.04
0 0.41846921797004993 0.844375 0.06821963394342762 0.05125
0 0.38352745424292845 0.88375 0.08485856905158069 0.04
0 0.3302828618968386 0.906875 0.09151414309484193 0.05125
0 0.49417637271214643 0.92625 0.08319467554076539 0.06
0 0.49001663893510816 0.791875 0.06821963394342762 0.03375
0 0.5457570715474209 0.819375 0.07986688851913477 0.04375