0 0.4930912596401028 0.6423611111111112 0.034383033419023136 0.03530092592592592
0 0.5522172236503856 0.63671875 0.039524421593830336 0.04658564814814815
0 0.5891709511568124 0.6335358796296297 0.06394601542416452 0.044270833333333336
0 0.6052377892030848 0.6699942129629629 0.06651670951156813 0.04658564814814815
0 0.5422557840616966 0.6844618055555556 0.034383033419023136 0.035590277777777776
0 0.5459511568123393 0.7042824074074074 0.04691516709511568 0.03993055555555555
0 0.5719794344473008 0.7398726851851852 0.04434447300771208 0.03993055555555555
0 0.5904562982005142 0.7565104166666666 0.03695372750642673 0.033275462962962965
0 0.6198586118251928 0.7974537037037037 0.02699228791773779 0.03993055555555555
0 0.6592223650385605 0.7997685185185185 0.05173521850899743 0.04861111111111111
0 0.6359254498714653 0.8485243055555556 0.04948586118251928 0.039641203703703706
0 0.44376606683804626 0.8828125 0.05912596401028278 0.028935185185185185
0 0.5041773778920309 0.8839699074074074 0.061696658097686374 0.04456018518518518
0 0.7233290488431876 0.6566840277777778 0.032133676092544985 0.028645833333333332
0 0.752892030848329 0.6212384259259259 0.04691516709511568 0.03761574074074074
0 0.7491966580976864 0.6623263888888888 0.04916452442159383 0.03530092592592592
0 0.6568123393316195 0.6733217592592593 0.056555269922879174 0.04861111111111111
0 0.6900706940874036 0.6069155092592593 0.05430591259640103 0.030960648148148147
0 0.6950514138817481 0.5669849537037037 0.04434447300771208 0.044270833333333336
0 0.7601221079691517 0.5546875 0.06651670951156813 0.05555555555555555
0 0.649582262210797 0.6351273148148148 0.04209511568123393 0.03298611111111111