0 0.6703084832904884 0.6378761574074074 0.02956298200514139 0.035590277777777776
0 0.7442159383033419 0.6545138888888888 0.04948586118251928 0.03298611111111111
0 0.8500964010282777 0.5037615740740741 0.039524421593830336 0.05092592592592592
0 0.7392352185089974 0.7909432870370371 0.034383033419023136 0.044270833333333336
0 0.734254498714653 0.8629918981481481 0.05912596401028278 0.028645833333333332
0 0.820694087403599 0.7886284722222222 0.02956298200514139 0.030960648148148147
0 0.7713688946015425 0.8153935185185185 0.02474293059125964 0.03993055555555555
0 0.843991002570694 0.7287326388888888 0.04209511568123393 0.035590277777777776
0 0.9090616966580977 0.7032696759259259 0.02956298200514139 0.037905092592592594
0 0.7700835475578406 0.9239004629629629 0.06137532133676093 0.04456018518518518
0 0.8181233933161953 0.8839699074074074 0.03470437017994859 0.03530092592592592