0 0.30217129071170085 0.5369181380417335 0.054282267792521106 0.052969502407704656
0 0.3546441495778046 0.5192616372391653 0.028950542822677925 0.04654895666131621
0 0.35645355850422195 0.413322632423756 0.04221954161640531 0.04333868378812199
0 0.5048250904704463 0.23434991974317818 0.047044632086851626 0.05457463884430177
0 0.4583835946924005 0.17736757624398075 0.05307599517490953 0.06260032102728733
0 0.22617611580217128 0.3041733547351525 0.04945717732207479 0.07223113964686999
0 0.39324487334137515 0.3467094703049759 0.07478890229191798 0.05457463884430177
0 0.4336550060313631 0.5513643659711075 0.06393244873341375 0.0593900481540931
0 0.4577804583835947 0.6316211878009631 0.04463208685162847 0.06581059390048154
0 0.37454764776839566 0.6348314606741573 0.039806996381182146 0.0593900481540931
0 0.3528347406513872 0.6621187800963082 0.03739445114595899 0.052969502407704656
0 0.3335343787696019 0.6548956661316212 0.04945717732207479 0.03210272873194221
0 0.29010856453558503 0.7014446227929374 0.013268998793727383 0.038523274478330656
0 0.32629674306393247 0.7126805778491172 0.027744270205066344 0.04173354735152488
0 0.3474065138721351 0.7335473515248796 0.026537997587454766 0.03531300160513644
0 0.3775633293124246 0.7006420545746388 0.038600723763570564 0.033707865168539325
0 0.4119420989143546 0.6725521669341894 0.027744270205066344 0.038523274478330656
0 0.4445114595898673 0.7126805778491172 0.04221954161640531 0.04173354735152488
0 0.3558504221954162 0.8033707865168539 0.026537997587454766 0.0593900481540931
0 0.42882991556091676 0.8001605136436597 0.03739445114595899 0.052969502407704656
0 0.47889022919179736 0.7985553772070626 0.038600723763570564 0.056179775280898875
0 0.5162846803377563 0.7640449438202247 0.038600723763570564 0.051364365971107544
0 0.5325693606755126 0.6990369181380417 0.05186972255729795 0.0593900481540931
0 0.5560916767189384 0.7487961476725522 0.038600723763570564 0.056179775280898875
0 0.6393244873341375 0.6918138041733547 0.031363088057901084 0.0449438202247191
0 0.6562123039806996 0.6709470304975923 0.028950542822677925 0.03210272873194221
0 0.6568154402895054 0.7191011235955056 0.030156815440289506 0.038523274478330656
0 0.49758745476477684 0.5898876404494382 0.032569360675512665 0.0754414125200642
0 0.5753920386007237 0.46869983948635635 0.05307599517490953 0.038523274478330656
0 0.6441495778045838 0.514446227929374 0.05548854041013269 0.07865168539325842
0 0.4571773220747889 0.48796147672552165 0.05066344993968637 0.060995184590690206
0 0.7092882991556092 0.6235955056179775 0.024125452352231604 0.030497592295345103
0 0.6839565741857659 0.6035313001605136 0.05066344993968637 0.06420545746388442
0 0.33715319662243665 0.28731942215088285 0.030156815440289506 0.03210272873194221
0 0.3944511459589867 0.2784911717495987 0.031363088057901084 0.033707865168539325
0 0.4234016887816647 0.28491171749598715 0.026537997587454766 0.04333868378812199
0 0.44752714113389624 0.4157303370786517 0.024125452352231604 0.03531300160513644
0 0.514475271411339 0.40930979133226325 0.03739445114595899 0.038523274478330656
0 0.4752714113389626 0.4478330658105939 0.033775633293124246 0.03531300160513644
0 0.5108564535585042 0.5449438202247191 0.025331724969843185 0.030497592295345103
0 0.5566948130277443 0.5754414125200642 0.03739445114595899 0.04012841091492777
0 0.5476477683956574 0.6468699839486356 0.026537997587454766 0.048154093097913325
0 0.5952955367913149 0.6268057784911717 0.030156815440289506 0.04654895666131621
0 0.6079613992762364 0.7014446227929374 0.024125452352231604 0.03210272873194221
0 0.4276236429433052 0.8467094703049759 0.020506634499396863 0.033707865168539325
0 0.4059107358262967 0.8571428571428571 0.027744270205066344 0.028892455858747994
0 0.36248492159227985 0.8563402889245586 0.032569360675512665 0.03691813804173355
0 0.3281061519903498 0.8434991974317817 0.028950542822677925 0.033707865168539325
0 0.2997587454764777 0.819422150882825 0.032569360675512665 0.03691813804173355
0 0.28407720144752713 0.7768860353130016 0.025331724969843185 0.03210272873194221
0 0.32750301568154405 0.7704654895666132 0.027744270205066344 0.03210272873194221
0 0.413751507840772 0.7319422150882825 0.024125452352231604 0.038523274478330656