0 0.7122429305912596 0.546875 0.06394601542416452 0.03993055555555555
0 0.5485218508997429 0.32740162037037035 0.07647814910025708 0.06221064814814815
0 0.6050771208226221 0.2952835648148148 0.04691516709511568 0.04658564814814815
0 0.6237146529562982 0.17115162037037038 0.07390745501285347 0.06452546296296297
0 0.24309125964010284 0.3984375 0.09093830334190231 0.04456018518518518
0 0.17673521850899743 0.6202256944444444 0.056555269922879174 0.035590277777777776
0 0.1384961439588689 0.6511863425925926 0.04948586118251928 0.035590277777777776
0 0.15215295629820053 0.7753182870370371 0.05173521850899743 0.06221064814814815
0 0.1926413881748072 0.6623263888888888 0.039524421593830336 0.03993055555555555
0 0.22959511568123395 0.71875 0.06394601542416452 0.03761574074074074
0 0.2689588688946015 0.6600115740740741 0.04434447300771208 0.02662037037037037
0 0.32696015424164526 0.6699942129629629 0.05173521850899743 0.037905092592592594
0 0.47204370179948585 0.6124131944444444 0.04177377892030849 0.033275462962962965
0 0.40809768637532134 0.7620081018518519 0.061696658097686374 0.05758101851851852
0 0.26413881748071977 0.7874710648148148 0.02956298200514139 0.04658564814814815
0 0.46095758354755784 0.8518518518518519 0.02474293059125964 0.028935185185185185
0 0.3626285347043702 0.8894675925925926 0.06908740359897173 0.03761574074074074
0 0.37724935732647813 0.9182581018518519 0.05912596401028278 0.033275462962962965
0 0.43139460154241643 0.9350405092592593 0.034383033419023136 0.030960648148148147
0 0.4746143958868895 0.9405381944444444 0.04691516709511568 0.04195601851851852
0 0.155366323907455 0.6766493055555556 0.03759640102827763 0.02980324074074074