0 0.5533419023136247 0.3984375 0.02699228791773779 0.03530092592592592
0 0.1680591259640103 0.45601851851851855 0.04434447300771208 0.03530092592592592
0 0.10154241645244216 0.4581886574074074 0.03470437017994859 0.05758101851851852
0 0.11760925449871465 0.3995949074074074 0.04691516709511568 0.028935185185185185
0 0.1470115681233933 0.42505787037037035 0.03695372750642673 0.03530092592592592
0 0.3476863753213368 0.28530092592592593 0.02956298200514139 0.02662037037037037
0 0.2763496143958869 0.5857928240740741 0.02956298200514139 0.037905092592592594
0 0.14829691516709512 0.6090856481481481 0.034383033419023136 0.03530092592592592
0 0.21240359897172237 0.6247106481481481 0.02956298200514139 0.02662037037037037
0 0.14347686375321336 0.6390335648148148 0.02474293059125964 0.019965277777777776
0 0.14090616966580977 0.6932870370370371 0.039524421593830336 0.03125
0 0.21224293059125965 0.71875 0.034383033419023136 0.03761574074074074
0 0.3441516709511568 0.9150752314814815 0.04691516709511568 0.035590277777777776
0 0.31089331619537275 0.7909432870370371 0.034383033419023136 0.030960648148148147
0 0.288560411311054 0.7320601851851852 0.02956298200514139 0.04224537037037037
0 0.4426413881748072 0.8784722222222222 0.05173521850899743 0.03761574074074074
0 0.39701156812339333 0.2065972222222222 0.034383033419023136 0.028935185185185185
0 0.40809768637532134 0.2377025462962963 0.04177377892030849 0.04195601851851852
0 0.5535025706940874 0.24320023148148148 0.03695372750642673 0.035590277777777776
0 0.2320051413881748 0.6568287037037037 0.02956298200514139 0.03761574074074074
0 0.37612467866323906 0.7664930555555556 0.03695372750642673 0.017939814814814815
0 0.35395244215938304 0.7465277777777778 0.03695372750642673 0.017939814814814815
0 0.331780205655527 0.7144097222222222 0.02217223650385604 0.028935185185185185
0 0.46963367609254497 0.9383680555555556 0.03181233933161954 0.03761574074074074