0 0.6776992287917738 0.39076967592592593 0.05398457583547558 0.033275462962962965
0 0.40809768637532134 0.24088541666666666 0.056555269922879174 0.044270833333333336
0 0.6974614395886889 0.34186921296296297 0.04916452442159383 0.028645833333333332
0 0.7800449871465296 0.5215567129629629 0.03695372750642673 0.04658564814814815
0 0.7246143958868895 0.47164351851851855 0.02956298200514139 0.03993055555555555
0 0.7331298200514139 0.5358796296296297 0.046593830334190234 0.04456018518518518
0 0.6592223650385605 0.5635127314814815 0.05173521850899743 0.04658564814814815
0 0.7109575835475579 0.5791377314814815 0.03695372750642673 0.028645833333333332
0 0.7453406169665809 0.5912905092592593 0.03695372750642673 0.02228009259259259
0 0.7466259640102828 0.6145833333333334 0.039524421593830336 0.04224537037037037
0 0.7848650385604113 0.6134259259259259 0.04209511568123393 0.03993055555555555
0 0.6556876606683805 0.5914351851851852 0.04916452442159383 0.03993055555555555
0 0.6961760925449871 0.6047453703703703 0.03695372750642673 0.02662037037037037
0 0.6494215938303342 0.6378761574074074 0.05141388174807198 0.044270833333333336
0 0.6911953727506427 0.7288773148148148 0.04177377892030849 0.03993055555555555
0 0.6974614395886889 0.6843171296296297 0.05430591259640103 0.03993055555555555
0 0.6037917737789203 0.6977719907407407 0.04434447300771208 0.044270833333333336
0 0.6335154241645244 0.7232349537037037 0.034383033419023136 0.037905092592592594
0 0.5163881748071979 0.6566840277777778 0.02699228791773779 0.033275462962962965
0 0.4980719794344473 0.6788194444444444 0.02956298200514139 0.04224537037037037
0 0.5361503856041131 0.7255497685185185 0.046593830334190234 0.033275462962962965
0 0.5152634961439588 0.7510127314814815 0.04916452442159383 0.044270833333333336
0 0.5792095115681234 0.7776331018518519 0.04916452442159383 0.044270833333333336
0 0.549646529562982 0.8052662037037037 0.039524421593830336 0.04224537037037037
0 0.6015424164524421 0.8340567129629629 0.04434447300771208 0.04195601851851852
0 0.4574228791773779 0.9427083333333334 0.05173521850899743 0.03761574074074074