0 0.7837403598971723 0.6268807870370371 0.05912596401028278 0.035590277777777776
0 0.7355398457583547 0.6280381944444444 0.061696658097686374 0.033275462962962965
0 0.7615681233933161 0.5836226851851852 0.04434447300771208 0.03761574074074074
0 0.6468508997429306 0.5879629629629629 0.07133676092544987 0.028935185185185185
0 0.6961760925449871 0.6623263888888888 0.06137532133676093 0.02662037037037037
0 0.734254498714653 0.6811342592592593 0.02956298200514139 0.028935185185185185
0 0.788560411311054 0.6676793981481481 0.04948586118251928 0.033275462962962965
0 0.7035668380462725 0.7054398148148148 0.05687660668380463 0.04224537037037037
0 0.719633676092545 0.7398726851851852 0.06394601542416452 0.03125
0 0.7933804627249358 0.7287326388888888 0.08868894601542417 0.048900462962962965
0 0.7898457583547558 0.49594907407407407 0.061696658097686374 0.04861111111111111
0 0.5952763496143959 0.6588541666666666 0.03181233933161954 0.024305555555555556