0 0.36873393316195374 0.6710069444444444 0.05173521850899743 0.02662037037037037
0 0.2713688946015424 0.6200810185185185 0.05430591259640103 0.02662037037037037
0 0.25546272493573263 0.6378761574074074 0.061696658097686374 0.044270833333333336
0 0.22718508997429307 0.6778067129629629 0.08354755784061697 0.044270833333333336
0 0.18653598971722365 0.6090856481481481 0.08129820051413882 0.02199074074074074
0 0.17544987146529564 0.6623263888888888 0.05398457583547558 0.03530092592592592
0 0.13480077120822623 0.6235532407407407 0.06651670951156813 0.028935185185185185
0 0.09784704370179949 0.6623263888888888 0.05173521850899743 0.05324074074074074
0 0.17544987146529564 0.7465277777777778 0.06876606683804627 0.04861111111111111
0 0.18155526992287918 0.8263888888888888 0.08611825192802057 0.02662037037037037
0 0.23827120822622108 0.7819733796296297 0.06137532133676093 0.02228009259259259
0 0.2589974293059126 0.8152488425925926 0.02956298200514139 0.048900462962962965
0 0.23441516709511567 0.8872974537037037 0.04916452442159383 0.02459490740740741
0 0.3046272493573265 0.8263888888888888 0.056555269922879174 0.06655092592592593
0 0.639620822622108 0.19227430555555555 0.09607969151670952 0.07552083333333333
0 0.6974614395886889 0.24204282407407407 0.0935089974293059 0.0685763888888889
0 0.3570051413881748 0.7468171296296297 0.033419023136246784 0.028935185185185185
0 0.15874035989717222 0.5487557870370371 0.04434447300771208 0.037905092592592594
0 0.3221401028277635 0.5758101851851852 0.03888174807197944 0.031828703703703706
0 0.08435089974293059 0.5109953703703703 0.03759640102827763 0.031828703703703706
0 0.24791131105398456 0.7598379629629629 0.04338046272493573 0.028935185185185185