0 0.8308333333333333 0.345703125 0.08166666666666667 0.07421875
0 0.9066666666666666 0.3795572916666667 0.07666666666666666 0.08203125
0 0.9591666666666666 0.3658854166666667 0.051666666666666666 0.07291666666666667
0 0.4166666666666667 0.05859375 0.07666666666666666 0.057291666666666664
0 0.5025 0.3326822916666667 0.045 0.06901041666666667
0 0.6108333333333333 0.4654947916666667 0.035 0.04296875
0 0.5991666666666666 0.5377604166666666 0.051666666666666666 0.0625
0 0.7708333333333334 0.63671875 0.07166666666666667 0.059895833333333336
0 0.6741666666666667 0.3678385416666667 0.041666666666666664 0.05078125
0 0.4675 0.5279947916666666 0.08833333333333333 0.08203125
0 0.4116666666666667 0.4720052083333333 0.03333333333333333 0.04296875
0 0.40166666666666667 0.5390625 0.06 0.059895833333333336
0 0.355 0.4401041666666667 0.06333333333333334 0.057291666666666664
0 0.28583333333333333 0.369140625 0.07166666666666667 0.07161458333333333
0 0.22916666666666666 0.4049479166666667 0.041666666666666664 0.057291666666666664
0 0.23666666666666666 0.4596354166666667 0.056666666666666664 0.044270833333333336
0 0.17166666666666666 0.4388020833333333 0.05333333333333334 0.0546875
0 0.0625 0.56640625 0.045 0.057291666666666664
0 0.17916666666666667 0.6217447916666666 0.06166666666666667 0.053385416666666664
0 0.2841666666666667 0.5865885416666666 0.058333333333333334 0.040364583333333336
0 0.315 0.6393229166666666 0.056666666666666664 0.049479166666666664
0 0.3925 0.638671875 0.06833333333333333 0.05078125
0 0.4683333333333333 0.6256510416666666 0.06333333333333334 0.037760416666666664
0 0.595 0.6087239583333334 0.07666666666666666 0.03515625
0 0.5791666666666667 0.6477864583333334 0.07833333333333334 0.05078125
0 0.5141666666666667 0.748046875 0.085 0.053385416666666664
0 0.44416666666666665 0.71484375 0.04833333333333333 0.0390625
0 0.5516666666666666 0.8522135416666666 0.09666666666666666 0.07942708333333333
0 0.6216666666666667 0.75390625 0.05 0.041666666666666664
0 0.725 0.7513020833333334 0.09333333333333334 0.028645833333333332
0 0.88 0.8704427083333334 0.09666666666666666 0.06640625
0 0.8308333333333333 0.80078125 0.08833333333333333 0.059895833333333336
0 0.6741666666666667 0.5826822916666666 0.065 0.055989583333333336
0 0.7625 0.5696614583333334 0.08166666666666667 0.06380208333333333
0 0.8766666666666667 0.5319010416666666 0.11333333333333333 0.09505208333333333
0 0.36833333333333335 0.7350260416666666 0.06 0.053385416666666664
0 0.17833333333333334 0.6829427083333334 0.02 0.01953125
0 0.17916666666666667 0.525390625 0.06833333333333333 0.06380208333333333
0 0.0925 0.5130208333333334 0.065 0.0625
0 0.6391666666666667 0.20833333333333334 0.075 0.059895833333333336
0 0.67 0.2623697916666667 0.06333333333333334 0.07161458333333333
0 0.5733333333333334 0.390625 0.08 0.044270833333333336
0 0.35333333333333333 0.17252604166666666 0.056666666666666664 0.037760416666666664
0 0.31416666666666665 0.197265625 0.055 0.03515625
0 0.9766666666666667 0.888671875 0.043333333333333335 0.04296875
0 0.7933333333333333 0.20963541666666666 0.07333333333333333 0.041666666666666664
0 0.8025 0.2591145833333333 0.07833333333333334 0.049479166666666664
0 0.7841666666666667 0.3059895833333333 0.08166666666666667 0.057291666666666664
0 0.7758333333333334 0.4524739583333333 0.065 0.04296875
0 0.73 0.396484375 0.06333333333333334 0.045572916666666664
0 0.6716666666666666 0.4342447916666667 0.06666666666666667 0.045572916666666664
0 0.9466666666666667 0.7962239583333334 0.08 0.061197916666666664
0 0.6625 0.8046875 0.041666666666666664 0.033854166666666664
0 0.5825 0.10481770833333333 0.058333333333333334 0.045572916666666664
0 0.49583333333333335 0.2721354166666667 0.08166666666666667 0.041666666666666664
0 0.5175 0.693359375 0.065 0.040364583333333336
0 0.45916666666666667 0.671875 0.065 0.052083333333333336
0 0.24083333333333334 0.16731770833333334 0.08166666666666667 0.05859375
0 0.4475 0.8229166666666666 0.051666666666666666 0.049479166666666664
0 0.7291666666666666 0.6614583333333334 0.065 0.041666666666666664
0 0.7891666666666667 0.8899739583333334 0.051666666666666666 0.05078125