0 0.48842592592592593 0.3062789351851852 0.016975308641975308 0.02806712962962963
0 0.49266975308641975 0.26576967592592593 0.018518518518518517 0.022858796296296297
0 0.451195987654321 0.29499421296296297 0.02700617283950617 0.035590277777777776
0 0.4411651234567901 0.3381076388888889 0.04398148148148148 0.015335648148148149
0 0.4131944444444444 0.29369212962962965 0.02546296296296296 0.03298611111111111
0 0.3869598765432099 0.3671875 0.02044753086419753 0.03298611111111111
0 0.36496913580246915 0.3506944444444444 0.02353395061728395 0.02025462962962963
0 0.3666087962962963 0.3849826388888889 0.023726851851851853 0.037905092592592594
0 0.35146604938271603 0.4408275462962963 0.033950617283950615 0.04832175925925926
0 0.3429783950617284 0.5067997685185185 0.02044753086419753 0.037905092592592594
0 0.36496913580246915 0.5373263888888888 0.02353395061728395 0.03819444444444445
0 0.35397376543209874 0.5716145833333334 0.02199074074074074 0.030381944444444444
0 0.37258873456790126 0.5652488425925926 0.01871141975308642 0.04311342592592592
0 0.40219907407407407 0.5575810185185185 0.02700617283950617 0.03819444444444445
0 0.3835841049382716 0.6312210648148148 0.03375771604938271 0.04311342592592592
0 0.36159336419753085 0.6655092592592593 0.01678240740740741 0.05092592592592592
0 0.3869598765432099 0.6603009259259259 0.02044753086419753 0.04050925925925926
0 0.4183063271604938 0.5931712962962963 0.028742283950617283 0.048032407407407406
0 0.4461805555555556 0.5360243055555556 0.02353395061728395 0.025173611111111112
0 0.4410686728395062 0.5753761574074074 0.02025462962962963 0.022858796296296297
0 0.48755787037037035 0.5905671296296297 0.015239197530864198 0.03298611111111111
0 0.5070408950617284 0.5842013888888888 0.023726851851851853 0.02546296296296296
0 0.44367283950617287 0.6666666666666666 0.02199074074074074 0.03819444444444445
0 0.4681712962962963 0.6589988425925926 0.010030864197530864 0.022858796296296297
0 0.4740547839506173 0.6921296296296297 0.015239197530864198 0.017939814814814815
0 0.4140625 0.6908275462962963 0.03375771604938271 0.035590277777777776
0 0.4487847222222222 0.7097800925925926 0.028742283950617283 0.03298611111111111
0 0.3409529320987654 0.7015335648148148 0.022569444444444444 0.03616898148148148
0 0.38252314814814814 0.4166666666666667 0.01273148148148148 0.015046296296296295
0 0.37644675925925924 0.4301215277777778 0.011766975308641976 0.013020833333333334
0 0.3773148148148148 0.4425636574074074 0.01273148148148148 0.011863425925925927
0 0.37490354938271603 0.45384837962962965 0.01408179012345679 0.015914351851851853
0 0.38233024691358025 0.5412326388888888 0.013117283950617283 0.01707175925925926
0 0.42062114197530864 0.6336805555555556 0.014467592592592593 0.016203703703703703
0 0.4271797839506173 0.6212384259259259 0.01408179012345679 0.019097222222222224
0 0.45804398148148145 0.5714699074074074 0.017939814814814815 0.02488425925925926
0 0.35165895061728397 0.609375 0.015046296296296295 0.024305555555555556
0 0.3628472222222222 0.5985243055555556 0.018132716049382717 0.019965277777777776
0 0.38146219135802467 0.6034432870370371 0.01408179012345679 0.01765046296296296
0 0.3917824074074074 0.5930266203703703 0.016975308641975308 0.030960648148148147
0 0.4007523148148148 0.6106770833333334 0.014853395061728395 0.01880787037037037
0 0.40518904320987653 0.6316550925925926 0.01408179012345679 0.019097222222222224
0 0.47270447530864196 0.7119502314814815 0.01408179012345679 0.015335648148148149
0 0.4615162037037037 0.6776620370370371 0.015239197530864198 0.019097222222222224
0 0.4820601851851852 0.6649305555555556 0.016203703703703703 0.019675925925925927
0 0.34153163580246915 0.47974537037037035 0.014853395061728395 0.019097222222222224
0 0.4654706790123457 0.2857349537037037 0.01890432098765432 0.021701388888888888
0 0.5287422839506173 0.3272569444444444 0.016589506172839507 0.02025462962962963
0 0.5406057098765432 0.33883101851851855 0.014853395061728395 0.019675925925925927
0 0.5414737654320988 0.3216145833333333 0.015046296296296295 0.018229166666666668
0 0.5173611111111112 0.36747685185185186 0.016589506172839507 0.024305555555555556
0 0.4963348765432099 0.36082175925925924 0.015817901234567902 0.024305555555555556
0 0.5147569444444444 0.33839699074074076 0.010609567901234568 0.022858796296296297
0 0.5221836419753086 0.34346064814814814 0.016589506172839507 0.019675925925925927
0 0.5046296296296297 0.6888020833333334 0.010416666666666666 0.021701388888888888
0 0.5109953703703703 0.6964699074074074 0.01273148148148148 0.023726851851851853
0 0.3246527777777778 0.6692708333333334 0.01273148148148148 0.019097222222222224
0 0.3988233024691358 0.5215567129629629 0.01716820987654321 0.01707175925925926
0 0.42901234567901236 0.5564236111111112 0.015432098765432098 0.020833333333333332
0 0.4244791666666667 0.6504629629629629 0.01832561728395062 0.026041666666666668
0 0.46084104938271603 0.6574074074074074 0.013117283950617283 0.024305555555555556
0 0.40248842592592593 0.6640625 0.017554012345679014 0.024305555555555556