0 0.25 0.06141304347826087 0.06231884057971015 0.04891304347826087
0 0.33260869565217394 0.03967391304347826 0.08550724637681159 0.0641304347826087
0 0.26594202898550723 0.17119565217391305 0.059420289855072465 0.05543478260869565
0 0.5427536231884058 0.3293478260869565 0.07391304347826087 0.034782608695652174
0 0.4289855072463768 0.5179347826086956 0.09565217391304348 0.057608695652173914
0 0.36884057971014494 0.6244565217391305 0.07971014492753623 0.04891304347826087
0 0.23405797101449274 0.596195652173913 0.04782608695652174 0.05543478260869565
0 0.286231884057971 0.6711956521739131 0.06811594202898551 0.04891304347826087
0 0.12536231884057972 0.47445652173913044 0.07391304347826087 0.05543478260869565
0 0.3333333333333333 0.3027173913043478 0.14492753623188406 0.035869565217391305
0 0.2782608695652174 0.2440217391304348 0.057971014492753624 0.03804347826086957
0 0.10942028985507246 0.34945652173913044 0.0536231884057971 0.04456521739130435
0 0.19492753623188405 0.4956521739130435 0.07681159420289856 0.06739130434782609
0 0.5043478260869565 0.3527173913043478 0.05507246376811594 0.051086956521739134
0 0.5413043478260869 0.38206521739130433 0.042028985507246375 0.04456521739130435
0 0.39492753623188404 0.4603260869565217 0.07391304347826087 0.02717391304347826
0 0.49420289855072463 0.4701086956521739 0.05217391304347826 0.0641304347826087
0 0.5384057971014493 0.45706521739130435 0.02463768115942029 0.051086956521739134
0 0.5224637681159421 0.5461956521739131 0.06811594202898551 0.04891304347826087
0 0.4746376811594203 0.5842391304347826 0.0391304347826087 0.04456521739130435
0 0.3760869565217391 0.5701086956521739 0.08840579710144927 0.05543478260869565
0 0.4927536231884058 0.17554347826086958 0.05507246376811594 0.0641304347826087
0 0.5514492753623188 0.1766304347826087 0.0391304347826087 0.057608695652173914
0 0.5644927536231884 0.0875 0.06521739130434782 0.07065217391304347
0 0.4572463768115942 0.1309782608695652 0.05652173913043478 0.042391304347826085
0 0.38913043478260867 0.17391304347826086 0.021739130434782608 0.021739130434782608
0 0.3644927536231884 0.2184782608695652 0.08840579710144927 0.04782608695652174
0 0.4543478260869565 0.04076086956521739 0.10869565217391304 0.07934782608695652
0 0.24855072463768116 0.18532608695652175 0.02463768115942029 0.01847826086956522
0 0.1934782608695652 0.13858695652173914 0.07391304347826087 0.05326086956521739
0 0.5623188405797102 0.2722826086956522 0.10144927536231885 0.05543478260869565
0 0.22318840579710145 0.5565217391304348 0.06376811594202898 0.034782608695652174
0 0.3007246376811594 0.4923913043478261 0.04492753623188406 0.0391304347826087
0 0.3789855072463768 0.41195652173913044 0.0536231884057971 0.03260869565217391
0 0.2920289855072464 0.3641304347826087 0.059420289855072465 0.0391304347826087
0 0.4036231884057971 0.3527173913043478 0.05652173913043478 0.035869565217391305
0 0.4644927536231884 0.30434782608695654 0.0536231884057971 0.02826086956521739
0 0.463768115942029 0.21793478260869564 0.057971014492753624 0.03152173913043478
0 0.27608695652173915 0.13152173913043477 0.0536231884057971 0.0391304347826087
0 0.3217391304347826 0.14673913043478262 0.04927536231884058 0.03695652173913044
0 0.37318840579710144 0.15271739130434783 0.0391304347826087 0.042391304347826085
0 0.11956521739130435 0.5407608695652174 0.06231884057971015 0.035869565217391305
0 0.2753623188405797 0.5652173913043478 0.057971014492753624 0.030434782608695653
0 0.2855072463768116 0.6027173913043479 0.06376811594202898 0.03369565217391304
0 0.4260869565217391 0.6228260869565218 0.05217391304347826 0.030434782608695653
0 0.4340579710144927 0.5869565217391305 0.050724637681159424 0.05
0 0.5876811594202899 0.5016304347826087 0.0536231884057971 0.03152173913043478
0 0.6094202898550725 0.4706521739130435 0.050724637681159424 0.03695652173913044
0 0.5898550724637681 0.4016304347826087 0.06086956521739131 0.04673913043478261
0 0.40652173913043477 0.2673913043478261 0.050724637681159424 0.058695652173913045
0 0.4384057971014493 0.17608695652173914 0.042028985507246375 0.030434782608695653
0 0.020289855072463767 0.6532608695652173 0.04057971014492753 0.03695652173913044