0 0.45003213367609257 0.8784722222222222 0.03695372750642673 0.028935185185185185
0 0.6335154241645244 0.6711516203703703 0.04916452442159383 0.035590277777777776
0 0.6420308483290489 0.7275752314814815 0.056555269922879174 0.04658564814814815
0 0.8107326478149101 0.7165798611111112 0.05912596401028278 0.04658564814814815
0 0.9068123393316195 0.6999421296296297 0.05398457583547558 0.05787037037037037
0 0.9018316195372751 0.6079282407407407 0.039524421593830336 0.04224537037037037
0 0.8883354755784062 0.43171296296296297 0.03695372750642673 0.03993055555555555
0 0.4105077120822622 0.35517939814814814 0.02217223650385604 0.051215277777777776
0 0.44617609254498714 0.3041087962962963 0.06394601542416452 0.06886574074074074
0 0.4709190231362468 0.17447916666666666 0.058804627249357325 0.03530092592592592
0 0.34286632390745503 0.22337962962962962 0.04434447300771208 0.03993055555555555