0 0.6447916666666667 0.05726256983240224 0.035416666666666666 0.07541899441340782
0 0.7666666666666667 0.09497206703910614 0.041666666666666664 0.061452513966480445
0 0.8197916666666667 0.15363128491620112 0.035416666666666666 0.055865921787709494
0 0.5458333333333333 0.19134078212290503 0.03333333333333333 0.05307262569832402
0 0.6270833333333333 0.1564245810055866 0.05 0.055865921787709494
0 0.4979166666666667 0.37011173184357543 0.04583333333333333 0.04748603351955307
0 0.625 0.4860335195530726 0.029166666666666667 0.061452513966480445
0 0.6677083333333333 0.47067039106145253 0.035416666666666666 0.04189944134078212
0 0.8708333333333333 0.61731843575419 0.05 0.0893854748603352
0 0.80625 0.8114525139664804 0.0375 0.06983240223463687
0 0.3875 0.8072625698324022 0.058333333333333334 0.0893854748603352
0 0.6739583333333333 0.1340782122905028 0.052083333333333336 0.061452513966480445
0 0.5958333333333333 0.10893854748603352 0.041666666666666664 0.0670391061452514
0 0.6114583333333333 0.19972067039106145 0.052083333333333336 0.04748603351955307
0 0.6572916666666667 0.2388268156424581 0.04791666666666667 0.06983240223463687
0 0.609375 0.2835195530726257 0.04375 0.04748603351955307
0 0.5520833333333334 0.2835195530726257 0.029166666666666667 0.04748603351955307
0 0.7666666666666667 0.16620111731843576 0.04583333333333333 0.05307262569832402
0 0.778125 0.21787709497206703 0.03958333333333333 0.061452513966480445
0 0.825 0.2737430167597765 0.05416666666666667 0.08379888268156424
0 0.6979166666666666 0.2946927374301676 0.05416666666666667 0.05865921787709497
0 0.6302083333333334 0.3435754189944134 0.04791666666666667 0.07262569832402235
0 0.5770833333333333 0.36731843575418993 0.041666666666666664 0.05865921787709497
0 0.71875 0.44692737430167595 0.04583333333333333 0.061452513966480445
0 0.734375 0.35614525139664804 0.035416666666666666 0.05865921787709497
0 0.771875 0.4511173184357542 0.03125 0.05307262569832402
0 0.7833333333333333 0.3393854748603352 0.05 0.09217877094972067
0 0.8864583333333333 0.4175977653631285 0.04791666666666667 0.06424581005586592
0 0.9489583333333333 0.27932960893854747 0.04791666666666667 0.055865921787709494
0 0.9322916666666666 0.40782122905027934 0.035416666666666666 0.0670391061452514
0 0.9322916666666666 0.48463687150837986 0.035416666666666666 0.05307262569832402
0 0.7916666666666666 0.5405027932960894 0.05 0.06983240223463687
0 0.7229166666666667 0.5879888268156425 0.04583333333333333 0.07541899441340782
0 0.7729166666666667 0.6033519553072626 0.0375 0.055865921787709494
0 0.703125 0.664804469273743 0.027083333333333334 0.061452513966480445
0 0.7677083333333333 0.6606145251396648 0.035416666666666666 0.04748603351955307
0 0.7625 0.7248603351955307 0.041666666666666664 0.05865921787709497
0 0.596875 0.7835195530726257 0.06041666666666667 0.08100558659217877
0 0.5416666666666666 0.744413407821229 0.03333333333333333 0.04748603351955307
0 0.5010416666666667 0.7374301675977654 0.035416666666666666 0.061452513966480445
0 0.6895833333333333 0.8170391061452514 0.05 0.07541899441340782
0 0.5677083333333334 0.5782122905027933 0.08125 0.11173184357541899
0 0.7260416666666667 0.013966480446927373 0.035416666666666666 0.027932960893854747
0 0.8395833333333333 0.01675977653631285 0.03333333333333333 0.0335195530726257
0 0.8979166666666667 0.2779329608938548 0.029166666666666667 0.04189944134078212
0 0.540625 0.4581005586592179 0.05625 0.0446927374301676
0 0.65 0.5935754189944135 0.03333333333333333 0.036312849162011177
0 0.6708333333333333 0.5726256983240223 0.03333333333333333 0.0335195530726257
0 0.46979166666666666 0.835195530726257 0.03125 0.0446927374301676
0 0.8291666666666667 0.6955307262569832 0.0375 0.0335195530726257
0 0.909375 0.5321229050279329 0.035416666666666666 0.05307262569832402
0 0.5416666666666666 0.9385474860335196 0.075 0.05027932960893855
0 0.6229166666666667 0.8770949720670391 0.04583333333333333 0.0446927374301676
0 0.475 0.7583798882681564 0.04583333333333333 0.05307262569832402
0 0.6208333333333333 0.6508379888268156 0.03333333333333333 0.03910614525139665
0 0.559375 0.4972067039106145 0.03958333333333333 0.03910614525139665
0 0.5260416666666666 0.31564245810055863 0.035416666666666666 0.05027932960893855
0 0.853125 0.0935754189944134 0.03125 0.04189944134078212
0 0.9333333333333333 0.3505586592178771 0.0375 0.05307262569832402
0 0.9604166666666667 0.388268156424581 0.0375 0.061452513966480445
0 0.6572916666666667 0.43156424581005587 0.04791666666666667 0.05865921787709497
0 0.7010416666666667 0.520949720670391 0.052083333333333336 0.05307262569832402
0 0.8083333333333333 0.6452513966480447 0.05 0.0446927374301676
0 0.5104166666666666 0.4106145251396648 0.04583333333333333 0.0446927374301676