0 0.605 0.025691699604743084 0.06333333333333334 0.05138339920948617
0 0.6733333333333333 0.23122529644268774 0.04666666666666667 0.07509881422924901
0 0.28 0.06324110671936758 0.03333333333333333 0.07905138339920949
0 0.21833333333333332 0.05533596837944664 0.07 0.09486166007905138
0 0.03333333333333333 0.07114624505928854 0.04666666666666667 0.06324110671936758
0 0.11166666666666666 0.18181818181818182 0.05 0.05533596837944664
0 0.18833333333333332 0.2509881422924901 0.043333333333333335 0.05928853754940711
0 0.245 0.22529644268774704 0.043333333333333335 0.07114624505928854
0 0.4166666666666667 0.18774703557312253 0.08 0.05928853754940711
0 0.33166666666666667 0.09090909090909091 0.043333333333333335 0.06324110671936758
0 0.45666666666666667 0.2707509881422925 0.04 0.05928853754940711
0 0.37 0.29051383399209485 0.04666666666666667 0.05138339920948617
0 0.54 0.2885375494071146 0.04666666666666667 0.07905138339920949
0 0.5283333333333333 0.43280632411067194 0.05 0.09090909090909091
0 0.5116666666666667 0.5731225296442688 0.056666666666666664 0.07905138339920949
0 0.31166666666666665 0.5770750988142292 0.08333333333333333 0.09486166007905138
0 0.16833333333333333 0.5 0.03666666666666667 0.05138339920948617
0 0.07333333333333333 0.5039525691699605 0.06666666666666667 0.05928853754940711
0 0.056666666666666664 0.5810276679841897 0.04 0.05533596837944664
0 0.11 0.6679841897233202 0.04666666666666667 0.07905138339920949
0 0.20166666666666666 0.6996047430830039 0.05 0.07114624505928854
0 0.275 0.6798418972332015 0.043333333333333335 0.04743083003952569
0 0.28833333333333333 0.733201581027668 0.043333333333333335 0.05928853754940711
0 0.085 0.8003952569169961 0.043333333333333335 0.05928853754940711
0 0.03833333333333333 0.6956521739130435 0.03666666666666667 0.05533596837944664
0 0.365 0.7035573122529645 0.056666666666666664 0.07905138339920949
0 0.355 0.7786561264822134 0.07666666666666666 0.09486166007905138
0 0.4 0.8241106719367589 0.07333333333333333 0.06719367588932806
0 0.44333333333333336 0.7707509881422925 0.05333333333333334 0.05533596837944664
0 0.48833333333333334 0.7569169960474308 0.056666666666666664 0.06719367588932806
0 0.8083333333333333 0.6976284584980237 0.03666666666666667 0.05928853754940711
0 0.76 0.6521739130434783 0.04666666666666667 0.07114624505928854
0 0.6566666666666666 0.6857707509881423 0.06666666666666667 0.05928853754940711
0 0.6216666666666667 0.7430830039525692 0.03 0.039525691699604744
0 0.5666666666666667 0.733201581027668 0.06 0.06719367588932806
0 0.5783333333333334 0.6462450592885376 0.043333333333333335 0.07509881422924901
0 0.6266666666666667 0.8201581027667985 0.04 0.06719367588932806
0 0.6733333333333333 0.808300395256917 0.05333333333333334 0.08300395256916997
0 0.72 0.9387351778656127 0.08666666666666667 0.08300395256916997
0 0.62 0.5177865612648221 0.04666666666666667 0.04743083003952569
0 0.6466666666666666 0.4505928853754941 0.04666666666666667 0.05533596837944664
0 0.7033333333333334 0.4407114624505929 0.03333333333333333 0.03557312252964427
0 0.7166666666666667 0.5138339920948617 0.05333333333333334 0.06324110671936758
0 0.43333333333333335 0.4288537549407115 0.05333333333333334 0.07509881422924901
0 0.46166666666666667 0.5711462450592886 0.05 0.06719367588932806
0 0.22166666666666668 0.41699604743083 0.08333333333333333 0.09090909090909091
0 0.16166666666666665 0.5889328063241107 0.07666666666666666 0.07114624505928854
0 0.3616666666666667 0.3616600790513834 0.043333333333333335 0.06719367588932806
0 0.4583333333333333 0.3438735177865613 0.07 0.06324110671936758
0 0.5933333333333334 0.31620553359683795 0.02666666666666667 0.07114624505928854
0 0.5233333333333333 0.3577075098814229 0.04666666666666667 0.05928853754940711
0 0.31666666666666665 0.20355731225296442 0.06 0.07509881422924901
0 0.14 0.2766798418972332 0.02666666666666667 0.06324110671936758
0 0.39666666666666667 0.037549407114624504 0.09333333333333334 0.06719367588932806
0 0.3933333333333333 0.12055335968379446 0.06 0.05928853754940711
0 0.47 0.15019762845849802 0.06 0.05533596837944664
0 0.5183333333333333 0.1857707509881423 0.06333333333333334 0.05533596837944664
0 0.7316666666666667 0.22727272727272727 0.056666666666666664 0.05928853754940711