0 0.6104651162790697 0.2205128205128205 0.04263565891472868 0.08205128205128205
0 0.5813953488372093 0.08205128205128205 0.05426356589147287 0.06153846153846154
0 0.48643410852713176 0.11538461538461539 0.05813953488372093 0.05641025641025641
0 0.5058139534883721 0.041025641025641026 0.050387596899224806 0.041025641025641026
0 0.5232558139534884 0.3564102564102564 0.046511627906976744 0.05641025641025641
0 0.4903100775193798 0.3717948717948718 0.04263565891472868 0.05641025641025641
0 0.4496124031007752 0.2743589743589744 0.046511627906976744 0.05641025641025641
0 0.6453488372093024 0.3384615384615385 0.050387596899224806 0.06153846153846154
0 0.5658914728682171 0.4205128205128205 0.06201550387596899 0.05128205128205128
0 0.560077519379845 0.4666666666666667 0.05813953488372093 0.06153846153846154
0 0.624031007751938 0.4512820512820513 0.05426356589147287 0.07179487179487179
0 0.6666666666666666 0.4512820512820513 0.03875968992248062 0.06153846153846154
0 0.5852713178294574 0.6051282051282051 0.05426356589147287 0.08205128205128205
0 0.46124031007751937 0.5076923076923077 0.05426356589147287 0.08205128205128205
0 0.45155038759689925 0.4153846153846154 0.06589147286821706 0.07179487179487179
0 0.3953488372093023 0.45384615384615384 0.06201550387596899 0.046153846153846156
0 0.3062015503875969 0.45897435897435895 0.05426356589147287 0.05641025641025641
0 0.2596899224806202 0.43333333333333335 0.05426356589147287 0.07692307692307693
0 0.2189922480620155 0.43333333333333335 0.050387596899224806 0.06666666666666667
0 0.3372093023255814 0.7 0.06201550387596899 0.06666666666666667
0 0.3430232558139535 0.7564102564102564 0.05813953488372093 0.05641025641025641
0 0.15310077519379844 0.7307692307692307 0.050387596899224806 0.07692307692307693
0 0.4011627906976744 0.6051282051282051 0.04263565891472868 0.07179487179487179
0 0.46511627906976744 0.617948717948718 0.046511627906976744 0.08717948717948718
0 0.5155038759689923 0.5820512820512821 0.05426356589147287 0.05641025641025641
0 0.45348837209302323 0.6871794871794872 0.05426356589147287 0.07179487179487179
0 0.42829457364341084 0.7487179487179487 0.05813953488372093 0.07179487179487179
0 0.4050387596899225 0.8051282051282052 0.050387596899224806 0.06153846153846154
0 0.3003875968992248 0.8358974358974359 0.050387596899224806 0.06153846153846154
0 0.3449612403100775 0.9076923076923077 0.03875968992248062 0.041025641025641026
0 0.29651162790697677 0.9333333333333333 0.05813953488372093 0.10256410256410256
0 0.40891472868217055 0.9256410256410257 0.06589147286821706 0.05641025641025641
0 0.48643410852713176 0.7410256410256411 0.04263565891472868 0.046153846153846156
0 0.5717054263565892 0.7102564102564103 0.05813953488372093 0.046153846153846156
0 0.5 0.8512820512820513 0.05426356589147287 0.041025641025641026
0 0.5329457364341085 0.8205128205128205 0.05813953488372093 0.041025641025641026
0 0.6608527131782945 0.5974358974358974 0.08139534883720931 0.1076923076923077
0 0.36046511627906974 0.3435897435897436 0.06976744186046512 0.07179487179487179
0 0.37790697674418605 0.3871794871794872 0.04263565891472868 0.046153846153846156
0 0.48255813953488375 0.8179487179487179 0.05813953488372093 0.05641025641025641
0 0.5852713178294574 0.7769230769230769 0.046511627906976744 0.05641025641025641
0 0.624031007751938 0.8051282051282052 0.03875968992248062 0.03076923076923077
0 0.5155038759689923 0.23846153846153847 0.05426356589147287 0.06666666666666667
0 0.5852713178294574 0.3128205128205128 0.046511627906976744 0.05128205128205128
0 0.5678294573643411 0.1641025641025641 0.050387596899224806 0.06153846153846154
0 0.4011627906976744 0.49743589743589745 0.050387596899224806 0.05128205128205128
0 0.2693798449612403 0.6923076923076923 0.050387596899224806 0.06153846153846154
0 0.29069767441860467 0.6384615384615384 0.046511627906976744 0.046153846153846156
0 0.5368217054263565 0.7615384615384615 0.050387596899224806 0.06666666666666667
0 0.49612403100775193 0.9179487179487179 0.03875968992248062 0.05128205128205128
0 0.5368217054263565 0.9 0.050387596899224806 0.046153846153846156
0 0.2596899224806202 0.9615384615384616 0.05426356589147287 0.05641025641025641
0 0.5813953488372093 0.5358974358974359 0.05426356589147287 0.06666666666666667
0 0.7151162790697675 0.4256410256410256 0.04263565891472868 0.05128205128205128
0 0.6705426356589147 0.39487179487179486 0.06201550387596899 0.07179487179487179
0 0.5775193798449613 0.2512820512820513 0.046511627906976744 0.06153846153846154
0 0.4883720930232558 0.3282051282051282 0.046511627906976744 0.05128205128205128
0 0.5077519379844961 0.6897435897435897 0.046511627906976744 0.05641025641025641
0 0.21124031007751937 0.9384615384615385 0.04263565891472868 0.041025641025641026
0 0.20155038759689922 0.9743589743589743 0.046511627906976744 0.041025641025641026
0 0.16666666666666666 0.9769230769230769 0.023255813953488372 0.035897435897435895
0 0.1375968992248062 0.9717948717948718 0.027131782945736434 0.046153846153846156
0 0.41472868217054265 0.9717948717948718 0.046511627906976744 0.046153846153846156
0 0.5290697674418605 0.6512820512820513 0.04263565891472868 0.05128205128205128