0 0.39464285714285713 0.09066666666666667 0.039285714285714285 0.050666666666666665
0 0.3294642857142857 0.08133333333333333 0.044642857142857144 0.02666666666666667
0 0.3223214285714286 0.10533333333333333 0.05892857142857143 0.04
0 0.32767857142857143 0.206 0.06607142857142857 0.04133333333333333
0 0.2669642857142857 0.21 0.05178571428571429 0.04666666666666667
0 0.34375 0.2906666666666667 0.08035714285714286 0.06933333333333333
0 0.48839285714285713 0.27266666666666667 0.05892857142857143 0.04666666666666667
0 0.3892857142857143 0.4 0.05357142857142857 0.034666666666666665
0 0.35892857142857143 0.44533333333333336 0.06785714285714285 0.024
0 0.33125 0.478 0.044642857142857144 0.036
0 0.2598214285714286 0.36333333333333334 0.05892857142857143 0.04666666666666667
0 0.22053571428571428 0.38866666666666666 0.08392857142857142 0.04933333333333333
0 0.2125 0.42533333333333334 0.07142857142857142 0.042666666666666665
0 0.19107142857142856 0.5166666666666667 0.07142857142857142 0.04133333333333333
0 0.30089285714285713 0.5806666666666667 0.05178571428571429 0.03866666666666667
0 0.34375 0.576 0.044642857142857144 0.029333333333333333
0 0.3705357142857143 0.624 0.0375 0.048
0 0.41785714285714287 0.6293333333333333 0.05 0.037333333333333336
0 0.48839285714285713 0.6293333333333333 0.07678571428571429 0.056
0 0.4973214285714286 0.42333333333333334 0.05892857142857143 0.052
0 0.44910714285714287 0.4653333333333333 0.030357142857142857 0.029333333333333333
0 0.41160714285714284 0.48333333333333334 0.0625 0.028
0 0.46517857142857144 0.502 0.044642857142857144 0.02266666666666667
0 0.39732142857142855 0.5153333333333333 0.055357142857142855 0.04933333333333333
0 0.28125 0.4246666666666667 0.044642857142857144 0.030666666666666665
0 0.23392857142857143 0.4646666666666667 0.05 0.036
0 0.28035714285714286 0.48133333333333334 0.05357142857142857 0.050666666666666665
0 0.2044642857142857 0.5486666666666666 0.05178571428571429 0.03866666666666667
0 0.25535714285714284 0.5606666666666666 0.05 0.04666666666666667