0 0.4893958868894602 0.35619212962962965 0.032133676092544985 0.03993055555555555
0 0.45983290488431877 0.3097511574074074 0.06619537275064268 0.05758101851851852
0 0.5054627249357326 0.32523148148148145 0.04434447300771208 0.03530092592592592
0 0.6076478149100257 0.22554976851851852 0.04177377892030849 0.044270833333333336
0 0.5200835475578406 0.17679398148148148 0.07872750642673522 0.05324074074074074
0 0.5152634961439588 0.09244791666666667 0.06394601542416452 0.048900462962962965
0 0.5743894601542416 0.061342592592592594 0.04916452442159383 0.03993055555555555
0 0.9080976863753213 0.33622685185185186 0.04177377892030849 0.05324074074074074
0 0.9548521850899743 0.32740162037037035 0.06651670951156813 0.044270833333333336
0 0.4315552699228792 0.6721643518518519 0.03920308483290488 0.03761574074074074
0 0.480719794344473 0.66015625 0.04434447300771208 0.044270833333333336
0 0.5187982005141388 0.6999421296296297 0.03695372750642673 0.03993055555555555
0 0.7170629820051414 0.7099247685185185 0.034383033419023136 0.019965277777777776
0 0.7207583547557841 0.7443576388888888 0.04177377892030849 0.01765046296296296
0 0.756426735218509 0.6999421296296297 0.02956298200514139 0.03993055555555555
0 0.7787596401028277 0.6743344907407407 0.039524421593830336 0.019965277777777776
0 0.7787596401028277 0.6987847222222222 0.02474293059125964 0.028935185185185185
0 0.7750642673521851 0.7565104166666666 0.04691516709511568 0.02459490740740741
0 0.7615681233933161 0.7764756944444444 0.04434447300771208 0.028645833333333332
0 0.7763496143958869 0.7941261574074074 0.02956298200514139 0.033275462962962965
0 0.7294344473007712 0.8187210648148148 0.03470437017994859 0.033275462962962965
0 0.8414203084832905 0.8308738425925926 0.03695372750642673 0.035590277777777776
0 0.8452763496143959 0.6932870370370371 0.034383033419023136 0.03993055555555555
0 0.9042416452442159 0.6676793981481481 0.03920308483290488 0.033275462962962965
0 0.8648778920308483 0.5979456018518519 0.01960154241645244 0.044270833333333336
0 0.8131426735218509 0.6401909722222222 0.034383033419023136 0.030960648148148147
0 0.8981362467866324 0.5392071759259259 0.02699228791773779 0.019965277777777776
0 0.9437660668380463 0.5135995370370371 0.02956298200514139 0.03993055555555555
0 0.9571015424164524 0.5403645833333334 0.03695372750642673 0.030960648148148147
0 0.7911311053984575 0.12456597222222222 0.02956298200514139 0.033275462962962965
0 0.5017673521850899 0.81640625 0.03695372750642673 0.04195601851851852
0 0.2935411311053985 0.5613425925925926 0.039524421593830336 0.05555555555555555
0 0.37982005141388175 0.6322337962962963 0.03920308483290488 0.03761574074074074