0 0.5237789203084833 0.32740162037037035 0.04177377892030849 0.030960648148148147
0 0.7059768637532133 0.23538773148148148 0.017352185089974295 0.033275462962962965
0 0.7948264781491002 0.3706597222222222 0.03695372750642673 0.03761574074074074
0 0.27522493573264784 0.5436921296296297 0.03695372750642673 0.04224537037037037
0 0.34174164524421596 0.7265625 0.03695372750642673 0.02199074074074074
0 0.4291452442159383 0.7987557870370371 0.034383033419023136 0.033275462962962965
0 0.47573907455012854 0.7986111111111112 0.01960154241645244 0.024305555555555556
0 0.4783097686375321 0.6956018518518519 0.02474293059125964 0.02662037037037037
0 0.4955012853470437 0.8794849537037037 0.014781491002570694 0.01765046296296296
0 0.3848007712082262 0.6688368055555556 0.034383033419023136 0.044270833333333336
0 0.3378856041131105 0.6290509259259259 0.04916452442159383 0.04861111111111111
0 0.5976863753213367 0.7065972222222222 0.032133676092544985 0.03530092592592592
0 0.5755141388174807 0.7952835648148148 0.02699228791773779 0.035590277777777776
0 0.5200835475578406 0.7798032407407407 0.034383033419023136 0.03993055555555555
0 0.34656169665809766 0.6666666666666666 0.03695372750642673 0.03530092592592592