0 0.5891693811074918 0.6200980392156863 0.021986970684039087 0.0508578431372549
0 0.42243485342019543 0.6188725490196079 0.023615635179153095 0.04350490196078431
0 0.43515879478827363 0.5819546568627451 0.042141693811074916 0.045649509803921566
0 0.5342019543973942 0.4889705882352941 0.023615635179153095 0.028186274509803922
0 0.7051099348534202 0.3350183823529412 0.02707654723127036 0.05606617647058824
0 0.401364006514658 0.5577512254901961 0.028705211726384364 0.027879901960784315
0 0.3878257328990228 0.5934436274509803 0.025244299674267102 0.03799019607843137
0 0.4765879478827362 0.6061580882352942 0.023615635179153095 0.027879901960784315
0 0.4580618892508143 0.6444546568627451 0.023615635179153095 0.03829656862745098
0 0.5164902280130294 0.5297181372549019 0.021986970684039087 0.05330882352941176
0 0.5401058631921825 0.5756740196078431 0.03216612377850163 0.03308823529411765
0 0.6052524429967426 0.5589767156862745 0.023615635179153095 0.040747549019607844
0 0.602707654723127 0.6787683823529411 0.028705211726384364 0.040747549019607844
0 0.6425081433224755 0.6634497549019608 0.023615635179153095 0.045649509803921566
0 0.5781758957654723 0.8607536764705882 0.030537459283387622 0.043198529411764705
0 0.6433224755700325 0.8544730392156863 0.025244299674267102 0.04595588235294118
0 0.6576750814332247 0.8964460784313726 0.03399837133550489 0.05330882352941176