0 0.5756311074918566 0.4954044117647059 0.042141693811074916 0.07659313725490197
0 0.6205211726384365 0.5234375 0.043973941368078175 0.06096813725490196
0 0.5654519543973942 0.5984987745098039 0.03888436482084691 0.06341911764705882
0 0.46905537459283386 0.6150428921568627 0.04560260586319218 0.06096813725490196
0 0.3945439739413681 0.31449142156862747 0.04234527687296417 0.05606617647058824
0 0.5139454397394136 0.6862745098039216 0.02707654723127036 0.0508578431372549
0 0.5748167752442996 0.6838235294117647 0.050692182410423454 0.07107843137254902
0 0.632328990228013 0.6659007352941176 0.04723127035830619 0.07628676470588236
0 0.6213355048859935 0.8175551470588235 0.025244299674267102 0.0585171568627451
0 0.7134568403908795 0.6864276960784313 0.06087133550488599 0.06096813725490196
0 0.7059242671009772 0.75 0.04580618892508143 0.08639705882352941
0 0.7346294788273615 0.8823529411764706 0.04906351791530945 0.08149509803921569
0 0.8328583061889251 0.7231924019607843 0.04234527687296417 0.0585171568627451
0 0.7617060260586319 0.7844669117647058 0.028705211726384364 0.07383578431372549
0 0.8075122149837134 0.8200061274509803 0.04906351791530945 0.0585171568627451
0 0.8057817589576547 0.8900122549019608 0.04560260586319218 0.0661764705882353
0 0.6822068403908795 0.9079350490196079 0.018729641693811076 0.035845588235294115
0 0.6407776872964169 0.8595281862745098 0.050692182410423454 0.05606617647058824
0 0.5696254071661238 0.7907475490196079 0.05415309446254072 0.07107843137254902
0 0.5984324104234527 0.7449448529411765 0.050692182410423454 0.06096813725490196
0 0.6941164495114006 0.5948223039215687 0.04906351791530945 0.05606617647058824
0 0.5062092833876222 0.7818627450980392 0.035627035830618894 0.05330882352941176
0 0.3810057003257329 0.6557904411764706 0.025447882736156353 0.07138480392156862
0 0.43515879478827363 0.6418504901960784 0.0018322475570032573 0.0024509803921568627
0 0.432614006514658 0.6455269607843137 0.04071661237785016 0.09681372549019608
0 0.4867671009771987 0.45986519607843135 0.043973941368078175 0.08149509803921569
0 0.43780537459283386 0.37576593137254904 0.02707654723127036 0.035845588235294115
0 0.612785016286645 0.4010416666666667 0.04234527687296417 0.08149509803921569
0 0.6543159609120521 0.4635416666666667 0.043973941368078175 0.03799019607843137
0 0.6822068403908795 0.3897058823529412 0.0728827361563518 0.05330882352941176
0 0.5934446254071661 0.3134191176470588 0.043973941368078175 0.04840686274509804
0 0.5095684039087948 0.26868872549019607 0.05252442996742671 0.030637254901960783
0 0.5121131921824105 0.20389093137254902 0.04051302931596091 0.07383578431372549
0 0.4554153094462541 0.20649509803921567 0.05578175895765472 0.09926470588235294
0 0.31840390879478825 0.19883578431372548 0.09649837133550489 0.11458333333333333
0 0.6720276872964169 0.08026960784313726 0.04560260586319218 0.0661764705882353
0 0.6382328990228013 0.22288602941176472 0.04234527687296417 0.07628676470588236
0 0.573900651465798 0.057291666666666664 0.0728827361563518 0.09681372549019608
0 0.5225977198697068 0.34589460784313725 0.046416938110749185 0.04656862745098039
0 0.47048045602605865 0.5419730392156863 0.05618892508143322 0.06862745098039216
0 0.7998778501628665 0.2607230392156863 0.03745928338762215 0.07475490196078431
0 0.9020765472312704 0.7484681372549019 0.03664495114006515 0.0625
0 0.7795195439739414 0.6424632352941176 0.035830618892508145 0.049019607843137254
0 0.37031758957654726 0.45128676470588236 0.03175895765472313 0.049019607843137254
0 0.3524022801302932 0.5854779411764706 0.04315960912052117 0.07230392156862746
0 0.4863599348534202 0.7104779411764706 0.05537459283387622 0.07230392156862746
0 0.556799674267101 0.3900122549019608 0.039902280130293157 0.061274509803921566
0 0.27707654723127034 0.3226102941176471 0.03745928338762215 0.07598039215686274
0 0.40085504885993484 0.6884191176470589 0.029315960912052116 0.04044117647058824
0 0.7347312703583062 0.5738357843137255 0.05374592833876222 0.0661764705882353
0 0.44930781758957655 0.2772671568627451 0.04315960912052117 0.05392156862745098
0 0.5148615635179153 0.4880514705882353 0.03257328990228013 0.051470588235294115
0 0.5413273615635179 0.45128676470588236 0.041530944625407164 0.051470588235294115
0 0.6093241042345277 0.5977328431372549 0.043973941368078175 0.0625
0 0.6532980456026058 0.7129289215686274 0.043973941368078175 0.04779411764705882
0 0.8410016286644951 0.8826593137254902 0.03501628664495114 0.049019607843137254