0 0.8934782608695652 0.2673913043478261 0.1 0.030434782608695653
0 0.8442028985507246 0.3027173913043478 0.04492753623188406 0.057608695652173914
0 0.8891304347826087 0.4309782608695652 0.06231884057971015 0.05326086956521739
0 0.8355072463768116 0.44021739130434784 0.050724637681159424 0.0391304347826087
0 0.85 0.5054347826086957 0.0391304347826087 0.06956521739130435
0 0.9297101449275362 0.46902173913043477 0.05652173913043478 0.02717391304347826
0 0.841304347826087 0.5809782608695652 0.03333333333333333 0.020652173913043477
0 0.7260869565217392 0.6119565217391304 0.03768115942028986 0.05
0 0.7094202898550724 0.6597826086956522 0.0536231884057971 0.034782608695652174
0 0.7956521739130434 0.678804347826087 0.04057971014492753 0.059782608695652176
0 0.8514492753623188 0.65 0.07681159420289856 0.015217391304347827
0 0.6195652173913043 0.4967391304347826 0.050724637681159424 0.03695652173913044
0 0.47608695652173916 0.5755434782608696 0.04782608695652174 0.04891304347826087
0 0.5398550724637681 0.5733695652173914 0.05652173913043478 0.04456521739130435
0 0.5978260869565217 0.5679347826086957 0.059420289855072465 0.04673913043478261
0 0.4971014492753623 0.6244565217391305 0.06376811594202898 0.04021739130434782
0 0.5195652173913043 0.6592391304347827 0.07391304347826087 0.04456521739130435
0 0.41739130434782606 0.6527173913043478 0.034782608695652174 0.04021739130434782
0 0.6615942028985508 0.6570652173913043 0.06231884057971015 0.057608695652173914
0 0.6021739130434782 0.6896739130434782 0.0391304347826087 0.025
0 0.5695652173913044 0.7364130434782609 0.03188405797101449 0.029347826086956522
0 0.6615942028985508 0.7326086956521739 0.05652173913043478 0.02608695652173913
0 0.591304347826087 0.7891304347826087 0.034782608695652174 0.02391304347826087
0 0.6673913043478261 0.8070652173913043 0.08550724637681159 0.04673913043478261
0 0.513768115942029 0.7396739130434783 0.050724637681159424 0.035869565217391305
0 0.37318840579710144 0.7298913043478261 0.07681159420289856 0.042391304347826085
0 0.3007246376811594 0.7293478260869565 0.050724637681159424 0.015217391304347827
0 0.24710144927536232 0.6994565217391304 0.04492753623188406 0.02282608695652174
0 0.1934782608695652 0.6505434782608696 0.06231884057971015 0.02717391304347826
0 0.24855072463768116 0.6130434782608696 0.059420289855072465 0.021739130434782608
0 0.22391304347826088 0.5695652173913044 0.04492753623188406 0.02391304347826087
0 0.22826086956521738 0.5309782608695652 0.06521739130434782 0.04456521739130435
0 0.2891304347826087 0.5233695652173913 0.06811594202898551 0.03804347826086957
0 0.3644927536231884 0.5135869565217391 0.0536231884057971 0.035869565217391305
0 0.6746376811594202 0.5342391304347827 0.06521739130434782 0.042391304347826085
0 0.4688405797101449 0.4423913043478261 0.07391304347826087 0.04782608695652174
0 0.3615942028985507 0.6195652173913043 0.08840579710144927 0.030434782608695653
0 0.6978260869565217 0.328804347826087 0.042028985507246375 0.029347826086956522
0 0.9123188405797101 0.5255434782608696 0.04782608695652174 0.051086956521739134
0 0.9007246376811594 0.3391304347826087 0.03333333333333333 0.041304347826086954
0 0.941304347826087 0.3168478260869565 0.042028985507246375 0.029347826086956522
0 0.9492753623188406 0.3483695652173913 0.04057971014492753 0.03152173913043478
0 0.7326086956521739 0.45815217391304347 0.059420289855072465 0.042391304347826085
0 0.7391304347826086 0.5641304347826087 0.05507246376811594 0.0391304347826087
0 0.4210144927536232 0.6108695652173913 0.06521739130434782 0.034782608695652174
0 0.16666666666666666 0.7184782608695652 0.0463768115942029 0.02608695652173913
0 0.20507246376811594 0.7510869565217392 0.04492753623188406 0.03260869565217391
0 0.31521739130434784 0.7706521739130435 0.050724637681159424 0.02391304347826087
0 0.29782608695652174 0.6516304347826087 0.0536231884057971 0.035869565217391305
0 0.213768115942029 0.6940217391304347 0.04782608695652174 0.042391304347826085
0 0.6065217391304348 0.6461956521739131 0.04492753623188406 0.035869565217391305
0 0.38115942028985506 0.6652173913043479 0.043478260869565216 0.0391304347826087
0 0.4666666666666667 0.6782608695652174 0.043478260869565216 0.03695652173913044
0 0.6021739130434782 0.7483695652173913 0.042028985507246375 0.03804347826086957