0 0.08306555269922879 0.4526909722222222 0.03181233933161954 0.028645833333333332
0 0.1211439588688946 0.44936342592592593 0.04434447300771208 0.03530092592592592
0 0.1778598971722365 0.5147569444444444 0.05430591259640103 0.028935185185185185
0 0.11873393316195373 0.5891203703703703 0.034383033419023136 0.04456018518518518
0 0.19633676092544988 0.6322337962962963 0.04177377892030849 0.05092592592592592
0 0.23570051413881749 0.6102430555555556 0.03181233933161954 0.03761574074074074
0 0.3441516709511568 0.5591724537037037 0.04177377892030849 0.037905092592592594
0 0.3565231362467866 0.6112557870370371 0.05173521850899743 0.035590277777777776
0 0.2737789203084833 0.6566840277777778 0.02956298200514139 0.028645833333333332
0 0.24196658097686374 0.6733217592592593 0.05398457583547558 0.03993055555555555
0 0.2824550128534704 0.6844618055555556 0.032133676092544985 0.030960648148148147
0 0.3035025706940874 0.7055844907407407 0.039524421593830336 0.033275462962962965
0 0.34045629820051415 0.6388888888888888 0.04916452442159383 0.024305555555555556
0 0.43637532133676094 0.6633391203703703 0.04434447300771208 0.033275462962962965
0 0.34286632390745503 0.7653356481481481 0.05398457583547558 0.05555555555555555
0 0.38223007712082263 0.6821469907407407 0.05430591259640103 0.030960648148148147
0 0.20003213367609254 0.3541666666666667 0.039524421593830336 0.03993055555555555
0 0.24180591259640102 0.3763020833333333 0.039524421593830336 0.035590277777777776
0 0.28631105398457585 0.2842881944444444 0.04434447300771208 0.033275462962962965
0 0.30960796915167094 0.3219039351851852 0.04209511568123393 0.04195601851851852
0 0.3026992287917738 0.6426504629629629 0.037917737789203085 0.03414351851851852