0 0.7057291666666666 0.47314814814814815 0.035416666666666666 0.06666666666666667
0 0.7421875 0.524537037037037 0.040625 0.06574074074074074
0 0.6692708333333334 0.3333333333333333 0.040625 0.06296296296296296
0 0.6369791666666667 0.39490740740740743 0.040625 0.08425925925925926
0 0.6997395833333333 0.2310185185185185 0.033854166666666664 0.04537037037037037
0 0.5890625 0.2884259259259259 0.035416666666666666 0.09351851851851851
0 0.5239583333333333 0.29583333333333334 0.040625 0.08425925925925926
0 0.48828125 0.23287037037037037 0.030729166666666665 0.06018518518518518
0 0.47161458333333334 0.29444444444444445 0.04739583333333333 0.08148148148148149
0 0.43854166666666666 0.28703703703703703 0.059375 0.0962962962962963
0 0.35208333333333336 0.3333333333333333 0.035416666666666666 0.06851851851851852
0 0.31484375 0.34074074074074073 0.0421875 0.07777777777777778
0 0.30807291666666664 0.2625 0.028645833333333332 0.06574074074074074
0 0.4315104166666667 0.3921296296296296 0.0421875 0.05462962962962963
0 0.35052083333333334 0.4444444444444444 0.04583333333333333 0.06296296296296296
0 0.2708333333333333 0.399537037037037 0.035416666666666666 0.06388888888888888
0 0.2546875 0.45231481481481484 0.030208333333333334 0.06018518518518518
0 0.4088541666666667 0.5018518518518519 0.0375 0.06851851851851852
0 0.45364583333333336 0.600925925925926 0.042708333333333334 0.05740740740740741
0 0.32057291666666665 0.5199074074074074 0.033854166666666664 0.06388888888888888
0 0.6161458333333333 0.875 0.04895833333333333 0.05740740740740741
0 0.77265625 0.5893518518518519 0.030729166666666665 0.04537037037037037
0 0.8427083333333333 0.5939814814814814 0.03229166666666667 0.06018518518518518
0 0.25729166666666664 0.7726851851851851 0.03229166666666667 0.06944444444444445
0 0.22942708333333334 0.5472222222222223 0.044270833333333336 0.08148148148148149
0 0.265625 0.5787037037037037 0.04895833333333333 0.07222222222222222