0 0.6622222222222223 0.20916666666666667 0.057777777777777775 0.04833333333333333
0 0.5588888888888889 0.14666666666666667 0.08222222222222222 0.10666666666666667
0 0.5233333333333333 0.22333333333333333 0.10444444444444445 0.05333333333333334
0 0.6322222222222222 0.26666666666666666 0.07777777777777778 0.056666666666666664
0 0.4588888888888889 0.043333333333333335 0.04666666666666667 0.04
0 0.5244444444444445 0.07083333333333333 0.06222222222222222 0.051666666666666666
0 0.6044444444444445 0.08083333333333333 0.06666666666666667 0.075
0 0.68 0.3525 0.06666666666666667 0.051666666666666666
0 0.6644444444444444 0.415 0.08 0.05333333333333334
0 0.5011111111111111 0.3641666666666667 0.12222222222222222 0.045
0 0.4777777777777778 0.31083333333333335 0.09777777777777778 0.04833333333333333
0 0.4022222222222222 0.3075 0.12444444444444444 0.06833333333333333
0 0.30333333333333334 0.30083333333333334 0.10444444444444445 0.055
0 0.35 0.5708333333333333 0.06888888888888889 0.04833333333333333
0 0.35333333333333333 0.6533333333333333 0.06222222222222222 0.06
0 0.5288888888888889 0.625 0.05333333333333334 0.05
0 0.5977777777777777 0.5483333333333333 0.08 0.06333333333333334
0 0.6455555555555555 0.5083333333333333 0.07333333333333333 0.05333333333333334
0 0.6933333333333334 0.5591666666666667 0.10222222222222223 0.04833333333333333
0 0.7433333333333333 0.48333333333333334 0.08666666666666667 0.06333333333333334
0 0.7677777777777778 0.3541666666666667 0.07333333333333333 0.055
0 0.78 0.4175 0.05333333333333334 0.04833333333333333
0 0.48777777777777775 0.4041666666666667 0.07777777777777778 0.035
0 0.6177777777777778 0.3525 0.035555555555555556 0.041666666666666664
0 0.26 0.7116666666666667 0.03111111111111111 0.043333333333333335
0 0.18777777777777777 0.8441666666666666 0.06888888888888889 0.041666666666666664
0 0.5233333333333333 0.5475 0.06 0.028333333333333332
0 0.5266666666666666 0.8433333333333334 0.07111111111111111 0.03666666666666667
0 0.5977777777777777 0.83 0.09777777777777778 0.043333333333333335
0 0.5444444444444444 0.7425 0.08 0.058333333333333334
0 0.47888888888888886 0.6916666666666667 0.06 0.03
0 0.1922222222222222 0.43333333333333335 0.06888888888888889 0.056666666666666664
0 0.2544444444444444 0.4066666666666667 0.07777777777777778 0.06666666666666667
0 0.26 0.4533333333333333 0.06666666666666667 0.04
0 0.2088888888888889 0.4891666666666667 0.08 0.041666666666666664
0 0.22777777777777777 0.5858333333333333 0.09555555555555556 0.07166666666666667
0 0.3233333333333333 0.38 0.07333333333333333 0.05333333333333334
0 0.36666666666666664 0.43083333333333335 0.07111111111111111 0.075
0 0.3711111111111111 0.485 0.057777777777777775 0.02666666666666667
0 0.44666666666666666 0.47833333333333333 0.06666666666666667 0.05
0 0.40444444444444444 0.6091666666666666 0.07111111111111111 0.03833333333333333
0 0.4722222222222222 0.6375 0.06444444444444444 0.04833333333333333
0 0.7 0.61 0.06222222222222222 0.04
0 0.7333333333333333 0.6858333333333333 0.057777777777777775 0.045
0 0.6488888888888888 0.6866666666666666 0.08444444444444445 0.03333333333333333
0 0.6377777777777778 0.7416666666666667 0.08 0.03
0 0.6477777777777778 0.7866666666666666 0.07777777777777778 0.05
0 0.5766666666666667 0.31916666666666665 0.07777777777777778 0.028333333333333332
0 0.5922222222222222 0.2875 0.08666666666666667 0.028333333333333332
0 0.3211111111111111 0.10083333333333333 0.04666666666666667 0.025
0 0.39444444444444443 0.24916666666666668 0.06444444444444444 0.045
0 0.21555555555555556 0.3458333333333333 0.06222222222222222 0.03833333333333333