0 0.7589974293059126 0.7420428240740741 0.02956298200514139 0.035590277777777776
0 0.7601221079691517 0.7819733796296297 0.03695372750642673 0.030960648148148147
0 0.7935411311053985 0.7608506944444444 0.034383033419023136 0.033275462962962965
0 0.7281491002570694 0.7654803240740741 0.032133676092544985 0.033275462962962965
0 0.7209190231362468 0.7099247685185185 0.05173521850899743 0.037905092592592594
0 0.6752892030848329 0.7055844907407407 0.04402313624678663 0.033275462962962965
0 0.6642030848329049 0.7453703703703703 0.05141388174807198 0.03761574074074074
0 0.6752892030848329 0.7809606481481481 0.034383033419023136 0.024305555555555556
0 0.7009961439588689 0.81640625 0.05173521850899743 0.037905092592592594
0 0.32696015424164526 0.24537037037037038 0.02217223650385604 0.03530092592592592
0 0.29980719794344474 0.29094328703703703 0.04177377892030849 0.033275462962962965
0 0.4265745501285347 0.37297453703703703 0.05430591259640103 0.04224537037037037
0 0.36744858611825193 0.39945023148148145 0.034383033419023136 0.033275462962962965