0 0.27747429305912596 0.49710648148148145 0.02217223650385604 0.03761574074074074
0 0.549646529562982 0.8418692129629629 0.04916452442159383 0.030960648148148147
0 0.5361503856041131 0.9239004629629629 0.02731362467866324 0.05324074074074074
0 0.5878856041131105 0.8872974537037037 0.03695372750642673 0.02459490740740741
0 0.6518316195372751 0.8817997685185185 0.05173521850899743 0.044270833333333336
0 0.7035668380462725 0.8451967592592593 0.05173521850899743 0.03761574074074074
0 0.8279241645244216 0.8285590277777778 0.02474293059125964 0.035590277777777776
0 0.7837403598971723 0.8109085648148148 0.05912596401028278 0.044270833333333336
0 0.7948264781491002 0.7654803240740741 0.03695372750642673 0.019965277777777776
0 0.8550771208226221 0.7332175925925926 0.06876606683804627 0.05787037037037037
0 0.8674485861182519 0.4140625 0.034383033419023136 0.03993055555555555
0 0.8661632390745502 0.36183449074074076 0.03181233933161954 0.037905092592592594
0 0.5163881748071979 0.5403645833333334 0.04177377892030849 0.048900462962962965
0 0.5657133676092545 0.5270543981481481 0.05173521850899743 0.02228009259259259
0 0.5633033419023136 0.5734953703703703 0.04177377892030849 0.05324074074074074
0 0.5335796915167095 0.6157407407407407 0.03695372750642673 0.05324074074074074
0 0.7726542416452442 0.6478587962962963 0.03695372750642673 0.019675925925925927
0 0.5743894601542416 0.7142650462962963 0.039524421593830336 0.019965277777777776
0 0.68396529562982 0.7120949074074074 0.03695372750642673 0.028935185185185185
0 0.6568123393316195 0.7586805555555556 0.036632390745501286 0.024305555555555556