0 0.2800449871465296 0.22106481481481483 0.07165809768637532 0.03993055555555555
0 0.730719794344473 0.45384837962962965 0.04177377892030849 0.039641203703703706
0 0.7540167095115681 0.6756365740740741 0.06394601542416452 0.03993055555555555
0 0.6505462724935732 0.6854745370370371 0.06394601542416452 0.04224537037037037
0 0.6063624678663239 0.6589988425925926 0.07904884318766067 0.033275462962962965
0 0.6937660668380463 0.6312210648148148 0.09575835475578406 0.06221064814814815
0 0.7601221079691517 0.5724826388888888 0.09607969151670952 0.059895833333333336
0 0.6359254498714653 0.7786458333333334 0.07390745501285347 0.04224537037037037
0 0.5509318766066839 0.7476851851851852 0.09607969151670952 0.05092592592592592
0 0.5976863753213367 0.8220486111111112 0.07133676092544987 0.03993055555555555
0 0.8452763496143959 0.7465277777777778 0.08386889460154241 0.04456018518518518
0 0.7824550128534704 0.8440393518518519 0.061696658097686374 0.03530092592592592
0 0.4844151670951157 0.9583333333333334 0.06651670951156813 0.04224537037037037
0 0.5337403598971723 0.29976851851851855 0.16516709511568123 0.09085648148148148
0 0.2037275064267352 0.22106481481481483 0.08097686375321336 0.0931712962962963
0 0.8733933161953727 0.41015625 0.03984575835475578 0.04195601851851852
0 0.519280205655527 0.6407696759259259 0.04562982005141388 0.033854166666666664
0 0.5957583547557841 0.7902199074074074 0.05012853470437018 0.03993055555555555
0 0.3957262210796915 0.9748263888888888 0.046593830334190234 0.03587962962962963
0 0.5697300771208226 0.9419849537037037 0.05976863753213368 0.033854166666666664
0 0.6815552699228792 0.7798032407407407 0.05976863753213368 0.04282407407407408