0 0.4149022801302932 0.2981004901960784 0.03216612377850163 0.05330882352941176
0 0.5840798045602605 0.16053921568627452 0.025244299674267102 0.058823529411764705
0 0.5104845276872965 0.8480392156862745 0.02707654723127036 0.05330882352941176
0 0.5772597719869706 0.8710171568627451 0.025447882736156353 0.04840686274509804
0 0.6001628664495114 0.905484068627451 0.02035830618892508 0.05606617647058824
0 0.5595480456026058 0.9448529411764706 0.04743485342019544 0.04840686274509804
0 0.5079397394136808 0.7717524509803921 0.021986970684039087 0.04840686274509804
0 0.4631514657980456 0.842984068627451 0.02035830618892508 0.043198529411764705
0 0.6280537459283387 0.13511029411764705 0.035423452768729644 0.03308823529411765
0 0.6618485342019544 0.5131740196078431 0.021986970684039087 0.04595588235294118
0 0.6542141693811075 0.5526960784313726 0.02707654723127036 0.028186274509803922
0 0.4655944625407166 0.7118566176470589 0.021986970684039087 0.040747549019607844