0 0.47332904884318766 0.30859375 0.02956298200514139 0.037905092592592594
0 0.6605077120822622 0.21889467592592593 0.04916452442159383 0.05758101851851852
0 0.2726542416452442 0.5969328703703703 0.03181233933161954 0.03761574074074074
0 0.2713688946015424 0.6412037037037037 0.02474293059125964 0.04224537037037037
0 0.31587403598971725 0.6345486111111112 0.02956298200514139 0.028935185185185185
0 0.32696015424164526 0.6656539351851852 0.03695372750642673 0.033275462962962965
0 0.45726221079691515 0.7588252314814815 0.02699228791773779 0.033275462962962965
0 0.5089974293059126 0.7798032407407407 0.04691516709511568 0.03530092592592592
0 0.5213688946015425 0.6799768518518519 0.02217223650385604 0.03530092592592592
0 0.4252892030848329 0.7897858796296297 0.046593830334190234 0.033275462962962965
0 0.37853470437017994 0.7764756944444444 0.02699228791773779 0.037905092592592594
0 0.43637532133676094 0.8663194444444444 0.03920308483290488 0.03530092592592592
0 0.4535668380462725 0.6511863425925926 0.034383033419023136 0.044270833333333336