0 0.1089331619537275 0.43822337962962965 0.06426735218508997 0.030960648148148147
0 0.10154241645244216 0.4904513888888889 0.05398457583547558 0.05092592592592592
0 0.025224935732647814 0.5047743055555556 0.034383033419023136 0.02228009259259259
0 0.04852185089974293 0.5724826388888888 0.04691516709511568 0.04658564814814815
0 0.19890745501285348 0.5691550925925926 0.056555269922879174 0.04861111111111111
0 0.1397814910025707 0.6312210648148148 0.061696658097686374 0.048900462962962965
0 0.1532776349614396 0.7110821759259259 0.02956298200514139 0.044270833333333336
0 0.20854755784061696 0.6766493055555556 0.04177377892030849 0.055266203703703706
0 0.24309125964010284 0.7320601851851852 0.02217223650385604 0.04224537037037037
0 0.27522493573264784 0.7310474537037037 0.03695372750642673 0.048900462962962965
0 0.3157133676092545 0.8074363425925926 0.039524421593830336 0.019965277777777776
0 0.34045629820051415 0.8949652777777778 0.039524421593830336 0.03993055555555555
0 0.2787596401028278 0.8806423611111112 0.04916452442159383 0.04195601851851852
0 0.5016066838046273 0.9616608796296297 0.056555269922879174 0.044270833333333336