0 0.8157133676092545 0.6833043981481481 0.034383033419023136 0.037905092592592594
0 0.8587724935732648 0.63671875 0.03181233933161954 0.059895833333333336
0 0.799646529562982 0.6501736111111112 0.046593830334190234 0.03761574074074074
0 0.6113431876606684 0.8916377314814815 0.039524421593830336 0.033275462962962965
0 0.5682840616966581 0.9250578703703703 0.05173521850899743 0.024305555555555556
0 0.36873393316195374 0.28978587962962965 0.046593830334190234 0.035590277777777776
0 0.4019922879177378 0.24320023148148148 0.04948586118251928 0.044270833333333336
0 0.8402956298200515 0.44386574074074076 0.03920308483290488 0.04224537037037037
0 0.8107326478149101 0.41608796296296297 0.03920308483290488 0.03993055555555555
0 0.7035668380462725 0.3197337962962963 0.04209511568123393 0.05555555555555555
0 0.581780205655527 0.9538483796296297 0.034383033419023136 0.028645833333333332