0 0.3944954128440367 0.3856877323420074 0.05045871559633028 0.05018587360594796
0 0.6938073394495413 0.38104089219330856 0.052752293577981654 0.040892193308550186
0 0.7431192660550459 0.4804832713754647 0.05504587155963303 0.05762081784386617
0 0.4552752293577982 0.4479553903345725 0.04357798165137615 0.02973977695167286
0 0.573394495412844 0.5697026022304833 0.0871559633027523 0.04275092936802974
0 0.6754587155963303 0.5371747211895911 0.06192660550458716 0.040892193308550186
0 0.4048165137614679 0.6310408921933085 0.052752293577981654 0.04275092936802974
0 0.5217889908256881 0.6096654275092936 0.05733944954128441 0.05947955390334572
0 0.5401376146788991 0.6933085501858736 0.05733944954128441 0.04460966542750929
0 0.6318807339449541 0.7304832713754646 0.07110091743119266 0.040892193308550186
0 0.5756880733944955 0.7574349442379182 0.05963302752293578 0.031598513011152414
0 0.5172018348623854 0.7639405204460966 0.02981651376146789 0.03345724907063197
0 0.49426605504587157 0.7899628252788105 0.034403669724770644 0.040892193308550186
0 0.5688073394495413 0.8280669144981413 0.027522935779816515 0.03903345724907063
0 0.6307339449541285 0.8336431226765799 0.03669724770642202 0.05018587360594796