0 0.36873393316195374 0.2808159722222222 0.06137532133676093 0.035590277777777776
0 0.47573907455012854 0.10243055555555555 0.05430591259640103 0.03761574074074074
0 0.2048521850899743 0.5169270833333334 0.04916452442159383 0.04658564814814815
0 0.18043059125964012 0.5791377314814815 0.05430591259640103 0.059895833333333336
0 0.18412596401028278 0.6357060185185185 0.032133676092544985 0.013310185185185185
0 0.20501285347043702 0.6711516203703703 0.03920308483290488 0.02228009259259259
0 0.2074228791773779 0.6922743055555556 0.034383033419023136 0.033275462962962965
0 0.24196658097686374 0.7132523148148148 0.02956298200514139 0.04861111111111111
0 0.2652634961439589 0.6888020833333334 0.03181233933161954 0.035590277777777776
0 0.29980719794344474 0.6644965277777778 0.04177377892030849 0.039641203703703706
0 0.27024421593830333 0.6190682870370371 0.04177377892030849 0.04195601851851852
0 0.30848329048843187 0.5313946759259259 0.04434447300771208 0.030960648148148147
0 0.45003213367609257 0.5791377314814815 0.046593830334190234 0.033275462962962965
0 0.3330655526992288 0.6999421296296297 0.05430591259640103 0.02662037037037037
0 0.3231041131105398 0.7453703703703703 0.039524421593830336 0.028935185185185185
0 0.35154241645244216 0.7964409722222222 0.04177377892030849 0.037905092592592594
0 0.3884961439588689 0.7764756944444444 0.056555269922879174 0.04195601851851852
0 0.40568766066838047 0.7154224537037037 0.02731362467866324 0.035590277777777776
0 0.4365359897172236 0.6699942129629629 0.034383033419023136 0.04658564814814815
0 0.5915809768637532 0.6766493055555556 0.03920308483290488 0.02459490740740741
0 0.5324550128534704 0.8949652777777778 0.04434447300771208 0.02662037037037037
0 0.5311696658097687 0.9348958333333334 0.032133676092544985 0.03993055555555555
0 0.5731041131105399 0.9205729166666666 0.04209511568123393 0.051215277777777776