0 0.36744858611825193 0.3485243055555556 0.004820051413881748 0.015335648148148149
0 0.35266709511568123 0.3207465277777778 0.02474293059125964 0.044270833333333336
0 0.4032776349614396 0.3230613425925926 0.04177377892030849 0.044270833333333336
0 0.3995822622107969 0.36183449074074076 0.07872750642673522 0.015335648148148149
0 0.3133033419023136 0.2608506944444444 0.03470437017994859 0.044270833333333336
0 0.4203084832904884 0.2962962962962963 0.056555269922879174 0.03993055555555555
0 0.3626285347043702 0.2355324074074074 0.05430591259640103 0.03761574074074074
0 0.11889460154241645 0.5358796296296297 0.04434447300771208 0.05787037037037037
0 0.18782133676092544 0.5458622685185185 0.06394601542416452 0.055266203703703706
0 0.10154241645244216 0.6390335648148148 0.02956298200514139 0.028645833333333332
0 0.12612467866323906 0.6623263888888888 0.034383033419023136 0.02662037037037037
0 0.1076478149100257 0.7565104166666666 0.04177377892030849 0.051215277777777776
0 0.14219151670951158 0.7309027777777778 0.02217223650385604 0.06655092592592593
0 0.1643637532133676 0.6756365740740741 0.03181233933161954 0.05324074074074074
0 0.1928020565552699 0.6911168981481481 0.02956298200514139 0.044270833333333336
0 0.21609897172236503 0.7099247685185185 0.03695372750642673 0.015335648148148149
0 0.2750642673521851 0.6799768518518519 0.032133676092544985 0.03530092592592592
0 0.3046272493573265 0.6390335648148148 0.032133676092544985 0.055266203703703706
0 0.2345758354755784 0.62890625 0.03920308483290488 0.044270833333333336
0 0.2602827763496144 0.7475405092592593 0.056555269922879174 0.04658564814814815
0 0.2332904884318766 0.7774884259259259 0.061696658097686374 0.03993055555555555
0 0.2750642673521851 0.8318865740740741 0.061696658097686374 0.046296296296296294
0 0.3083226221079691 0.8761574074074074 0.04916452442159383 0.03761574074074074
0 0.3565231362467866 0.8828125 0.06651670951156813 0.04224537037037037
0 0.19874678663239073 0.8872974537037037 0.046593830334190234 0.04195601851851852
0 0.26044344473007713 0.8763020833333334 0.03695372750642673 0.019965277777777776
0 0.36632390745501286 0.7774884259259259 0.07647814910025708 0.05324074074074074
0 0.23570051413881749 0.9194155092592593 0.03695372750642673 0.030960648148148147
0 0.25289203084832906 0.9405381944444444 0.04691516709511568 0.028645833333333332
0 0.29980719794344474 0.9594907407407407 0.061696658097686374 0.03993055555555555