0 0.3267994858611825 0.16116898148148148 0.061696658097686374 0.03125
0 0.32567480719794345 0.19560185185185186 0.05430591259640103 0.03761574074074074
0 0.6764138817480719 0.5724826388888888 0.07133676092544987 0.051215277777777776
0 0.7381105398457584 0.5914351851851852 0.04177377892030849 0.03993055555555555
0 0.6457262210796915 0.6323784722222222 0.05430591259640103 0.04658564814814815
0 0.5952763496143959 0.6333912037037037 0.046593830334190234 0.03993055555555555
0 0.5337403598971723 0.6333912037037037 0.04691516709511568 0.03530092592592592
0 0.5583226221079691 0.71875 0.046593830334190234 0.04224537037037037
0 0.6261246786632391 0.7077546296296297 0.04916452442159383 0.05092592592592592
0 0.6752892030848329 0.7099247685185185 0.034383033419023136 0.059895833333333336
0 0.502892030848329 0.7997685185185185 0.04948586118251928 0.03125