0 0.6584894136807817 0.45588235294117646 0.035627035830618894 0.03799019607843137
0 0.6525855048859935 0.5335477941176471 0.023819218241042345 0.035845588235294115
0 0.7464372964169381 0.36933210784313725 0.03888436482084691 0.05361519607843137
0 0.5392915309446255 0.32981004901960786 0.043973941368078175 0.05606617647058824
0 0.3209486970684039 0.3095894607843137 0.0372557003257329 0.040747549019607844
0 0.3353013029315961 0.24463848039215685 0.04560260586319218 0.05361519607843137
0 0.2651669381107492 0.24448529411764705 0.04051302931596091 0.06372549019607843
0 0.18902687296416937 0.28017769607843135 0.0372557003257329 0.05361519607843137
0 0.20846905537459284 0.3170955882352941 0.028908794788273615 0.03553921568627451
0 0.18811074918566775 0.35401348039215685 0.03216612377850163 0.05361519607843137
0 0.20337947882736157 0.4227941176470588 0.03908794788273615 0.06862745098039216
0 0.6855659609120521 0.5488664215686274 0.03888436482084691 0.0664828431372549