0 0.3624796416938111 0.29672181372549017 0.025447882736156353 0.05606617647058824
0 0.2905130293159609 0.37454044117647056 0.03705211726384365 0.0585171568627451
0 0.27269951140065146 0.41268382352941174 0.028705211726384364 0.05330882352941176
0 0.33957654723127034 0.48391544117647056 0.043973941368078175 0.0585171568627451
0 0.36665309446254074 0.6214767156862745 0.03705211726384365 0.05361519607843137
0 0.2643526058631922 0.6289828431372549 0.028705211726384364 0.04840686274509804
0 0.3844666123778502 0.8302696078431373 0.03888436482084691 0.05330882352941176
0 0.431799674267101 0.7971813725490197 0.025244299674267102 0.028186274509803922
0 0.4859527687296417 0.8175551470588235 0.04234527687296417 0.03829656862745098
0 0.49776058631921827 0.7512254901960784 0.021986970684039087 0.04840686274509804
0 0.5163884364820847 0.6991421568627451 0.03196254071661238 0.04595588235294118
0 0.46223534201954397 0.9016544117647058 0.035627035830618894 0.06372549019607843
0 0.49104234527687296 0.9117647058823529 0.03216612377850163 0.05330882352941176
0 0.5265675895765473 0.891390931372549 0.03888436482084691 0.03829656862745098
0 0.3657369706840391 0.22166053921568626 0.04906351791530945 0.05361519607843137
0 0.402992671009772 0.2025122549019608 0.035627035830618894 0.08149509803921569
0 0.28705211726384366 0.10462622549019608 0.033794788273615636 0.043198529411764705
0 0.311685667752443 0.2025122549019608 0.028908794788273615 0.061274509803921566
0 0.4537866449511401 0.15808823529411764 0.028908794788273615 0.04840686274509804
0 0.29987785016286644 0.34221813725490197 0.026058631921824105 0.031862745098039214
0 0.3401872964169381 0.7043504901960784 0.028501628664495113 0.03799019607843137