0 0.4930555555555556 0.33261802575107297 0.06944444444444445 0.04721030042918455
0 0.5185185185185185 0.259656652360515 0.046296296296296294 0.030042918454935622
0 0.4837962962962963 0.21030042918454936 0.0787037037037037 0.06866952789699571
0 0.6504629629629629 0.2167381974248927 0.06944444444444445 0.055793991416309016
0 0.5879629629629629 0.33261802575107297 0.08333333333333333 0.055793991416309016
0 0.5162037037037037 0.4291845493562232 0.06018518518518518 0.060085836909871244
0 0.5949074074074074 0.44420600858369097 0.05092592592592592 0.055793991416309016
0 0.3425925925925926 0.30472103004291845 0.08333333333333333 0.08583690987124463
0 0.2037037037037037 0.3540772532188841 0.08333333333333333 0.055793991416309016
0 0.14351851851851852 0.3562231759656652 0.06481481481481481 0.08583690987124463
0 0.20601851851851852 0.4356223175965665 0.06944444444444445 0.07296137339055794
0 0.2708333333333333 0.4978540772532189 0.0787037037037037 0.07725321888412018
0 0.35185185185185186 0.5257510729613734 0.10185185185185185 0.09012875536480687
0 0.3611111111111111 0.44849785407725323 0.05555555555555555 0.07296137339055794
0 0.44907407407407407 0.5965665236051502 0.046296296296296294 0.06866952789699571
0 0.5 0.6351931330472103 0.07407407407407407 0.08583690987124463
0 0.5578703703703703 0.6115879828326181 0.06944444444444445 0.04721030042918455
0 0.3773148148148148 0.6545064377682404 0.06018518518518518 0.04721030042918455
0 0.2962962962962963 0.6845493562231759 0.046296296296296294 0.03862660944206009
0 0.33564814814814814 0.6459227467811158 0.06018518518518518 0.04721030042918455
0 0.27314814814814814 0.5944206008583691 0.046296296296296294 0.055793991416309016
0 0.3263888888888889 0.5836909871244635 0.06018518518518518 0.07725321888412018
0 0.3425925925925926 0.7360515021459227 0.06481481481481481 0.055793991416309016
0 0.40046296296296297 0.6952789699570815 0.041666666666666664 0.04291845493562232
0 0.44907407407407407 0.7188841201716738 0.046296296296296294 0.04721030042918455
0 0.5370370370370371 0.7124463519313304 0.06481481481481481 0.05150214592274678
0 0.5115740740740741 0.8047210300429185 0.05092592592592592 0.06437768240343347
0 0.7013888888888888 0.6566523605150214 0.09722222222222222 0.0944206008583691
0 0.24074074074074073 0.721030042918455 0.046296296296296294 0.05150214592274678
0 0.27314814814814814 0.8497854077253219 0.06481481481481481 0.07725321888412018
0 0.3425925925925926 0.8390557939914163 0.046296296296296294 0.03862660944206009
0 0.7175925925925926 0.7317596566523605 0.08333333333333333 0.04721030042918455
0 0.6805555555555556 0.8047210300429185 0.06481481481481481 0.055793991416309016
0 0.625 0.7682403433476395 0.07407407407407407 0.05150214592274678
0 0.6157407407407407 0.8240343347639485 0.037037037037037035 0.034334763948497854
0 0.5694444444444444 0.8454935622317596 0.037037037037037035 0.034334763948497854
0 0.4398148148148148 0.8991416309012875 0.046296296296296294 0.04721030042918455
0 0.21296296296296297 0.8369098712446352 0.06481481481481481 0.05150214592274678
0 0.4351851851851852 0.7811158798283262 0.06481481481481481 0.04291845493562232
0 0.29398148148148145 0.17381974248927037 0.05092592592592592 0.06437768240343347
0 0.2337962962962963 0.30042918454935624 0.09722222222222222 0.08583690987124463
0 0.7291666666666666 0.351931330472103 0.06018518518518518 0.060085836909871244
0 0.7245370370370371 0.27682403433476394 0.05092592592592592 0.055793991416309016
0 0.7476851851851852 0.16738197424892703 0.05092592592592592 0.07725321888412018
0 0.6875 0.49141630901287553 0.041666666666666664 0.04721030042918455
0 0.6087962962962963 0.7060085836909872 0.06944444444444445 0.04721030042918455
0 0.3449074074074074 0.8819742489270386 0.06018518518518518 0.06437768240343347
0 0.3888888888888889 0.871244635193133 0.046296296296296294 0.05150214592274678
0 0.4513888888888889 0.8497854077253219 0.06018518518518518 0.06866952789699571
0 0.28703703703703703 0.7575107296137339 0.046296296296296294 0.03862660944206009
0 0.2962962962962963 0.7939914163090128 0.046296296296296294 0.034334763948497854
0 0.2199074074074074 0.6609442060085837 0.06944444444444445 0.05150214592274678
0 0.2361111111111111 0.5600858369098712 0.05555555555555555 0.055793991416309016
0 0.30092592592592593 0.4270386266094421 0.05555555555555555 0.04721030042918455