0 0.4731884057971015 0.6253623188405797 0.06521739130434782 0.059420289855072465
0 0.33695652173913043 0.5528985507246377 0.050724637681159424 0.06231884057971015
0 0.6065217391304348 0.4181159420289855 0.07971014492753623 0.036231884057971016
0 0.7681159420289855 0.7347826086956522 0.057971014492753624 0.06086956521739131
0 0.6782608695652174 0.7384057971014493 0.08695652173913043 0.06811594202898551
0 0.4463768115942029 0.6840579710144927 0.06666666666666667 0.05217391304347826
0 0.4681159420289855 0.7478260869565218 0.08695652173913043 0.08405797101449275
0 0.46159420289855074 0.5666666666666667 0.06231884057971015 0.057971014492753624
0 0.4101449275362319 0.5079710144927536 0.06376811594202898 0.059420289855072465
0 0.38333333333333336 0.4681159420289855 0.06811594202898551 0.06376811594202898
0 0.45869565217391306 0.43333333333333335 0.07681159420289856 0.1072463768115942
0 0.2891304347826087 0.46159420289855074 0.09420289855072464 0.08840579710144927
0 0.35 0.32318840579710145 0.059420289855072465 0.06376811594202898
0 0.4688405797101449 0.34855072463768116 0.06521739130434782 0.0536231884057971
0 0.5398550724637681 0.3710144927536232 0.0536231884057971 0.06666666666666667
0 0.6471014492753623 0.3615942028985507 0.05652173913043478 0.07391304347826087
0 0.6405797101449275 0.28043478260869564 0.11304347826086956 0.06231884057971015
0 0.4826086956521739 0.2927536231884058 0.08405797101449275 0.0782608695652174
0 0.4282608695652174 0.23550724637681159 0.059420289855072465 0.0536231884057971
0 0.6543478260869565 0.19710144927536233 0.050724637681159424 0.03768115942028986
0 0.644927536231884 0.16956521739130434 0.08985507246376812 0.06666666666666667
0 0.26666666666666666 0.05507246376811594 0.0927536231884058 0.06376811594202898
0 0.2702898550724638 0.1608695652173913 0.07391304347826087 0.06666666666666667
0 0.6173913043478261 0.49130434782608695 0.08115942028985507 0.06666666666666667
0 0.7253623188405797 0.2210144927536232 0.042028985507246375 0.03333333333333333
0 0.696376811594203 0.2217391304347826 0.036231884057971016 0.03188405797101449
0 0.8014492753623188 0.15579710144927536 0.043478260869565216 0.036231884057971016
0 0.6855072463768116 0.6166666666666667 0.043478260869565216 0.030434782608695653
0 0.6920289855072463 0.8420289855072464 0.04782608695652174 0.043478260869565216
0 0.5644927536231884 0.736231884057971 0.05652173913043478 0.03188405797101449
0 0.5173913043478261 0.48840579710144927 0.043478260869565216 0.03188405797101449
0 0.4746376811594203 0.5181159420289855 0.04782608695652174 0.04492753623188406
0 0.5304347826086957 0.5391304347826087 0.057971014492753624 0.05217391304347826
0 0.5898550724637681 0.5550724637681159 0.06086956521739131 0.05507246376811594
0 0.5115942028985507 0.43768115942028984 0.04927536231884058 0.03768115942028986
0 0.7188405797101449 0.40942028985507245 0.0463768115942029 0.0391304347826087
0 0.7420289855072464 0.2898550724637681 0.04927536231884058 0.04927536231884058
0 0.4963768115942029 0.09130434782608696 0.0536231884057971 0.03768115942028986
0 0.32463768115942027 0.06884057971014493 0.04057971014492753 0.042028985507246375
0 0.33405797101449275 0.02753623188405797 0.06231884057971015 0.028985507246376812
0 0.413768115942029 0.16304347826086957 0.06521739130434782 0.03333333333333333
0 0.3289855072463768 0.1927536231884058 0.0463768115942029 0.034782608695652174
0 0.4115942028985507 0.3115942028985507 0.03188405797101449 0.0782608695652174
0 0.3282608695652174 0.391304347826087 0.06231884057971015 0.05217391304347826
0 0.39565217391304347 0.3847826086956522 0.04927536231884058 0.03333333333333333
0 0.29057971014492756 0.527536231884058 0.04782608695652174 0.0463768115942029
0 0.5963768115942029 0.7804347826086957 0.036231884057971016 0.030434782608695653
0 0.7442028985507246 0.6666666666666666 0.050724637681159424 0.03768115942028986
0 0.7905797101449276 0.696376811594203 0.05652173913043478 0.04782608695652174
0 0.691304347826087 0.03985507246376811 0.0463768115942029 0.042028985507246375
0 0.4652173913043478 0.1782608695652174 0.03768115942028986 0.0463768115942029
0 0.5557971014492754 0.30289855072463767 0.0391304347826087 0.03768115942028986
0 0.5963768115942029 0.23695652173913043 0.042028985507246375 0.04492753623188406
0 0.5869565217391305 0.3644927536231884 0.04927536231884058 0.04492753623188406
0 0.5108695652173914 0.19710144927536233 0.0391304347826087 0.04927536231884058
0 0.5630434782608695 0.4797101449275362 0.04492753623188406 0.03768115942028986
0 0.55 0.6608695652173913 0.04782608695652174 0.043478260869565216
0 0.553623188405797 0.6094202898550725 0.043478260869565216 0.059420289855072465
0 0.8884057971014493 0.22753623188405797 0.05217391304347826 0.034782608695652174