0 0.6373167752442996 0.07521446078431372 0.0372557003257329 0.06096813725490196
0 0.4537866449511401 0.5220588235294118 0.05252442996742671 0.06862745098039216
0 0.5281962540716613 0.6087622549019608 0.00508957654723127 0.012867647058823529
0 0.5096701954397395 0.5896139705882353 0.028705211726384364 0.05116421568627451
0 0.5501832247557004 0.5704656862745098 0.03888436482084691 0.04840686274509804
0 0.5536441368078175 0.6190257352941176 0.035627035830618894 0.07383578431372549
0 0.5866245928338762 0.6113664215686274 0.0372557003257329 0.0585171568627451
0 0.5697271986970684 0.6799938725490197 0.023819218241042345 0.0585171568627451
0 0.432614006514658 0.6087622549019608 0.030537459283387622 0.04840686274509804
0 0.5088558631921825 0.6559436274509803 0.0372557003257329 0.0661764705882353
0 0.4723127035830619 0.3515625 0.021986970684039087 0.03829656862745098
0 0.519849348534202 0.3795955882352941 0.04906351791530945 0.05330882352941176
0 0.39871742671009774 0.4597120098039216 0.0372557003257329 0.030330882352941176
0 0.4114413680781759 0.5234375 0.03216612377850163 0.05606617647058824
0 0.4453379478827362 0.46875 0.035627035830618894 0.03308823529411765
0 0.6170602605863192 0.19883578431372548 0.04071661237785016 0.04840686274509804
0 0.5663680781758957 0.32613357843137253 0.01017915309446254 0.02297794117647059
0 0.5484527687296417 0.2815563725490196 0.03216612377850163 0.03553921568627451
0 0.6610342019543974 0.3630514705882353 0.023615635179153095 0.051470588235294115
0 0.6748778501628665 0.32199754901960786 0.033387622149837134 0.03553921568627451
0 0.692385993485342 0.11917892156862746 0.02768729641693811 0.04411764705882353
0 0.3353013029315961 0.8011642156862745 0.025244299674267102 0.0428921568627451
0 0.3104641693811075 0.7680759803921569 0.024429967426710098 0.04779411764705882
0 0.42528501628664495 0.7215073529411765 0.03420195439739414 0.05024509803921569
0 0.3984120521172638 0.6553308823529411 0.02768729641693811 0.04044117647058824
0 0.42691368078175895 0.6516544117647058 0.02768729641693811 0.03553921568627451
0 0.48921009771986973 0.45925245098039214 0.02687296416938111 0.025735294117647058
0 0.4175488599348534 0.38449754901960786 0.03501628664495114 0.05024509803921569
0 0.4199918566775244 0.4267769607843137 0.0496742671009772 0.0392156862745098
0 0.5087540716612378 0.27359068627450983 0.03175895765472313 0.056372549019607844
0 0.5299267100977199 0.7270220588235294 0.02687296416938111 0.04656862745098039
0 0.34344462540716614 0.6332720588235294 0.02687296416938111 0.04044117647058824
0 0.37968241042345274 0.7221200980392157 0.024429967426710098 0.04411764705882353
0 0.42609934853420195 0.7987132352941176 0.03257328990228013 0.04534313725490196
0 0.4594869706840391 0.7098651960784313 0.02280130293159609 0.029411764705882353
0 0.47333061889250816 0.7392769607843137 0.02280130293159609 0.03431372549019608
0 0.5173045602605864 0.8079044117647058 0.026058631921824105 0.0392156862745098
0 0.4607084690553746 0.6412377450980392 0.023615635179153095 0.04411764705882353
0 0.46844462540716614 0.7864583333333334 0.026058631921824105 0.030637254901960783
0 0.5246335504885994 0.3446691176470588 0.03257328990228013 0.041666666666666664
0 0.5861156351791531 0.14246323529411764 0.03501628664495114 0.05392156862745098
0 0.6345684039087948 0.14307598039215685 0.057003257328990226 0.04779411764705882
0 0.5975162866449512 0.07506127450980392 0.0496742671009772 0.0661764705882353
0 0.5246335504885994 0.47763480392156865 0.029315960912052116 0.06004901960784314
0 0.563314332247557 0.5107230392156863 0.039902280130293157 0.06495098039215687
0 0.438314332247557 0.836703431372549 0.05211726384364821 0.04779411764705882
0 0.5677931596091205 0.9200367647058824 0.030944625407166124 0.03553921568627451
0 0.5449918566775245 0.8275122549019608 0.03420195439739414 0.04656862745098039
0 0.551913680781759 0.7153799019607843 0.03501628664495114 0.0625
0 0.5262622149837134 0.5333946078431373 0.03420195439739414 0.049019607843137254
0 0.49491042345276876 0.5450367647058824 0.033387622149837134 0.05514705882352941
0 0.5018322475570033 0.49111519607843135 0.035830618892508145 0.03799019607843137
0 0.6154315960912052 0.4947916666666667 0.02687296416938111 0.0428921568627451
0 0.6158387622149837 0.5805759803921569 0.03257328990228013 0.06004901960784314
0 0.5095684039087948 0.7184436274509803 0.039902280130293157 0.0392156862745098
0 0.4570439739413681 0.4273897058823529 0.030944625407166124 0.04044117647058824
0 0.6797638436482085 0.07873774509803921 0.04804560260586319 0.04656862745098039