0 0.7862377850162866 0.49785539215686275 0.023615635179153095 0.04595588235294118
0 0.7279112377850163 0.5500919117647058 0.035627035830618894 0.043198529411764705
0 0.7363599348534202 0.5896139705882353 0.018729641693811076 0.05606617647058824
0 0.7566164495114006 0.5730698529411765 0.015268729641693811 0.02297794117647059
0 0.7753460912052117 0.5998774509803921 0.025447882736156353 0.03553921568627451
0 0.7693403908794788 0.6444546568627451 0.04723127035830619 0.07383578431372549
0 0.7320846905537459 0.6393995098039216 0.023615635179153095 0.04840686274509804
0 0.6965594462540716 0.602328431372549 0.016897394136807818 0.03553921568627451
0 0.7135586319218241 0.6392463235294118 0.023615635179153095 0.043198529411764705
0 0.7143729641693811 0.6735600490196079 0.03908794788273615 0.040747549019607844
0 0.6694828990228013 0.6761642156862745 0.02707654723127036 0.05575980392156863
0 0.6221498371335505 0.7231924019607843 0.02687296416938111 0.03829656862745098
0 0.6366042345276873 0.7526041666666666 0.03216612377850163 0.045649509803921566
0 0.661135993485342 0.7691482843137255 0.02707654723127036 0.043198529411764705
0 0.6763029315960912 0.7308517156862745 0.030537459283387622 0.027879901960784315
0 0.6424063517915309 0.8034620098039216 0.04051302931596091 0.035845588235294115
0 0.6535016286644951 0.8290441176470589 0.021986970684039087 0.03553921568627451
0 0.6178745928338762 0.8569240196078431 0.03216612377850163 0.0508578431372549
0 0.6119706840390879 0.7869178921568627 0.033794788273615636 0.043198529411764705
0 0.7735138436482085 0.5641850490196079 0.04906351791530945 0.07138480392156862
0 0.7041938110749185 0.7515318627450981 0.021986970684039087 0.03676470588235294