0 0.5853293413173652 0.36428571428571427 0.03293413173652695 0.05238095238095238
0 0.5449101796407185 0.33095238095238094 0.041916167664670656 0.04285714285714286
0 0.5703592814371258 0.5119047619047619 0.038922155688622756 0.05238095238095238
0 0.47604790419161674 0.3404761904761905 0.041916167664670656 0.08095238095238096
0 0.4041916167664671 0.319047619047619 0.017964071856287425 0.02857142857142857
0 0.3458083832335329 0.4357142857142857 0.03293413173652695 0.04285714285714286
0 0.37425149700598803 0.55 0.03592814371257485 0.06190476190476191
0 0.45209580838323354 0.5 0.04790419161676647 0.047619047619047616
0 0.5239520958083832 0.7166666666666667 0.041916167664670656 0.06190476190476191
0 0.5913173652694611 0.5833333333333334 0.02694610778443114 0.05238095238095238
0 0.33532934131736525 0.6738095238095239 0.029940119760479042 0.05238095238095238
0 0.5508982035928144 0.20238095238095238 0.04790419161676647 0.07142857142857142
0 0.7305389221556886 0.25952380952380955 0.029940119760479042 0.06190476190476191
0 0.7305389221556886 0.37857142857142856 0.041916167664670656 0.07142857142857142
0 0.6991017964071856 0.34523809523809523 0.04491017964071856 0.07142857142857142
0 0.6796407185628742 0.44047619047619047 0.0718562874251497 0.08095238095238096
0 0.6616766467065869 0.36904761904761907 0.029940119760479042 0.05238095238095238
0 0.624251497005988 0.37142857142857144 0.038922155688622756 0.05714285714285714
0 0.5598802395209581 0.40476190476190477 0.03592814371257485 0.06666666666666667
0 0.49101796407185627 0.40476190476190477 0.041916167664670656 0.047619047619047616
0 0.5688622754491018 0.2785714285714286 0.029940119760479042 0.06190476190476191
0 0.48502994011976047 0.17142857142857143 0.029940119760479042 0.047619047619047616
0 0.47005988023952094 0.21904761904761905 0.041916167664670656 0.05714285714285714
0 0.5059880239520959 0.24047619047619048 0.041916167664670656 0.07142857142857142
0 0.4356287425149701 0.21904761904761905 0.04491017964071856 0.0761904761904762
0 0.37574850299401197 0.17857142857142858 0.04491017964071856 0.06190476190476191
0 0.4356287425149701 0.3333333333333333 0.04491017964071856 0.0761904761904762
0 0.34880239520958084 0.3238095238095238 0.05089820359281437 0.05714285714285714
0 0.36077844311377244 0.3952380952380952 0.038922155688622756 0.047619047619047616
0 0.4655688622754491 0.45 0.06287425149700598 0.06190476190476191
0 0.3652694610778443 0.4976190476190476 0.04790419161676647 0.06190476190476191
0 0.3008982035928144 0.4666666666666667 0.04491017964071856 0.0380952380952381
0 0.3083832335329341 0.580952380952381 0.05389221556886228 0.0761904761904762
0 0.3997005988023952 0.7095238095238096 0.05089820359281437 0.08571428571428572
0 0.45808383233532934 0.6285714285714286 0.059880239520958084 0.06666666666666667
0 0.5344311377245509 0.5738095238095238 0.06287425149700598 0.07142857142857142
0 0.6437125748502994 0.6833333333333333 0.041916167664670656 0.06190476190476191
0 0.6661676646706587 0.7333333333333333 0.02694610778443114 0.047619047619047616
0 0.6077844311377245 0.7785714285714286 0.04790419161676647 0.06190476190476191
0 0.6092814371257484 0.8357142857142857 0.038922155688622756 0.09047619047619047
0 0.7514970059880239 0.48095238095238096 0.059880239520958084 0.0761904761904762
0 0.19910179640718562 0.4142857142857143 0.03293413173652695 0.047619047619047616
0 0.23502994011976047 0.530952380952381 0.03293413173652695 0.03333333333333333
0 0.26047904191616766 0.33095238095238094 0.029940119760479042 0.03333333333333333
0 0.30389221556886226 0.3 0.02694610778443114 0.047619047619047616
0 0.31137724550898205 0.38333333333333336 0.029940119760479042 0.04285714285714286
0 0.6826347305389222 0.8333333333333334 0.029940119760479042 0.047619047619047616
0 0.6601796407185628 0.8761904761904762 0.03293413173652695 0.06666666666666667
0 0.6961077844311377 0.7833333333333333 0.03293413173652695 0.05238095238095238
0 0.6167664670658682 0.4380952380952381 0.029940119760479042 0.0380952380952381
0 0.6047904191616766 0.30714285714285716 0.041916167664670656 0.05238095238095238
0 0.6841317365269461 0.2642857142857143 0.038922155688622756 0.05238095238095238
0 0.7245508982035929 0.16666666666666666 0.041916167664670656 0.05714285714285714