0 0.527027027027027 0.43556701030927836 0.019305019305019305 0.03608247422680412
0 0.5328185328185329 0.48711340206185566 0.03088803088803089 0.04639175257731959
0 0.4980694980694981 0.43041237113402064 0.03088803088803089 0.04639175257731959
0 0.4594594594594595 0.42783505154639173 0.05405405405405406 0.041237113402061855
0 0.4768339768339768 0.36855670103092786 0.02702702702702703 0.03608247422680412
0 0.4806949806949807 0.5077319587628866 0.03474903474903475 0.04639175257731959
0 0.5019305019305019 0.5618556701030928 0.023166023166023165 0.041237113402061855
0 0.46525096525096526 0.6108247422680413 0.02702702702702703 0.03608247422680412
0 0.49613899613899615 0.6365979381443299 0.03474903474903475 0.04639175257731959
0 0.4247104247104247 0.5360824742268041 0.03088803088803089 0.041237113402061855
0 0.40540540540540543 0.5360824742268041 0.03088803088803089 0.061855670103092786
0 0.4864864864864865 0.6932989690721649 0.03088803088803089 0.04639175257731959
0 0.44787644787644787 0.6958762886597938 0.03088803088803089 0.041237113402061855
0 0.44594594594594594 0.7345360824742269 0.02702702702702703 0.03608247422680412
0 0.47297297297297297 0.7603092783505154 0.03474903474903475 0.03608247422680412
0 0.5791505791505791 0.8170103092783505 0.04633204633204633 0.07731958762886598
0 0.6196911196911197 0.7164948453608248 0.02702702702702703 0.030927835051546393
0 0.42857142857142855 0.6623711340206185 0.03861003861003861 0.04639175257731959
0 0.3996138996138996 0.6907216494845361 0.04247104247104247 0.061855670103092786
0 0.34942084942084944 0.7139175257731959 0.03474903474903475 0.02577319587628866
0 0.333976833976834 0.6185567010309279 0.03474903474903475 0.041237113402061855
0 0.31467181467181465 0.5670103092783505 0.04247104247104247 0.05154639175257732
0 0.2953667953667954 0.5051546391752577 0.04247104247104247 0.061855670103092786
0 0.2915057915057915 0.26288659793814434 0.03474903474903475 0.041237113402061855
0 0.2953667953667954 0.21649484536082475 0.019305019305019305 0.041237113402061855
0 0.3204633204633205 0.2036082474226804 0.023166023166023165 0.04639175257731959
0 0.3532818532818533 0.39690721649484534 0.04247104247104247 0.061855670103092786