0 0.4955012853470437 0.17664930555555555 0.06426735218508997 0.048900462962962965
0 0.7479113110539846 0.33955439814814814 0.06137532133676093 0.059895833333333336
0 0.7577120822622108 0.5758101851851852 0.061696658097686374 0.02662037037037037
0 0.7737789203084833 0.6057581018518519 0.04434447300771208 0.037905092592592594
0 0.7172236503856041 0.6556712962962963 0.04434447300771208 0.03993055555555555
0 0.7602827763496144 0.6799768518518519 0.04177377892030849 0.03530092592592592
0 0.8366002570694088 0.7077546296296297 0.03695372750642673 0.028935185185185185
0 0.6446015424164524 0.7254050925925926 0.056555269922879174 0.0642361111111111
0 0.7024421593830334 0.7420428240740741 0.05912596401028278 0.048900462962962965
0 0.7453406169665809 0.7864583333333334 0.03695372750642673 0.02662037037037037
0 0.8120179948586118 0.7919560185185185 0.04691516709511568 0.03761574074074074
0 0.6137532133676092 0.8984375 0.08354755784061697 0.04224537037037037