0 0.44625407166123776 0.25980392156862747 0.033794788273615636 0.03799019607843137
0 0.37082654723127034 0.3527879901960784 0.025447882736156353 0.05116421568627451
0 0.38436482084690554 0.4036458333333333 0.03216612377850163 0.040747549019607844
0 0.3497557003257329 0.4241727941176471 0.033794788273615636 0.06096813725490196
0 0.5332858306188925 0.5042892156862745 0.035627035830618894 0.06862745098039216
0 0.49348534201954397 0.5297181372549019 0.043973941368078175 0.06372549019607843
0 0.4461522801302932 0.5208333333333334 0.02707654723127036 0.04595588235294118
0 0.4284405537459283 0.5462622549019608 0.028705211726384364 0.04595588235294118
0 0.4477809446254072 0.5793504901960784 0.02707654723127036 0.04595588235294118
0 0.4876832247557003 0.5742953431372549 0.035627035830618894 0.05606617647058824
0 0.5087540716612378 0.6049325980392157 0.043973941368078175 0.045649509803921566
0 0.49949104234527686 0.6404718137254902 0.028705211726384364 0.040747549019607844
0 0.550285016286645 0.6253063725490197 0.03216612377850163 0.04595588235294118
0 0.4453379478827362 0.6418504901960784 0.035627035830618894 0.04350490196078431
0 0.40472312703583063 0.6685049019607843 0.04234527687296417 0.04595588235294118
0 0.43098534201954397 0.6977634803921569 0.023615635179153095 0.03829656862745098
0 0.4249796416938111 0.7282475490196079 0.025447882736156353 0.03308823529411765
0 0.4537866449511401 0.7130821078431373 0.025244299674267102 0.03829656862745098
0 0.46569625407166126 0.6735600490196079 0.028705211726384364 0.040747549019607844
0 0.4927728013029316 0.6989889705882353 0.028705211726384364 0.040747549019607844
0 0.49185667752442996 0.7385110294117647 0.01017915309446254 0.043198529411764705
0 0.5071254071661238 0.7449448529411765 0.030537459283387622 0.040747549019607844
0 0.49857491856677527 0.7766544117647058 0.033794788273615636 0.04840686274509804
0 0.463049674267101 0.7564338235294118 0.0372557003257329 0.04840686274509804
0 0.4461522801302932 0.7792585784313726 0.02015472312703583 0.05361519607843137
0 0.5392915309446255 0.7666973039215687 0.023615635179153095 0.0585171568627451
0 0.5721701954397395 0.7360600490196079 0.028705211726384364 0.043198529411764705
0 0.5273819218241043 0.8111213235294118 0.023819218241042345 0.040747549019607844
0 0.5130293159609121 0.8200061274509803 0.028908794788273615 0.043198529411764705
0 0.49949104234527686 0.8544730392156863 0.028705211726384364 0.04595588235294118
0 0.5391897394136808 0.8494178921568627 0.04051302931596091 0.07138480392156862
0 0.550285016286645 0.8174019607843137 0.021986970684039087 0.03308823529411765
0 0.5899837133550488 0.8328737745098039 0.023615635179153095 0.03829656862745098
0 0.5679967426710097 0.8746936274509803 0.02035830618892508 0.0508578431372549