0 0.5273819218241043 0.3527879901960784 0.02707654723127036 0.040747549019607844
0 0.4927728013029316 0.5093443627450981 0.025447882736156353 0.043198529411764705
0 0.5003053745928339 0.5718443627450981 0.0034609120521172636 0.005208333333333333
0 0.49104234527687296 0.5462622549019608 0.03216612377850163 0.04595588235294118
0 0.4208061889250814 0.6099877450980392 0.01710097719869707 0.03553921568627451
0 0.6305985342019544 0.12239583333333333 0.0372557003257329 0.05361519607843137
0 0.5367467426710097 0.20389093137254902 0.025447882736156353 0.0585171568627451
0 0.4714983713355049 0.296875 0.033794788273615636 0.0508578431372549
0 0.5240228013029316 0.2916666666666667 0.05415309446254072 0.07659313725490197
0 0.5866245928338762 0.2700674019607843 0.016897394136807818 0.03829656862745098
0 0.5265675895765473 0.4572610294117647 0.035627035830618894 0.040747549019607844
0 0.4343444625407166 0.4889705882352941 0.03399837133550489 0.05330882352941176
0 0.5324714983713354 0.5373774509803921 0.02707654723127036 0.04350490196078431
0 0.5350162866449512 0.6125919117647058 0.01506514657980456 0.020526960784313725
0 0.46060667752442996 0.6136642156862745 0.028705211726384364 0.04840686274509804
0 0.5324714983713354 0.5833333333333334 0.03399837133550489 0.04840686274509804
0 0.4816775244299674 0.6239276960784313 0.033794788273615636 0.043198529411764705
0 0.5028501628664495 0.6507352941176471 0.025244299674267102 0.03553921568627451
0 0.5248371335504886 0.6913296568627451 0.04234527687296417 0.040747549019607844
0 0.5654519543973942 0.6279105392156863 0.03888436482084691 0.05606617647058824
0 0.5993485342019544 0.6799938725490197 0.03216612377850163 0.05361519607843137
0 0.552728013029316 0.7092524509803921 0.023615635179153095 0.061274509803921566
0 0.6366042345276873 0.6608455882352942 0.03216612377850163 0.061274509803921566