0 0.24437660668380462 0.40625 0.058804627249357325 0.03761574074074074
0 0.2837403598971722 0.4205729166666667 0.04948586118251928 0.030960648148148147
0 0.3035025706940874 0.4548611111111111 0.05430591259640103 0.0642361111111111
0 0.32181876606683807 0.3929398148148148 0.05173521850899743 0.03761574074074074
0 0.45854755784061696 0.16001157407407407 0.02442159383033419 0.028935185185185185
0 0.4967866323907455 0.1490162037037037 0.04691516709511568 0.04224537037037037
0 0.5533419023136247 0.11689814814814815 0.04691516709511568 0.03993055555555555
0 0.5915809768637532 0.12572337962962962 0.04948586118251928 0.048900462962962965
0 0.5854755784061697 0.17332175925925927 0.056555269922879174 0.03761574074074074
0 0.5374357326478149 0.2277199074074074 0.06394601542416452 0.04456018518518518
0 0.5854755784061697 0.25101273148148145 0.02699228791773779 0.033275462962962965
0 0.6274100257069408 0.26533564814814814 0.05173521850899743 0.05324074074074074
0 0.7294344473007712 0.2222222222222222 0.04434447300771208 0.05555555555555555
0 0.778598971722365 0.3407118055555556 0.02956298200514139 0.044270833333333336
0 0.21979434447300772 0.6357060185185185 0.02956298200514139 0.02662037037037037
0 0.2776349614395887 0.6456886574074074 0.032133676092544985 0.028645833333333332
0 0.2578727506426735 0.6854745370370371 0.05173521850899743 0.03761574074074074
0 0.29611182519280205 0.6811342592592593 0.05430591259640103 0.04224537037037037
0 0.32438946015424164 0.6644965277777778 0.04209511568123393 0.035590277777777776
0 0.37724935732647813 0.66015625 0.04434447300771208 0.030960648148148147
0 0.3626285347043702 0.6966145833333334 0.02474293059125964 0.02459490740740741
0 0.31587403598971725 0.7154224537037037 0.02956298200514139 0.02228009259259259
0 0.3341902313624679 0.7309027777777778 0.032133676092544985 0.02662037037037037
0 0.3602185089974293 0.7476851851851852 0.02956298200514139 0.024305555555555556
0 0.3600578406169666 0.7897858796296297 0.034383033419023136 0.033275462962962965
0 0.43139460154241643 0.6888020833333334 0.04916452442159383 0.044270833333333336
0 0.4795951156812339 0.6788194444444444 0.03695372750642673 0.05092592592592592
0 0.535025706940874 0.7288773148148148 0.04434447300771208 0.03993055555555555
0 0.4893958868894602 0.734375 0.04177377892030849 0.04224537037037037