0 0.4888888888888889 0.24583333333333332 0.08 0.058333333333333334
0 0.5555555555555556 0.2725 0.06666666666666667 0.058333333333333334
0 0.48777777777777775 0.3233333333333333 0.06444444444444444 0.06
0 0.4388888888888889 0.2991666666666667 0.03777777777777778 0.051666666666666666
0 0.40555555555555556 0.32 0.04666666666666667 0.05
0 0.35555555555555557 0.315 0.05333333333333334 0.06666666666666667
0 0.3522222222222222 0.4116666666666667 0.042222222222222223 0.04666666666666667
0 0.3488888888888889 0.48333333333333334 0.08888888888888889 0.04666666666666667
0 0.3 0.5991666666666666 0.09333333333333334 0.058333333333333334
0 0.39 0.6241666666666666 0.07777777777777778 0.058333333333333334
0 0.45222222222222225 0.5858333333333333 0.08222222222222222 0.06166666666666667
0 0.46444444444444444 0.5216666666666666 0.035555555555555556 0.03666666666666667
0 0.21555555555555556 0.505 0.07111111111111111 0.05
0 0.26 0.67 0.06666666666666667 0.04666666666666667
0 0.32666666666666666 0.7325 0.06222222222222222 0.051666666666666666
0 0.4411111111111111 0.7458333333333333 0.06444444444444444 0.07166666666666667
0 0.46 0.06 0.08 0.04666666666666667
0 0.5122222222222222 0.10833333333333334 0.09111111111111111 0.056666666666666664
0 0.5577777777777778 0.155 0.11555555555555555 0.06333333333333334
0 0.2866666666666667 0.2775 0.08444444444444445 0.08833333333333333
0 0.4488888888888889 0.4008333333333333 0.06222222222222222 0.06833333333333333
0 0.6222222222222222 0.31666666666666665 0.09333333333333334 0.11333333333333333
0 0.38 0.54 0.10222222222222223 0.06666666666666667
0 0.07666666666666666 0.5741666666666667 0.09555555555555556 0.051666666666666666
0 0.25 0.7533333333333333 0.05555555555555555 0.05
0 0.09555555555555556 0.8066666666666666 0.07111111111111111 0.06333333333333334
0 0.5266666666666666 0.7316666666666667 0.057777777777777775 0.06333333333333334
0 0.2777777777777778 0.8891666666666667 0.08444444444444445 0.051666666666666666
0 0.17777777777777778 0.3408333333333333 0.06666666666666667 0.03833333333333333
0 0.13666666666666666 0.395 0.06888888888888889 0.06333333333333334
0 0.26555555555555554 0.4116666666666667 0.06444444444444444 0.04666666666666667
0 0.5588888888888889 0.0425 0.06444444444444444 0.03833333333333333
0 0.5111111111111111 0.5366666666666666 0.057777777777777775 0.03666666666666667
0 0.5244444444444445 0.625 0.044444444444444446 0.03
0 0.4888888888888889 0.645 0.044444444444444446 0.03666666666666667
0 0.33666666666666667 0.68 0.04666666666666667 0.03333333333333333
0 0.3888888888888889 0.6966666666666667 0.07111111111111111 0.03666666666666667
0 0.17555555555555555 0.8291666666666667 0.057777777777777775 0.03833333333333333
0 0.31555555555555553 0.7783333333333333 0.057777777777777775 0.03666666666666667
0 0.09 0.7366666666666667 0.06888888888888889 0.04
0 0.20444444444444446 0.6575 0.057777777777777775 0.041666666666666664
0 0.42333333333333334 0.19333333333333333 0.06 0.04666666666666667
0 0.5222222222222223 0.21333333333333335 0.07111111111111111 0.04666666666666667
0 0.62 0.24333333333333335 0.06666666666666667 0.03666666666666667
0 0.2311111111111111 0.8525 0.057777777777777775 0.035
0 0.2922222222222222 0.8358333333333333 0.051111111111111114 0.03166666666666667
0 0.5355555555555556 0.6841666666666667 0.05333333333333334 0.041666666666666664
0 0.5911111111111111 0.215 0.044444444444444446 0.04
0 0.18222222222222223 0.7858333333333334 0.06666666666666667 0.041666666666666664
0 0.2511111111111111 0.8125 0.05333333333333334 0.035
0 0.38333333333333336 0.8275 0.06 0.055
0 0.39 0.7408333333333333 0.06 0.035
0 0.44222222222222224 0.48 0.08444444444444445 0.05333333333333334