0 0.5710144927536231 0.3347826086956522 0.057971014492753624 0.041304347826086954
0 0.5644927536231884 0.2951086956521739 0.07681159420289856 0.051086956521739134
0 0.38768115942028986 0.35054347826086957 0.07101449275362319 0.03369565217391304
0 0.3565217391304348 0.4190217391304348 0.05507246376811594 0.05543478260869565
0 0.427536231884058 0.4043478260869565 0.06086956521739131 0.013043478260869565
0 0.4427536231884058 0.4467391304347826 0.04492753623188406 0.030434782608695653
0 0.31376811594202897 0.4668478260869565 0.04782608695652174 0.035869565217391305
0 0.3963768115942029 0.4668478260869565 0.04782608695652174 0.02282608695652174
0 0.5028985507246376 0.43532608695652175 0.06376811594202898 0.04021739130434782
0 0.4326086956521739 0.4885869565217391 0.06521739130434782 0.04456521739130435
0 0.4905797101449275 0.4766304347826087 0.07101449275362319 0.042391304347826085
0 0.4731884057971015 0.5146739130434783 0.059420289855072465 0.03804347826086957
0 0.46594202898550724 0.5521739130434783 0.05652173913043478 0.041304347826086954
0 0.4318840579710145 0.5679347826086957 0.057971014492753624 0.04673913043478261
0 0.40942028985507245 0.6130434782608696 0.06231884057971015 0.043478260869565216
0 0.4007246376811594 0.6494565217391305 0.04492753623188406 0.03804347826086957
0 0.4855072463768116 0.6173913043478261 0.034782608695652174 0.030434782608695653
0 0.5115942028985507 0.6608695652173913 0.04057971014492753 0.03260869565217391
0 0.45869565217391306 0.6706521739130434 0.0536231884057971 0.0391304347826087
0 0.558695652173913 0.6994565217391304 0.07681159420289856 0.04891304347826087
0 0.5485507246376812 0.6130434782608696 0.05652173913043478 0.030434782608695653
0 0.5855072463768116 0.6461956521739131 0.0463768115942029 0.04021739130434782
0 0.6478260869565218 0.6331521739130435 0.05217391304347826 0.04456521739130435
0 0.686231884057971 0.6108695652173913 0.04782608695652174 0.0391304347826087
0 0.5891304347826087 0.7864130434782609 0.04782608695652174 0.04021739130434782
0 0.7333333333333333 0.6690217391304348 0.0463768115942029 0.05326086956521739
0 0.8565217391304348 0.6168478260869565 0.043478260869565216 0.04673913043478261
0 0.8369565217391305 0.6641304347826087 0.0536231884057971 0.0391304347826087
0 0.7557971014492754 0.5429347826086957 0.05652173913043478 0.03804347826086957
0 0.8079710144927537 0.5211956521739131 0.07101449275362319 0.051086956521739134
0 0.8108695652173913 0.595108695652174 0.09420289855072464 0.05326086956521739
0 0.5782608695652174 0.4423913043478261 0.05507246376811594 0.04782608695652174
0 0.6166666666666667 0.44456521739130433 0.07391304347826087 0.05217391304347826
0 0.6543478260869565 0.40380434782608693 0.07101449275362319 0.04673913043478261
0 0.7130434782608696 0.40054347826086956 0.04057971014492753 0.04021739130434782
0 0.7347826086956522 0.4467391304347826 0.043478260869565216 0.0391304347826087
0 0.7884057971014493 0.42880434782608695 0.04927536231884058 0.04456521739130435
0 0.8427536231884057 0.4320652173913043 0.07101449275362319 0.05543478260869565
0 0.6876811594202898 0.4668478260869565 0.06811594202898551 0.06195652173913044
0 0.6268115942028986 0.5407608695652174 0.10579710144927536 0.0641304347826087
0 0.644927536231884 0.6853260869565218 0.0463768115942029 0.051086956521739134
0 0.8152173913043478 0.6277173913043478 0.06231884057971015 0.042391304347826085
0 0.7304347826086957 0.12173913043478261 0.06666666666666667 0.05434782608695652
0 0.4797101449275362 0.39510869565217394 0.06666666666666667 0.03369565217391304
0 0.3789855072463768 0.4994565217391304 0.04492753623188406 0.04456521739130435
0 0.6347826086956522 0.7597826086956522 0.05507246376811594 0.034782608695652174
0 0.4043478260869565 0.5391304347826087 0.06956521739130435 0.03260869565217391
0 0.7456521739130435 0.3842391304347826 0.05652173913043478 0.042391304347826085
0 0.8173913043478261 0.3760869565217391 0.06956521739130435 0.043478260869565216
0 0.6666666666666666 0.8054347826086956 0.04927536231884058 0.03260869565217391
0 0.6253623188405797 0.8005434782608696 0.0391304347826087 0.03369565217391304
0 0.5442028985507247 0.7543478260869565 0.05652173913043478 0.04565217391304348
0 0.7840579710144927 0.7396739130434783 0.0463768115942029 0.03369565217391304
0 0.7094202898550724 0.7043478260869566 0.0536231884057971 0.04565217391304348
0 0.4826086956521739 0.26521739130434785 0.05217391304347826 0.04565217391304348
0 0.6630434782608695 0.2826086956521739 0.059420289855072465 0.03260869565217391
0 0.49492753623188407 0.5858695652173913 0.050724637681159424 0.0391304347826087
0 0.5072463768115942 0.5505434782608696 0.04057971014492753 0.03369565217391304
0 0.5442028985507247 0.5277173913043478 0.04782608695652174 0.04456521739130435
0 0.5514492753623188 0.5820652173913043 0.06231884057971015 0.04021739130434782
0 0.5818840579710145 0.4940217391304348 0.04782608695652174 0.04021739130434782
0 0.6355072463768116 0.49130434782608695 0.050724637681159424 0.05
0 0.7456521739130435 0.5005434782608695 0.06811594202898551 0.04456521739130435
0 0.7913043478260869 0.47989130434782606 0.05217391304347826 0.029347826086956522
0 0.6289855072463768 0.5956521739130435 0.07246376811594203 0.03260869565217391