0 0.5484375 0.25972222222222224 0.03229166666666667 0.06018518518518518
0 0.4622395833333333 0.19907407407407407 0.025520833333333333 0.04814814814814815
0 0.42994791666666665 0.17962962962962964 0.0359375 0.05740740740740741
0 0.4390625 0.13657407407407407 0.013541666666666667 0.03611111111111111
0 0.47239583333333335 0.15138888888888888 0.035416666666666666 0.06018518518518518
0 0.45703125 0.33194444444444443 0.015104166666666667 0.017592592592592594
0 0.4044270833333333 0.2759259259259259 0.028645833333333332 0.03888888888888889
0 0.37421875 0.41759259259259257 0.025520833333333333 0.044444444444444446
0 0.3859375 0.46574074074074073 0.025 0.044444444444444446
0 0.36484375 0.487962962962963 0.0234375 0.04814814814814815
0 0.4153645833333333 0.46574074074074073 0.033854166666666664 0.03888888888888889
0 0.40286458333333336 0.5032407407407408 0.028645833333333332 0.03611111111111111
0 0.43255208333333334 0.5365740740740741 0.0171875 0.06574074074074074
0 0.46822916666666664 0.5513888888888889 0.040625 0.06018518518518518
0 0.4002604166666667 0.5726851851851852 0.044270833333333336 0.030555555555555555
0 0.35442708333333334 0.5606481481481481 0.033854166666666664 0.041666666666666664
0 0.35885416666666664 0.5319444444444444 0.025 0.03981481481481482
0 0.33359375 0.5226851851851851 0.028645833333333332 0.05092592592592592
0 0.3234375 0.5981481481481481 0.035416666666666666 0.044444444444444446
0 0.30234375 0.5587962962962963 0.0203125 0.026851851851851852
0 0.3171875 0.562037037037037 0.027083333333333334 0.027777777777777776
0 0.3046875 0.4777777777777778 0.029166666666666667 0.03888888888888889
0 0.3065104166666667 0.5231481481481481 0.015104166666666667 0.05740740740740741
0 0.28098958333333335 0.45787037037037037 0.03177083333333333 0.03611111111111111
0 0.3020833333333333 0.4236111111111111 0.023958333333333335 0.06388888888888888
0 0.3260416666666667 0.47453703703703703 0.027083333333333334 0.06944444444444445
0 0.3223958333333333 0.39490740740740743 0.010416666666666666 0.03611111111111111
0 0.32838541666666665 0.28194444444444444 0.028645833333333332 0.04537037037037037
0 0.42734375 0.29259259259259257 0.0234375 0.02962962962962963
0 0.8354166666666667 0.43148148148148147 0.040625 0.07222222222222222
0 0.8614583333333333 0.4791666666666667 0.03854166666666667 0.06018518518518518
0 0.9036458333333334 0.6550925925925926 0.021875 0.04537037037037037
0 0.825 0.6717592592592593 0.003125 0.006481481481481481
0 0.8013020833333333 0.6268518518518519 0.030729166666666665 0.053703703703703705
0 0.7981770833333334 0.7319444444444444 0.0203125 0.03611111111111111
0 0.7817708333333333 0.6939814814814815 0.035416666666666666 0.05092592592592592
0 0.37473958333333335 0.32407407407407407 0.033854166666666664 0.05740740740740741
0 0.33671875 0.3587962962962963 0.028645833333333332 0.06574074074074074
0 0.3453125 0.40879629629629627 0.03854166666666667 0.06944444444444445
0 0.43828125 0.5995370370370371 0.0421875 0.06018518518518518
0 0.45026041666666666 0.6611111111111111 0.0359375 0.06851851851851852
0 0.44036458333333334 0.44537037037037036 0.0296875 0.04814814814814815
0 0.46484375 0.3662037037037037 0.03177083333333333 0.04722222222222222
0 0.5190104166666667 0.2671296296296296 0.0265625 0.05462962962962963
0 0.37890625 0.3712962962962963 0.0296875 0.037037037037037035
0 0.2765625 0.5476851851851852 0.027083333333333334 0.05092592592592592
0 0.821875 0.7805555555555556 0.028125 0.05
0 0.21041666666666667 0.649537037037037 0.03125 0.04722222222222222
0 0.2921875 0.6032407407407407 0.021875 0.05648148148148148
0 0.36744791666666665 0.6 0.0359375 0.05
0 0.41484375 0.6782407407407407 0.034895833333333334 0.075