0 0.3724293059125964 0.20341435185185186 0.03920308483290488 0.05324074074074074
0 0.4130784061696658 0.17780671296296297 0.04209511568123393 0.02459490740740741
0 0.6409061696658098 0.2521701388888889 0.034383033419023136 0.044270833333333336
0 0.6457262210796915 0.6533564814814815 0.04402313624678663 0.05324074074074074
0 0.36744858611825193 0.6766493055555556 0.05430591259640103 0.051215277777777776
0 0.4130784061696658 0.6322337962962963 0.05173521850899743 0.03761574074074074
0 0.46352827763496146 0.6644965277777778 0.039524421593830336 0.030960648148148147
0 0.45854755784061696 0.7042824074074074 0.03920308483290488 0.03993055555555555
0 0.45131748071979433 0.9328703703703703 0.034383033419023136 0.03993055555555555
0 0.571818766066838 0.9217303240740741 0.04916452442159383 0.030960648148148147
0 0.14829691516709512 0.8097511574074074 0.02474293059125964 0.037905092592592594