0 0.5878856041131105 0.5980902777777778 0.03181233933161954 0.03993055555555555
0 0.6494215938303342 0.5546875 0.056555269922879174 0.05092592592592592
0 0.5607326478149101 0.6566840277777778 0.04177377892030849 0.04195601851851852
0 0.6370501285347043 0.6778067129629629 0.06137532133676093 0.06626157407407407
0 0.6568123393316195 0.7120949074074074 0.04691516709511568 0.05555555555555555
0 0.6752892030848329 0.7521701388888888 0.02924164524421594 0.04658564814814815
0 0.6087724935732648 0.7974537037037037 0.05430591259640103 0.05324074074074074
0 0.596401028277635 0.7275752314814815 0.04434447300771208 0.04658564814814815
0 0.7220437017994858 0.6644965277777778 0.05398457583547558 0.048900462962962965
0 0.7355398457583547 0.7322048611111112 0.02699228791773779 0.033275462962962965
0 0.7553020565552699 0.7754629629629629 0.05173521850899743 0.05324074074074074
0 0.7972365038560412 0.6180555555555556 0.017352185089974295 0.03993055555555555
0 0.8316195372750642 0.5746527777777778 0.04691516709511568 0.04224537037037037
0 0.8366002570694088 0.6180555555555556 0.03695372750642673 0.05324074074074074
0 0.8563624678663239 0.6500289351851852 0.056555269922879174 0.0685763888888889
0 0.39090616966580977 0.20775462962962962 0.046593830334190234 0.05787037037037037
0 0.5607326478149101 0.234375 0.02699228791773779 0.05324074074074074
0 0.6087724935732648 0.25766782407407407 0.05430591259640103 0.055266203703703706
0 0.5053020565552699 0.12022569444444445 0.06394601542416452 0.059895833333333336
0 0.3280848329048843 0.11342592592592593 0.04948586118251928 0.04224537037037037
0 0.38223007712082263 0.13122106481481483 0.05430591259640103 0.055266203703703706
0 0.3157133676092545 0.19545717592592593 0.02474293059125964 0.019965277777777776
0 0.2541773778920309 0.24537037037037038 0.05398457583547558 0.05324074074074074
0 0.34174164524421596 0.28096064814814814 0.06651670951156813 0.061921296296296294