0 0.8081619537275064 0.5169270833333334 0.02956298200514139 0.033275462962962965
0 0.8083226221079691 0.5558449074074074 0.039524421593830336 0.04456018518518518
0 0.7687982005141388 0.5980902777777778 0.039524421593830336 0.05324074074074074
0 0.719633676092545 0.6257233796296297 0.034383033419023136 0.037905092592592594
0 0.6224293059125964 0.6422164351851852 0.04691516709511568 0.044270833333333336
0 0.5459511568123393 0.7099247685185185 0.012210796915167094 0.037905092592592594
0 0.6335154241645244 0.734375 0.05430591259640103 0.03761574074074074
0 0.6605077120822622 0.7786458333333334 0.04916452442159383 0.04224537037037037
0 0.7157776349614395 0.7155671296296297 0.02217223650385604 0.03993055555555555
0 0.8672879177377892 0.7298900462962963 0.04434447300771208 0.04658564814814815
0 0.7453406169665809 0.8396990740740741 0.03695372750642673 0.04861111111111111
0 0.6678984575835476 0.8230613425925926 0.014460154241645245 0.02459490740740741
0 0.6322300771208226 0.8308738425925926 0.03695372750642673 0.035590277777777776
0 0.6372107969151671 0.8728298611111112 0.032133676092544985 0.044270833333333336