0 0.7503213367609255 0.5335648148148148 0.032133676092544985 0.03993055555555555
0 0.7824550128534704 0.5180844907407407 0.032133676092544985 0.044270833333333336
0 0.8059125964010283 0.49927662037037035 0.02956298200514139 0.033275462962962965
0 0.9142030848329049 0.5836226851851852 0.04434447300771208 0.03761574074074074
0 0.9288239074550129 0.6611689814814815 0.039524421593830336 0.03761574074074074
0 0.8759640102827764 0.6468460648148148 0.04177377892030849 0.05758101851851852
0 0.8920308483290489 0.6877893518518519 0.03920308483290488 0.03761574074074074
0 0.8933161953727506 0.7132523148148148 0.02699228791773779 0.03125
0 0.8635925449871465 0.7420428240740741 0.06137532133676093 0.06221064814814815
0 0.8796593830334191 0.7809606481481481 0.02924164524421594 0.03761574074074074
0 0.7320051413881749 0.6921296296296297 0.02956298200514139 0.028935185185185185
0 0.7479113110539846 0.6688368055555556 0.02731362467866324 0.035590277777777776
0 0.7798843187660668 0.5625 0.032133676092544985 0.03530092592592592
0 0.8157133676092545 0.5703125 0.039524421593830336 0.04224537037037037
0 0.6470115681233933 0.5902777777777778 0.046593830334190234 0.05555555555555555
0 0.6444408740359897 0.7387152777777778 0.046593830334190234 0.05092592592592592
0 0.62853470437018 0.7986111111111112 0.04948586118251928 0.03761574074074074
0 0.6863753213367609 0.8020833333333334 0.017352185089974295 0.03993055555555555
0 0.7059768637532133 0.8107638888888888 0.02699228791773779 0.03993055555555555
0 0.7393958868894601 0.7975983796296297 0.04434447300771208 0.035590277777777776
0 0.7811696658097687 0.7909432870370371 0.04434447300771208 0.030960648148148147
0 0.8009318766066839 0.8208912037037037 0.039524421593830336 0.04224537037037037
0 0.7626928020565553 0.8174189814814815 0.03695372750642673 0.02662037037037037
0 0.7491966580976864 0.8506944444444444 0.04916452442159383 0.05324074074074074
0 0.581780205655527 0.9039351851851852 0.039524421593830336 0.03530092592592592
0 0.6346401028277635 0.8872974537037037 0.04177377892030849 0.04658564814814815
0 0.4241645244215938 0.25882523148148145 0.03920308483290488 0.05758101851851852