0 0.1706298200514139 0.5037615740740741 0.05912596401028278 0.04224537037037037
0 0.08419023136246787 0.5104166666666666 0.04434447300771208 0.03761574074074074
0 0.21979434447300772 0.6533564814814815 0.04434447300771208 0.06655092592592593
0 0.1508676092544987 0.7099247685185185 0.05430591259640103 0.037905092592592594
0 0.2345758354755784 0.7175925925925926 0.08354755784061697 0.06655092592592593
0 0.34656169665809766 0.6190682870370371 0.03695372750642673 0.051215277777777776
0 0.2874357326478149 0.6833043981481481 0.05173521850899743 0.04658564814814815
0 0.39701156812339333 0.7132523148148148 0.10314910025706941 0.05324074074074074
0 0.37982005141388175 0.8784722222222222 0.08354755784061697 0.05960648148148148
0 0.5016066838046273 0.24421296296296297 0.02699228791773779 0.05092592592592592
0 0.3022172236503856 0.25983796296296297 0.06137532133676093 0.06886574074074074
0 0.480719794344473 0.19010416666666666 0.06876606683804627 0.06655092592592593
0 0.535025706940874 0.14684606481481483 0.02956298200514139 0.033275462962962965
0 0.6593830334190232 0.19777199074074073 0.04177377892030849 0.037905092592592594
0 0.6899100257069408 0.2243923611111111 0.04434447300771208 0.04195601851851852
0 0.7246143958868895 0.2952835648148148 0.04434447300771208 0.04658564814814815
0 0.6420308483290489 0.26316550925925924 0.06619537275064268 0.06626157407407407
0 0.5890102827763496 0.2087673611111111 0.04434447300771208 0.04658564814814815
0 0.2660668380462725 0.8570601851851852 0.05077120822622108 0.027777777777777776
0 0.4473007712082262 0.10532407407407407 0.043059125964010285 0.03877314814814815
0 0.3370822622107969 0.7549189814814815 0.07326478149100257 0.046875