0 0.6153298045602605 0.3388480392156863 0.0372557003257329 0.03308823529411765
0 0.6745724755700325 0.22166053921568626 0.023819218241042345 0.048100490196078434
0 0.6813925081433225 0.4050245098039216 0.033794788273615636 0.03308823529411765
0 0.6533998371335505 0.6519607843137255 0.03888436482084691 0.05330882352941176
0 0.6695846905537459 0.7041973039215687 0.023615635179153095 0.05116421568627451
0 0.7202768729641694 0.7755821078431373 0.023615635179153095 0.05606617647058824
0 0.5173045602605864 0.9131433823529411 0.033794788273615636 0.040747549019607844
0 0.5409201954397395 0.9410232843137255 0.023615635179153095 0.035845588235294115
0 0.6076954397394136 0.9244791666666666 0.03216612377850163 0.043198529411764705
0 0.5638232899022801 0.7564338235294118 0.028705211726384364 0.06372549019607843
0 0.49185667752442996 0.7562806372549019 0.030537459283387622 0.02297794117647059
0 0.5332858306188925 0.7729779411764706 0.028705211726384364 0.030637254901960783