0 0.6655405405405406 0.47313084112149534 0.04054054054054054 0.02102803738317757
0 0.19425675675675674 0.8703271028037384 0.08445945945945946 0.035046728971962614
0 0.47466216216216217 0.9299065420560748 0.05067567567567568 0.04205607476635514
0 0.4831081081081081 0.8808411214953271 0.0472972972972973 0.03271028037383177
0 0.5557432432432432 0.8855140186915887 0.037162162162162164 0.03271028037383177
0 0.597972972972973 0.8738317757009346 0.0472972972972973 0.028037383177570093
0 0.518581081081081 0.844626168224299 0.030405405405405407 0.02570093457943925
0 0.5709459459459459 0.8107476635514018 0.0472972972972973 0.02336448598130841
0 0.49324324324324326 0.8072429906542056 0.04054054054054054 0.04439252336448598
0 0.4510135135135135 0.7605140186915887 0.04391891891891892 0.030373831775700934
0 0.5152027027027027 0.75 0.04391891891891892 0.056074766355140186
0 0.4543918918918919 0.7266355140186916 0.037162162162162164 0.018691588785046728
0 0.5675675675675675 0.7184579439252337 0.05405405405405406 0.0397196261682243
0 0.5878378378378378 0.7558411214953271 0.05405405405405406 0.0397196261682243
0 0.5726351351351351 0.6600467289719626 0.07094594594594594 0.0397196261682243
0 0.5050675675675675 0.6355140186915887 0.057432432432432436 0.037383177570093455
0 0.4391891891891892 0.6238317757009346 0.08108108108108109 0.03271028037383177
0 0.44932432432432434 0.5899532710280374 0.04054054054054054 0.016355140186915886
0 0.5084459459459459 0.5455607476635514 0.057432432432432436 0.030373831775700934
0 0.38682432432432434 0.5771028037383178 0.04391891891891892 0.037383177570093455
0 0.643581081081081 0.6518691588785047 0.05067567567567568 0.0514018691588785
0 0.6807432432432432 0.5852803738317757 0.06418918918918919 0.02570093457943925
0 0.7550675675675675 0.594626168224299 0.04391891891891892 0.030373831775700934
0 0.7010135135135135 0.6191588785046729 0.057432432432432436 0.037383177570093455
0 0.7179054054054054 0.6483644859813084 0.07094594594594594 0.02570093457943925
0 0.6976351351351351 0.6857476635514018 0.06418918918918919 0.0397196261682243
0 0.6503378378378378 0.7254672897196262 0.09121621621621621 0.05841121495327103
0 0.606418918918919 0.5852803738317757 0.06418918918918919 0.02570093457943925
0 0.6233108108108109 0.508177570093458 0.05067567567567568 0.04439252336448598
0 0.6925675675675675 0.5105140186915887 0.0472972972972973 0.035046728971962614
0 0.7077702702702703 0.5420560747663551 0.057432432432432436 0.04205607476635514
0 0.7398648648648649 0.4742990654205608 0.060810810810810814 0.037383177570093455
0 0.7601351351351351 0.4485981308411215 0.08108108108108109 0.037383177570093455
0 0.7364864864864865 0.4252336448598131 0.08108108108108109 0.04205607476635514
0 0.6773648648648649 0.4205607476635514 0.0777027027027027 0.0514018691588785
0 0.6638513513513513 0.3726635514018692 0.08445945945945946 0.04439252336448598
0 0.6841216216216216 0.3212616822429907 0.0777027027027027 0.030373831775700934
0 0.6976351351351351 0.28738317757009346 0.0777027027027027 0.02336448598130841
0 0.7297297297297297 0.36098130841121495 0.07432432432432433 0.05841121495327103
0 0.5574324324324325 0.32710280373831774 0.08108108108108109 0.018691588785046728
0 0.5118243243243243 0.22313084112149534 0.11148648648648649 0.0630841121495327
0 0.5337837837837838 0.2897196261682243 0.07432432432432433 0.04205607476635514
0 0.33952702702702703 0.2628504672897196 0.08445945945945946 0.04439252336448598
0 0.3327702702702703 0.21495327102803738 0.08445945945945946 0.056074766355140186
0 0.3935810810810811 0.17406542056074767 0.0777027027027027 0.0397196261682243
0 0.518581081081081 0.169392523364486 0.0777027027027027 0.04439252336448598
0 0.25675675675675674 0.40186915887850466 0.08108108108108109 0.04205607476635514
0 0.24155405405405406 0.3574766355140187 0.07094594594594594 0.04205607476635514
0 0.3918918918918919 0.7172897196261683 0.05405405405405406 0.03271028037383177
0 0.24493243243243243 0.7067757009345794 0.05067567567567568 0.030373831775700934
0 0.30405405405405406 0.8539719626168224 0.04054054054054054 0.02570093457943925
0 0.28378378378378377 0.9602803738317757 0.0472972972972973 0.03271028037383177
0 0.4206081081081081 0.8878504672897196 0.04391891891891892 0.04205607476635514
0 0.3885135135135135 0.9485981308411215 0.0472972972972973 0.028037383177570093
0 0.652027027027027 0.875 0.060810810810810814 0.0397196261682243
0 0.7398648648648649 0.7897196261682243 0.0472972972972973 0.03271028037383177
0 0.7195945945945946 0.8282710280373832 0.04054054054054054 0.035046728971962614
0 0.8378378378378378 0.6985981308411215 0.04054054054054054 0.03271028037383177
0 0.19932432432432431 0.21378504672897197 0.05405405405405406 0.030373831775700934
0 0.4155405405405405 0.6834112149532711 0.0472972972972973 0.0397196261682243
0 0.4814189189189189 0.7032710280373832 0.057432432432432436 0.028037383177570093
0 0.5472972972972973 0.5887850467289719 0.04054054054054054 0.028037383177570093
0 0.5709459459459459 0.6203271028037384 0.05405405405405406 0.030373831775700934
0 0.7753378378378378 0.6320093457943925 0.04391891891891892 0.0397196261682243