0 0.5072463768115942 0.45706521739130435 0.03768115942028986 0.042391304347826085
0 0.5782608695652174 0.3059782608695652 0.08695652173913043 0.03804347826086957
0 0.677536231884058 0.27065217391304347 0.04782608695652174 0.02391304347826087
0 0.5065217391304347 0.2125 0.06521739130434782 0.042391304347826085
0 0.4985507246376812 0.6190217391304348 0.03768115942028986 0.04673913043478261
0 0.3847826086956522 0.6451086956521739 0.0536231884057971 0.016304347826086956
0 0.35507246376811596 0.6108695652173913 0.04057971014492753 0.030434782608695653
0 0.23405797101449274 0.18315217391304348 0.059420289855072465 0.035869565217391305
0 0.3644927536231884 0.1266304347826087 0.07101449275362319 0.04673913043478261
0 0.377536231884058 0.08858695652173913 0.050724637681159424 0.020652173913043477
0 0.5036231884057971 0.2440217391304348 0.07681159420289856 0.029347826086956522
0 0.5072463768115942 0.2728260869565217 0.03188405797101449 0.02826086956521739
0 0.5710144927536231 0.21956521739130436 0.057971014492753624 0.01956521739130435
0 0.6369565217391304 0.33260869565217394 0.07391304347826087 0.03695652173913044
0 0.6326086956521739 0.3766304347826087 0.059420289855072465 0.051086956521739134
0 0.6326086956521739 0.41793478260869565 0.06521739130434782 0.035869565217391305
0 0.6420289855072464 0.45108695652173914 0.05217391304347826 0.034782608695652174
0 0.6978260869565217 0.4592391304347826 0.0536231884057971 0.029347826086956522
0 0.677536231884058 0.48532608695652174 0.04782608695652174 0.03369565217391304
0 0.5768115942028985 0.4777173913043478 0.06376811594202898 0.04021739130434782
0 0.5152173913043478 0.5108695652173914 0.059420289855072465 0.017391304347826087
0 0.5101449275362319 0.5353260869565217 0.043478260869565216 0.035869565217391305
0 0.5579710144927537 0.5342391304347827 0.02608695652173913 0.025
0 0.5963768115942029 0.5418478260869565 0.04492753623188406 0.03152173913043478
0 0.5485507246376812 0.5652173913043478 0.05652173913043478 0.02826086956521739
0 0.5891304347826087 0.5733695652173914 0.04782608695652174 0.03152173913043478
0 0.55 0.5885869565217391 0.059420289855072465 0.04021739130434782
0 0.48333333333333334 0.5630434782608695 0.050724637681159424 0.02826086956521739
0 0.39202898550724635 0.5255434782608696 0.06811594202898551 0.03369565217391304
0 0.40652173913043477 0.5777173913043478 0.0391304347826087 0.02717391304347826
0 0.45869565217391306 0.5733695652173914 0.06521739130434782 0.04456521739130435
0 0.4108695652173913 0.6065217391304348 0.059420289855072465 0.034782608695652174
0 0.4405797101449275 0.6554347826086957 0.034782608695652174 0.030434782608695653
0 0.4260869565217391 0.7038043478260869 0.04057971014492753 0.04891304347826087
0 0.4702898550724638 0.6896739130434782 0.04782608695652174 0.042391304347826085
0 0.3717391304347826 0.7146739130434783 0.07391304347826087 0.04456521739130435
0 0.3253623188405797 0.6940217391304347 0.036231884057971016 0.04673913043478261
0 0.32971014492753625 0.7494565217391305 0.06231884057971015 0.042391304347826085
0 0.4260869565217391 0.20380434782608695 0.04927536231884058 0.02717391304347826
0 0.4036231884057971 0.24347826086956523 0.06521739130434782 0.030434782608695653
0 0.3521739130434783 0.2717391304347826 0.057971014492753624 0.030434782608695653
0 0.5072463768115942 0.08858695652173913 0.06376811594202898 0.03152173913043478
0 0.5427536231884058 0.38206521739130433 0.0391304347826087 0.02717391304347826
0 0.42391304347826086 0.44782608695652176 0.036231884057971016 0.034782608695652174
0 0.2210144927536232 0.6679347826086957 0.030434782608695653 0.020652173913043477
0 0.2528985507246377 0.7641304347826087 0.04492753623188406 0.034782608695652174
0 0.2688405797101449 0.7043478260869566 0.03333333333333333 0.02826086956521739
0 0.5347826086956522 0.6733695652173913 0.04057971014492753 0.035869565217391305
0 0.6028985507246377 0.6070652173913044 0.043478260869565216 0.03152173913043478
0 0.3644927536231884 0.5788043478260869 0.04492753623188406 0.03369565217391304
0 0.3065217391304348 0.5934782608695652 0.04782608695652174 0.03260869565217391
0 0.31956521739130433 0.6222826086956522 0.036231884057971016 0.029347826086956522
0 0.29057971014492756 0.6413043478260869 0.0391304347826087 0.030434782608695653
0 0.5644927536231884 0.2516304347826087 0.04782608695652174 0.03152173913043478