0 0.22589974293059126 0.6079282407407407 0.036632390745501286 0.05092592592592592
0 0.11760925449871465 0.5425347222222222 0.02699228791773779 0.04456018518518518
0 0.05109254498714653 0.5824652777777778 0.04177377892030849 0.05787037037037037
0 0.07808483290488431 0.6300636574074074 0.04177377892030849 0.04658564814814815
0 0.2541773778920309 0.7310474537037037 0.04434447300771208 0.044270833333333336
0 0.2332904884318766 0.6578414351851852 0.02699228791773779 0.048900462962962965
0 0.4783097686375321 0.8395543981481481 0.04916452442159383 0.044270833333333336
0 0.5053020565552699 0.9127604166666666 0.04916452442159383 0.048900462962962965
0 0.44617609254498714 0.9095775462962963 0.034383033419023136 0.04658564814814815
0 0.443926735218509 0.8696469907407407 0.04916452442159383 0.04195601851851852
0 0.2652634961439589 0.8541666666666666 0.06137532133676093 0.024305555555555556
0 0.32438946015424164 0.8784722222222222 0.05687660668380463 0.05960648148148148