0 0.30960796915167094 0.26200810185185186 0.04209511568123393 0.028645833333333332
0 0.3774100257069409 0.2743055555555556 0.04916452442159383 0.03993055555555555
0 0.4241645244215938 0.26200810185185186 0.02442159383033419 0.028645833333333332
0 0.2652634961439589 0.38179976851851855 0.04209511568123393 0.028645833333333332
0 0.1680591259640103 0.6313657407407407 0.03920308483290488 0.02662037037037037
0 0.1680591259640103 0.6811342592592593 0.05398457583547558 0.024305555555555556
0 0.4193444730077121 0.9338831018518519 0.04434447300771208 0.04195601851851852
0 0.4426413881748072 0.8861400462962963 0.046593830334190234 0.048900462962962965
0 0.46593830334190234 0.9460358796296297 0.01992287917737789 0.035590277777777776
0 0.5324550128534704 0.9616608796296297 0.03920308483290488 0.035590277777777776
0 0.6237146529562982 0.9150752314814815 0.05912596401028278 0.044270833333333336
0 0.5779241645244216 0.26880787037037035 0.03695372750642673 0.05092592592592592