0 0.3872107969151671 0.5625 0.04434447300771208 0.02662037037037037
0 0.38110539845758357 0.5292245370370371 0.032133676092544985 0.017939814814814815
0 0.37982005141388175 0.4626736111111111 0.01992287917737789 0.017939814814814815
0 0.35395244215938304 0.48148148148148145 0.03695372750642673 0.015625
0 0.35025706940874035 0.5092592592592593 0.04434447300771208 0.03125
0 0.28502570694087404 0.35517939814814814 0.04177377892030849 0.019965277777777776
0 0.2837403598971722 0.3052662037037037 0.03920308483290488 0.02662037037037037
0 0.2898457583547558 0.32957175925925924 0.02699228791773779 0.02662037037037037
0 0.6678984575835476 0.6944444444444444 0.02924164524421594 0.03761574074074074
0 0.7059768637532133 0.6821469907407407 0.061696658097686374 0.048900462962962965
0 0.6936053984575835 0.7443576388888888 0.05173521850899743 0.044270833333333336
0 0.8022172236503856 0.7054398148148148 0.05173521850899743 0.03761574074074074
0 0.5854755784061697 0.7077546296296297 0.032133676092544985 0.024305555555555556
0 0.5669987146529563 0.7488425925925926 0.039524421593830336 0.03993055555555555
0 0.5287596401028277 0.7641782407407407 0.05173521850899743 0.02662037037037037
0 0.6013817480719794 0.7952835648148148 0.02474293059125964 0.035590277777777776
0 0.5446658097686375 0.8019386574074074 0.04434447300771208 0.030960648148148147
0 0.5089974293059126 0.8020833333333334 0.032133676092544985 0.02662037037037037
0 0.4646529562982005 0.7974537037037037 0.032133676092544985 0.03993055555555555
0 0.5669987146529563 0.8352141203703703 0.04916452442159383 0.02228009259259259
0 0.5620179948586118 0.8540219907407407 0.04948586118251928 0.019965277777777776
0 0.5546272493573264 0.9681712962962963 0.04948586118251928 0.02662037037037037
0 0.5298843187660668 0.9416956018518519 0.04434447300771208 0.030960648148148147
0 0.5152634961439588 0.9139178240740741 0.039524421593830336 0.028645833333333332
0 0.47332904884318766 0.9638310185185185 0.02956298200514139 0.03530092592592592
0 0.6446015424164524 0.9438657407407407 0.04177377892030849 0.03993055555555555
0 0.592866323907455 0.9405381944444444 0.04177377892030849 0.028645833333333332
0 0.8107326478149101 0.8363715277777778 0.02442159383033419 0.033275462962962965