0 0.6877192982456141 0.7598870056497176 0.042105263157894736 0.05084745762711865
0 0.6491228070175439 0.8022598870056498 0.021052631578947368 0.06779661016949153
0 0.6263157894736842 0.844632768361582 0.02456140350877193 0.07344632768361582
0 0.6701754385964912 0.9124293785310734 0.056140350877192984 0.07344632768361582
0 0.6192982456140351 0.7429378531073446 0.0456140350877193 0.07344632768361582
0 0.5666666666666667 0.7909604519774012 0.031578947368421054 0.06779661016949153
0 0.5333333333333333 0.8983050847457628 0.04912280701754386 0.0903954802259887
0 0.3736842105263158 0.5423728813559322 0.031578947368421054 0.07909604519774012
0 0.45789473684210524 0.5903954802259888 0.03859649122807018 0.062146892655367235
0 0.41578947368421054 0.3700564971751412 0.05964912280701754 0.07344632768361582
0 0.3456140350877193 0.4858757062146893 0.031578947368421054 0.06779661016949153
0 0.2964912280701754 0.5451977401129944 0.03859649122807018 0.07344632768361582
0 0.30526315789473685 0.4293785310734463 0.04912280701754386 0.06779661016949153
0 0.312280701754386 0.2401129943502825 0.04912280701754386 0.062146892655367235
0 0.356140350877193 0.1977401129943503 0.05263157894736842 0.06779661016949153
0 0.2631578947368421 0.1271186440677966 0.04912280701754386 0.0847457627118644
0 0.21929824561403508 0.2062146892655367 0.05964912280701754 0.07344632768361582
0 0.1543859649122807 0.3531073446327684 0.042105263157894736 0.0847457627118644
0 0.4105263157894737 0.07344632768361582 0.04912280701754386 0.04519774011299435
0 0.3543859649122807 0.059322033898305086 0.04912280701754386 0.07344632768361582
0 0.443859649122807 0.17796610169491525 0.03859649122807018 0.0847457627118644
0 0.4824561403508772 0.21468926553672316 0.0456140350877193 0.05649717514124294
0 0.6877192982456141 0.24858757062146894 0.04912280701754386 0.06779661016949153
0 0.6421052631578947 0.3926553672316384 0.04912280701754386 0.062146892655367235
0 0.6333333333333333 0.4887005649717514 0.03859649122807018 0.0847457627118644
0 0.7614035087719299 0.867231638418079 0.03508771929824561 0.07344632768361582
0 0.8701754385964913 0.8559322033898306 0.042105263157894736 0.0847457627118644
0 0.44035087719298244 0.8700564971751412 0.03859649122807018 0.0903954802259887
0 0.5105263157894737 0.8107344632768362 0.03859649122807018 0.0847457627118644
0 0.6 0.6440677966101694 0.042105263157894736 0.07909604519774012
0 0.5228070175438596 0.5988700564971752 0.03508771929824561 0.07909604519774012
0 0.48771929824561405 0.6610169491525424 0.04912280701754386 0.11299435028248588
0 0.49473684210526314 0.5254237288135594 0.04912280701754386 0.0903954802259887
0 0.4105263157894737 0.5451977401129944 0.014035087719298246 0.07344632768361582
0 0.43859649122807015 0.5480225988700564 0.021052631578947368 0.05649717514124294
0 0.37543859649122807 0.711864406779661 0.04912280701754386 0.07909604519774012
0 0.23684210526315788 0.5621468926553672 0.0456140350877193 0.10734463276836158
0 0.18771929824561404 0.480225988700565 0.031578947368421054 0.1016949152542373
0 0.22807017543859648 0.4830508474576271 0.03508771929824561 0.07344632768361582
0 0.2596491228070175 0.4293785310734463 0.04912280701754386 0.07909604519774012
0 0.3087719298245614 0.3418079096045198 0.056140350877192984 0.0847457627118644
0 0.19473684210526315 0.2937853107344633 0.03859649122807018 0.06779661016949153
0 0.2631578947368421 0.2824858757062147 0.056140350877192984 0.05649717514124294
0 0.15087719298245614 0.1327683615819209 0.03508771929824561 0.062146892655367235
0 0.13508771929824562 0.06497175141242938 0.06666666666666667 0.096045197740113
0 0.23508771929824562 0.03672316384180791 0.042105263157894736 0.03954802259887006
0 0.6280701754385964 0.12429378531073447 0.04912280701754386 0.06779661016949153
0 0.6894736842105263 0.1497175141242938 0.0456140350877193 0.05084745762711865
0 0.4105263157894737 0.3107344632768362 0.056140350877192984 0.06779661016949153
0 0.42105263157894735 0.4463276836158192 0.028070175438596492 0.06779661016949153
0 0.45087719298245615 0.4350282485875706 0.031578947368421054 0.04519774011299435
0 0.7333333333333333 0.8361581920903954 0.03508771929824561 0.05649717514124294
0 0.7701754385964912 0.7598870056497176 0.05263157894736842 0.07344632768361582
0 0.32280701754385965 0.6016949152542372 0.028070175438596492 0.05084745762711865
0 0.3631578947368421 0.3446327683615819 0.0456140350877193 0.05649717514124294
0 0.22982456140350876 0.3418079096045198 0.0456140350877193 0.05084745762711865
0 0.28771929824561404 0.01694915254237288 0.042105263157894736 0.03389830508474576
0 0.43157894736842106 0.01977401129943503 0.03508771929824561 0.03954802259887006
0 0.7508771929824561 0.3870056497175141 0.056140350877192984 0.062146892655367235
0 0.5491228070175439 0.731638418079096 0.0456140350877193 0.062146892655367235
0 0.3350877192982456 0.7231638418079096 0.031578947368421054 0.06779661016949153
0 0.4052631578947368 0.1384180790960452 0.03859649122807018 0.07344632768361582
0 0.3263157894736842 0.14124293785310735 0.03508771929824561 0.03389830508474576