0 0.5529801324503312 0.08737151248164464 0.052980132450331126 0.0631424375917768
0 0.3990066225165563 0.3370044052863436 0.0728476821192053 0.07782672540381791
0 0.5571192052980133 0.47723935389133626 0.07119205298013245 0.05286343612334802
0 0.5637417218543046 0.7077826725403817 0.057947019867549666 0.07048458149779736
0 0.5281456953642384 0.78928046989721 0.023178807947019868 0.03671071953010279
0 0.5322847682119205 0.7613803230543319 0.06456953642384106 0.04552129221732746
0 0.34933774834437087 0.6960352422907489 0.0695364238410596 0.05873715124816446
0 0.7359271523178808 0.7584434654919237 0.0380794701986755 0.0513950073421439
0 0.8302980132450332 0.8898678414096917 0.0347682119205298 0.03524229074889868
0 0.8153973509933775 0.9508076358296622 0.054635761589403975 0.06020558002936858
0 0.7301324503311258 0.37298091042584436 0.04966887417218543 0.07048458149779736
0 0.6738410596026491 0.4654919236417034 0.06291390728476821 0.049926578560939794
0 0.6192052980132451 0.5161527165932452 0.059602649006622516 0.08663729809104258
0 0.7019867549668874 0.5653450807635829 0.059602649006622516 0.055800293685756244
0 0.7748344370860927 0.591776798825257 0.03642384105960265 0.06461086637298091
0 0.7061258278145696 0.617474302496329 0.041390728476821195 0.048458149779735685
0 0.7052980132450332 0.6615271659324523 0.08940397350993377 0.07195301027900147
0 0.5670529801324503 0.6321585903083701 0.09437086092715231 0.042584434654919234
0 0.46771523178807944 0.5726872246696035 0.07450331125827815 0.10572687224669604
0 0.35927152317880795 0.4456681350954479 0.0695364238410596 0.08663729809104258
0 0.2731788079470199 0.5139500734214391 0.10264900662251655 0.09104258443465492
0 0.44950331125827814 0.6681350954478708 0.08443708609271523 0.06167400881057269
0 0.4991721854304636 0.7665198237885462 0.014900662251655629 0.01762114537444934
0 0.5985099337748344 0.8502202643171806 0.041390728476821195 0.05873715124816446
0 0.7301324503311258 0.8436123348017621 0.07947019867549669 0.05433186490455213
0 0.7922185430463576 0.3869309838472834 0.054635761589403975 0.07195301027900147