0 0.5398457583547558 0.22670717592592593 0.05398457583547558 0.04658564814814815
0 0.46963367609254497 0.28978587962962965 0.046593830334190234 0.01765046296296296
0 0.39588688946015427 0.3074363425925926 0.056555269922879174 0.030960648148148147
0 0.4426413881748072 0.4039351851851852 0.046593830334190234 0.05092592592592592
0 0.4893958868894602 0.41608796296296297 0.04691516709511568 0.03993055555555555
0 0.8059125964010283 0.3839699074074074 0.05912596401028278 0.04224537037037037
0 0.8894601542416453 0.41507523148148145 0.05912596401028278 0.04658564814814815
0 0.8783740359897172 0.5347222222222222 0.03695372750642673 0.028935185185185185
0 0.7909704370179949 0.5403645833333334 0.039524421593830336 0.044270833333333336
0 0.8562017994858612 0.5857928240740741 0.05173521850899743 0.04658564814814815
0 0.9251285347043702 0.6135706018518519 0.04177377892030849 0.044270833333333336
0 0.7491966580976864 0.6001157407407407 0.06394601542416452 0.02662037037037037
0 0.7861503856041131 0.6312210648148148 0.04916452442159383 0.02228009259259259
0 0.800771208226221 0.6743344907407407 0.04434447300771208 0.04658564814814815
0 0.7652634961439588 0.7099247685185185 0.06651670951156813 0.04658564814814815
0 0.799646529562982 0.7776331018518519 0.05687660668380463 0.044270833333333336
0 0.6998714652956298 0.6833043981481481 0.06876606683804627 0.04195601851851852
0 0.4795951156812339 0.8817997685185185 0.03695372750642673 0.044270833333333336
0 0.5163881748071979 0.9438657407407407 0.056555269922879174 0.04861111111111111
0 0.603952442159383 0.8673321759259259 0.05430591259640103 0.059895833333333336
0 0.5533419023136247 0.8684895833333334 0.032133676092544985 0.048900462962962965
0 0.4019922879177378 0.5137442129629629 0.06426735218508997 0.06221064814814815
0 0.4685089974293059 0.6212384259259259 0.06876606683804627 0.05960648148148148
0 0.5694087403598972 0.6555266203703703 0.07390745501285347 0.0708912037037037
0 0.639620822622108 0.7254050925925926 0.03181233933161954 0.03761574074074074
0 0.7355398457583547 0.8207465277777778 0.032133676092544985 0.019965277777777776
0 0.7504820051413882 0.8796296296296297 0.03695372750642673 0.02662037037037037
0 0.8377249357326478 0.6467013888888888 0.04434447300771208 0.03993055555555555
0 0.8563624678663239 0.7076099537037037 0.04177377892030849 0.04658564814814815
0 0.7763496143958869 0.8352141203703703 0.04434447300771208 0.030960648148148147