0 0.6375 0.20104166666666667 0.058333333333333334 0.03958333333333333
0 0.5930555555555556 0.13854166666666667 0.041666666666666664 0.04375
0 0.7166666666666667 0.1375 0.07777777777777778 0.05
0 0.7305555555555555 0.21354166666666666 0.06111111111111111 0.04375
0 0.5819444444444445 0.384375 0.058333333333333334 0.04375
0 0.5430555555555555 0.3333333333333333 0.05277777777777778 0.04583333333333333
0 0.5416666666666666 0.18125 0.05555555555555555 0.029166666666666667
0 0.4486111111111111 0.171875 0.06388888888888888 0.04791666666666667
0 0.3597222222222222 0.196875 0.08055555555555556 0.052083333333333336
0 0.12916666666666668 0.27395833333333336 0.05277777777777778 0.05625
0 0.24444444444444444 0.3770833333333333 0.03888888888888889 0.0375
0 0.325 0.4895833333333333 0.06111111111111111 0.05
0 0.225 0.5125 0.05555555555555555 0.05416666666666667
0 0.08055555555555556 0.54375 0.06111111111111111 0.03333333333333333
0 0.14305555555555555 0.5729166666666666 0.058333333333333334 0.0375
0 0.5833333333333334 0.5979166666666667 0.07777777777777778 0.05
0 0.6138888888888889 0.6958333333333333 0.05555555555555555 0.08333333333333333
0 0.6833333333333333 0.7166666666666667 0.07777777777777778 0.041666666666666664
0 0.7444444444444445 0.703125 0.06111111111111111 0.06458333333333334
0 0.5736111111111111 0.834375 0.06944444444444445 0.04375
0 0.6319444444444444 0.7822916666666667 0.08611111111111111 0.04791666666666667
0 0.4236111111111111 0.8395833333333333 0.06388888888888888 0.041666666666666664
0 0.3527777777777778 0.7302083333333333 0.05555555555555555 0.03125
0 0.16944444444444445 0.859375 0.06111111111111111 0.035416666666666666
0 0.14027777777777778 0.8927083333333333 0.08611111111111111 0.06041666666666667