0 0.505859375 0.2520833333333333 0.04921875 0.058333333333333334
0 0.403515625 0.23489583333333333 0.04765625 0.057291666666666664
0 0.459375 0.309375 0.046875 0.06041666666666667
0 0.423046875 0.3541666666666667 0.04609375 0.052083333333333336
0 0.320703125 0.43697916666666664 0.03359375 0.04895833333333333
0 0.869921875 0.48541666666666666 0.02890625 0.0375
0 0.884765625 0.7020833333333333 0.03203125 0.052083333333333336
0 0.86640625 0.7953125 0.0484375 0.04479166666666667
0 0.85625 0.7447916666666666 0.0359375 0.0375
0 0.8140625 0.7854166666666667 0.0390625 0.04791666666666667
0 0.778515625 0.7677083333333333 0.03203125 0.05625
0 0.808203125 0.6557291666666667 0.03046875 0.036458333333333336
0 0.69296875 0.771875 0.0265625 0.0375
0 0.72265625 0.8239583333333333 0.0421875 0.05625
0 0.588671875 0.6510416666666666 0.03203125 0.05416666666666667
0 0.640625 0.7255208333333333 0.0375 0.04895833333333333
0 0.700390625 0.6197916666666666 0.02890625 0.0625
0 0.594921875 0.5510416666666667 0.03046875 0.052083333333333336
0 0.695703125 0.5098958333333333 0.04921875 0.06979166666666667