0 0.36231884057971014 0.21666666666666667 0.04927536231884058 0.050724637681159424
0 0.3253623188405797 0.08840579710144927 0.03333333333333333 0.06086956521739131
0 0.4282608695652174 0.2898550724637681 0.042028985507246375 0.06376811594202898
0 0.3644927536231884 0.31521739130434784 0.06231884057971015 0.050724637681159424
0 0.36376811594202896 0.3717391304347826 0.03768115942028986 0.06231884057971015
0 0.3065217391304348 0.28695652173913044 0.04492753623188406 0.04057971014492753
0 0.29782608695652174 0.32753623188405795 0.0391304347826087 0.0463768115942029
0 0.24782608695652175 0.26956521739130435 0.05507246376811594 0.057971014492753624
0 0.2246376811594203 0.3079710144927536 0.043478260869565216 0.042028985507246375
0 0.19057971014492753 0.377536231884058 0.07681159420289856 0.06231884057971015
0 0.05434782608695652 0.25579710144927537 0.07101449275362319 0.04782608695652174
0 0.10507246376811594 0.18478260869565216 0.0536231884057971 0.06231884057971015
0 0.03840579710144928 0.34855072463768116 0.0536231884057971 0.06231884057971015
0 0.1108695652173913 0.30144927536231886 0.059420289855072465 0.05507246376811594
0 0.1492753623188406 0.2528985507246377 0.057971014492753624 0.042028985507246375
0 0.07971014492753623 0.38913043478260867 0.06086956521739131 0.0536231884057971
0 0.02681159420289855 0.4811594202898551 0.0536231884057971 0.05507246376811594
0 0.0891304347826087 0.45652173913043476 0.0536231884057971 0.06956521739130435
0 0.15289855072463768 0.4311594202898551 0.050724637681159424 0.0536231884057971
0 0.14420289855072463 0.48840579710144927 0.06811594202898551 0.06666666666666667
0 0.07681159420289856 0.5260869565217391 0.03768115942028986 0.057971014492753624
0 0.07173913043478261 0.5898550724637681 0.09420289855072464 0.06956521739130435
0 0.09492753623188406 0.6695652173913044 0.07391304347826087 0.06086956521739131
0 0.17318840579710146 0.5420289855072464 0.042028985507246375 0.043478260869565216
0 0.22608695652173913 0.4391304347826087 0.06086956521739131 0.028985507246376812
0 0.28695652173913044 0.45869565217391306 0.08405797101449275 0.050724637681159424
0 0.3144927536231884 0.5768115942028985 0.0463768115942029 0.0463768115942029
0 0.3507246376811594 0.5152173913043478 0.057971014492753624 0.04782608695652174
0 0.3101449275362319 0.4101449275362319 0.0463768115942029 0.06086956521739131
0 0.26956521739130435 0.37318840579710144 0.06666666666666667 0.06231884057971015
0 0.3804347826086957 0.6550724637681159 0.030434782608695653 0.04057971014492753
0 0.4144927536231884 0.8565217391304348 0.06376811594202898 0.057971014492753624
0 0.42971014492753623 0.803623188405797 0.059420289855072465 0.04492753623188406
0 0.4623188405797101 0.7528985507246376 0.057971014492753624 0.0536231884057971
0 0.4405797101449275 0.44130434782608696 0.028985507246376812 0.042028985507246375
0 0.2717391304347826 0.5253623188405797 0.07101449275362319 0.042028985507246375
0 0.2463768115942029 0.6130434782608696 0.09565217391304348 0.08405797101449275