0 0.4740431596091205 0.7666973039215687 0.028705211726384364 0.0585171568627451
0 0.5173045602605864 0.7028186274509803 0.023615635179153095 0.04840686274509804
0 0.5485545602605864 0.6737132352941176 0.028705211726384364 0.0508578431372549
0 0.5789902280130294 0.6317401960784313 0.021986970684039087 0.03308823529411765
0 0.5857084690553745 0.6011029411764706 0.021986970684039087 0.017769607843137254
0 0.6162459283387622 0.6291360294117647 0.03216612377850163 0.05361519607843137
0 0.6474959283387622 0.6265318627450981 0.04743485342019544 0.04350490196078431
0 0.6466815960912052 0.5526960784313726 0.025447882736156353 0.03799019607843137
0 0.6804763843648208 0.5208333333333334 0.025447882736156353 0.04595588235294118
0 0.6119706840390879 0.43949142156862747 0.023615635179153095 0.040747549019607844
0 0.5401058631921825 0.32858455882352944 0.04560260586319218 0.06341911764705882
0 0.5976180781758957 0.38082107843137253 0.04906351791530945 0.07107843137254902
0 0.6543159609120521 0.6672794117647058 0.04723127035830619 0.028186274509803922
0 0.6889250814332247 0.6493566176470589 0.04560260586319218 0.0585171568627451
0 0.4850366449511401 0.6825980392156863 0.016897394136807818 0.04840686274509804
0 0.5130293159609121 0.6328125 0.028908794788273615 0.02542892156862745
0 0.5570032573289903 0.5678615196078431 0.03216612377850163 0.043198529411764705
0 0.5173045602605864 0.7386642156862745 0.033794788273615636 0.04840686274509804
0 0.5409201954397395 0.7715992647058824 0.030537459283387622 0.043198529411764705
0 0.5756311074918566 0.7144607843137255 0.018526058631921825 0.04595588235294118
0 0.5899837133550488 0.7526041666666666 0.02035830618892508 0.045649509803921566
0 0.6255089576547231 0.7080269607843137 0.0372557003257329 0.04840686274509804
0 0.44971498371335505 0.7299325980392157 0.019543973941368076 0.026041666666666668
0 0.44177524429967424 0.7959558823529411 0.01710097719869707 0.018995098039215685
0 0.6137011400651465 0.8684129901960784 0.025447882736156353 0.03462009803921569
0 0.6303949511400652 0.5212928921568627 0.014454397394136807 0.027879901960784315
0 0.5983306188925082 0.35049019607843135 0.02280130293159609 0.030637254901960783
0 0.5230048859934854 0.850796568627451 0.02035830618892508 0.02389705882352941
0 0.5628053745928339 0.8129595588235294 0.021376221498371335 0.02297794117647059
0 0.5533387622149837 0.8363970588235294 0.01750814332247557 0.029411764705882353
0 0.5727809446254072 0.7973345588235294 0.018526058631921825 0.026041666666666668
0 0.6648004885993485 0.7201286764705882 0.021783387622149836 0.033394607843137254
0 0.6779315960912052 0.6986825980392157 0.019951140065146578 0.03400735294117647
0 0.6888232899022801 0.6063112745098039 0.021783387622149836 0.031862745098039214
0 0.5355252442996743 0.6338848039215687 0.02259771986970684 0.032475490196078434
0 0.6242874592833876 0.48590686274509803 0.023004885993485342 0.02389705882352941
0 0.6172638436482085 0.508578431372549 0.019951140065146578 0.03125
0 0.5977198697068404 0.47870710784313725 0.024022801302931596 0.0272671568627451
0 0.48096498371335505 0.2890625 0.026669381107491858 0.03216911764705882
0 0.5623982084690554 0.2942708333333333 0.023004885993485342 0.03278186274509804
0 0.5848941368078175 0.3000919117647059 0.028501628664495113 0.045649509803921566
0 0.5946661237785016 0.5859375 0.023615635179153095 0.033394607843137254
0 0.463049674267101 0.5405943627450981 0.018933224755700327 0.02849264705882353
0 0.645663680781759 0.5896139705882353 0.022190553745928338 0.03278186274509804
0 0.5741042345276873 0.6829044117647058 0.024022801302931596 0.03125
0 0.5933428338762216 0.6703431372549019 0.025447882736156353 0.029411764705882353
0 0.5471294788273615 0.6018688725490197 0.02259771986970684 0.0272671568627451
0 0.5248371335504886 0.6035539215686274 0.023208469055374593 0.030637254901960783
0 0.4931799674267101 0.6230085784313726 0.017711726384364822 0.026041666666666668
0 0.3986156351791531 0.5768995098039216 0.02768729641693811 0.034926470588235295
0 0.3524022801302932 0.5981924019607843 0.02768729641693811 0.05667892156862745
0 0.3739820846905538 0.5692401960784313 0.02809446254071661 0.04350490196078431
0 0.4843241042345277 0.5723039215686274 0.02280130293159609 0.029411764705882353
0 0.49226384364820847 0.5954350490196079 0.02035830618892508 0.023590686274509803
0 0.47251628664495116 0.6084558823529411 0.020765472312703582 0.037377450980392156
0 0.6768118892508144 0.5718443627450981 0.02504071661237785 0.03952205882352941
0 0.7127442996742671 0.5566789215686274 0.01710097719869707 0.037377450980392156
0 0.5220887622149837 0.36151960784313725 0.02504071661237785 0.03125