0 0.10154241645244216 0.6223958333333334 0.01992287917737789 0.04456018518518518
0 0.14460154241645246 0.6323784722222222 0.02699228791773779 0.04658564814814815
0 0.17673521850899743 0.7210648148148148 0.032133676092544985 0.03761574074074074
0 0.21481362467866325 0.7210648148148148 0.02474293059125964 0.024305555555555556
0 0.4524421593830334 0.11125578703703703 0.04691516709511568 0.04658564814814815
0 0.4561375321336761 0.18113425925925927 0.01960154241645244 0.03125
0 0.6322300771208226 0.234375 0.04209511568123393 0.03530092592592592
0 0.6457262210796915 0.2743055555555556 0.034383033419023136 0.03993055555555555
0 0.5976863753213367 0.18214699074074073 0.04177377892030849 0.04658564814814815
0 0.6592223650385605 0.11906828703703703 0.03695372750642673 0.048900462962962965
0 0.6998714652956298 0.2222222222222222 0.03470437017994859 0.028935185185185185
0 0.7393958868894601 0.29976851851851855 0.02956298200514139 0.03761574074074074