0 0.7516066838046273 0.24204282407407407 0.03470437017994859 0.028645833333333332
0 0.3982969151670951 0.4117476851851852 0.046593830334190234 0.04861111111111111
0 0.45115681233933164 0.3962673611111111 0.03920308483290488 0.044270833333333336
0 0.49421593830334193 0.4262152777777778 0.04177377892030849 0.05092592592592592
0 0.3231041131105398 0.6578414351851852 0.034383033419023136 0.039641203703703706
0 0.40681233933161953 0.6721643518518519 0.04434447300771208 0.024305555555555556
0 0.37982005141388175 0.6932870370370371 0.02956298200514139 0.04456018518518518
0 0.4193444730077121 0.7142650462962963 0.04434447300771208 0.04658564814814815
0 0.46352827763496146 0.6877893518518519 0.02474293059125964 0.028935185185185185
0 0.4991966580976864 0.7099247685185185 0.012532133676092546 0.037905092592592594
0 0.5915809768637532 0.7055844907407407 0.02956298200514139 0.04658564814814815
0 0.6298200514138818 0.6866319444444444 0.04691516709511568 0.04861111111111111
0 0.6372107969151671 0.7498553240740741 0.04691516709511568 0.06452546296296297