0 0.58828125 0.3541666666666667 0.03697916666666667 0.04537037037037037
0 0.5104166666666666 0.4462962962962963 0.0375 0.07222222222222222
0 0.5518229166666667 0.5995370370370371 0.0390625 0.08981481481481482
0 0.5611979166666666 0.4597222222222222 0.033854166666666664 0.075
0 0.5450520833333333 0.29444444444444445 0.025520833333333333 0.05740740740740741
0 0.42916666666666664 0.30462962962962964 0.040625 0.053703703703703705
0 0.47578125 0.3106481481481482 0.025520833333333333 0.05462962962962963
0 0.4317708333333333 0.4310185185185185 0.035416666666666666 0.05462962962962963
0 0.41380208333333335 0.5037037037037037 0.044270833333333336 0.04814814814814815
0 0.47213541666666664 0.4537037037037037 0.0421875 0.05740740740740741
0 0.53046875 0.675 0.0203125 0.04814814814814815
0 0.56875 0.7361111111111112 0.03229166666666667 0.03888888888888889
0 0.6033854166666667 0.5652777777777778 0.03697916666666667 0.05092592592592592
0 0.621875 0.49907407407407406 0.040625 0.08148148148148149
0 0.5966145833333333 0.41759259259259257 0.0265625 0.05740740740740741
0 0.58984375 0.2833333333333333 0.0265625 0.07222222222222222
0 0.63125 0.25972222222222224 0.03229166666666667 0.05462962962962963
0 0.5270833333333333 0.24583333333333332 0.027083333333333334 0.04537037037037037
0 0.6161458333333333 0.638425925925926 0.021875 0.03611111111111111
0 0.5221354166666666 0.5199074074074074 0.030729166666666665 0.05092592592592592
0 0.6088541666666667 0.7791666666666667 0.026041666666666668 0.04722222222222222