0 0.7392352185089974 0.5147569444444444 0.02474293059125964 0.028935185185185185
0 0.8637532133676092 0.4748263888888889 0.04177377892030849 0.024305555555555556
0 0.8870501285347043 0.5059317129629629 0.02924164524421594 0.02459490740740741
0 0.9424807197943444 0.5159143518518519 0.04691516709511568 0.03530092592592592
0 0.8500964010282777 0.5114293981481481 0.034383033419023136 0.035590277777777776
0 0.640745501285347 0.5868055555555556 0.02956298200514139 0.02662037037037037
0 0.6322300771208226 0.6212384259259259 0.03181233933161954 0.028935185185185185
0 0.8118573264781491 0.5425347222222222 0.03695372750642673 0.03993055555555555
0 0.8783740359897172 0.5713252314814815 0.03695372750642673 0.030960648148148147
0 0.7909704370179949 0.6545138888888888 0.04916452442159383 0.04224537037037037
0 0.8057519280205655 0.7099247685185185 0.039524421593830336 0.037905092592592594
0 0.7737789203084833 0.7554976851851852 0.03470437017994859 0.02662037037037037
0 0.7429305912596401 0.7831307870370371 0.04177377892030849 0.033275462962962965
0 0.6998714652956298 0.7686631944444444 0.02956298200514139 0.035590277777777776
0 0.7922557840616966 0.8197337962962963 0.05687660668380463 0.03125
0 0.7331298200514139 0.8208912037037037 0.03695372750642673 0.028935185185185185
0 0.7220437017994858 0.8629918981481481 0.02956298200514139 0.04195601851851852
0 0.7848650385604113 0.8783275462962963 0.06137532133676093 0.033275462962962965
0 0.8563624678663239 0.7686631944444444 0.032133676092544985 0.030960648148148147
0 0.8070372750642674 0.7841435185185185 0.02731362467866324 0.03993055555555555
0 0.9177377892030848 0.7821180555555556 0.032133676092544985 0.03993055555555555
0 0.9042416452442159 0.7142650462962963 0.02442159383033419 0.033275462962962965
0 0.9424807197943444 0.6856192129629629 0.04691516709511568 0.04658564814814815
0 0.9781491002570694 0.6944444444444444 0.02956298200514139 0.028935185185185185
0 0.9177377892030848 0.37398726851851855 0.032133676092544985 0.035590277777777776