0 0.5644280205655527 0.5669849537037037 0.039524421593830336 0.044270833333333336
0 0.37853470437017994 0.3972800925925926 0.04691516709511568 0.05092592592592592
0 0.3846401028277635 0.2664930555555556 0.05912596401028278 0.05092592592592592
0 0.39701156812339333 0.3097511574074074 0.05430591259640103 0.05758101851851852
0 0.4278598971722365 0.29195601851851855 0.05173521850899743 0.03530092592592592
0 0.43026992287917737 0.3207465277777778 0.04691516709511568 0.048900462962962965
0 0.45485218508997427 0.38179976851851855 0.08129820051413882 0.055266203703703706
0 0.4832904884318766 0.28414351851851855 0.05912596401028278 0.05555555555555555
0 0.5409704370179949 0.2962962962962963 0.08129820051413882 0.05324074074074074
0 0.4611182519280206 0.234375 0.03920308483290488 0.03993055555555555
0 0.44746143958868895 0.17447916666666666 0.03181233933161954 0.03125
0 0.48811053984575836 0.16116898148148148 0.05912596401028278 0.05787037037037037
0 0.5163881748071979 0.10908564814814815 0.04177377892030849 0.05092592592592592
0 0.6518316195372751 0.18229166666666666 0.03181233933161954 0.03761574074074074
0 0.6654884318766067 0.25983796296296297 0.05912596401028278 0.05960648148148148
0 0.40938303341902316 0.45384837962962965 0.05398457583547558 0.05295138888888889
0 0.33917095115681234 0.44169560185185186 0.04209511568123393 0.033275462962962965
0 0.331780205655527 0.4859664351851852 0.03695372750642673 0.04658564814814815
0 0.3846401028277635 0.4671585648148148 0.05912596401028278 0.05758101851851852
0 0.34897172236503854 0.5170717592592593 0.056555269922879174 0.03761574074074074
0 0.3883354755784062 0.48813657407407407 0.05173521850899743 0.05555555555555555
0 0.3169987146529563 0.5581597222222222 0.05173521850899743 0.05324074074074074
0 0.38223007712082263 0.5413773148148148 0.04916452442159383 0.04224537037037037
0 0.386086118251928 0.5802951388888888 0.05173521850899743 0.06221064814814815
0 0.43396529562982006 0.5734953703703703 0.05430591259640103 0.03993055555555555
0 0.3133033419023136 0.6600115740740741 0.05398457583547558 0.061921296296296294
0 0.26767352185089976 0.6866319444444444 0.09125964010282776 0.061921296296296294
0 0.2493573264781491 0.6014178240740741 0.05912596401028278 0.07320601851851852
0 0.3602185089974293 0.6999421296296297 0.05912596401028278 0.07118055555555555
0 0.3994215938303342 0.6778067129629629 0.05912596401028278 0.06626157407407407
0 0.4646529562982005 0.7388599537037037 0.056555269922879174 0.04658564814814815
0 0.5017673521850899 0.66015625 0.05173521850899743 0.044270833333333336
0 0.4991966580976864 0.7032696759259259 0.05173521850899743 0.059895833333333336
0 0.5705334190231363 0.6323784722222222 0.06651670951156813 0.059895833333333336
0 0.5644280205655527 0.7032696759259259 0.04916452442159383 0.033275462962962965
0 0.2776349614395887 0.8342013888888888 0.056555269922879174 0.0642361111111111
0 0.35266709511568123 0.80859375 0.06908740359897173 0.06221064814814815
0 0.5250642673521851 0.7864583333333334 0.05398457583547558 0.061921296296296294
0 0.43396529562982006 0.8430266203703703 0.05430591259640103 0.059895833333333336
0 0.5459511568123393 0.9182581018518519 0.07133676092544987 0.059895833333333336
0 0.5941516709511568 0.8927951388888888 0.07390745501285347 0.05758101851851852
0 0.5602506426735219 0.18373842592592593 0.040809768637532134 0.031828703703703706
0 0.4794344473007712 0.6142939814814815 0.03406169665809768 0.037037037037037035
0 0.3452763496143959 0.9104456018518519 0.02988431876606684 0.030960648148148147
0 0.49003856041131105 0.9104456018518519 0.03984575835475578 0.030960648148148147
0 0.47332904884318766 0.7863136574074074 0.042416452442159386 0.03211805555555555
0 0.43460796915167094 0.7934027777777778 0.04209511568123393 0.04398148148148148
0 0.4013496143958869 0.73046875 0.03984575835475578 0.039641203703703706
0 0.5136568123393316 0.4859664351851852 0.034383033419023136 0.025752314814814815
0 0.6020244215938303 0.5828993055555556 0.04852185089974293 0.02980324074074074
0 0.33258354755784064 0.5947627314814815 0.05334190231362468 0.03211805555555555
0 0.627892030848329 0.7264178240740741 0.038560411311053984 0.033854166666666664