0 0.45089285714285715 0.12866666666666668 0.0625 0.04666666666666667
0 0.3919642857142857 0.12733333333333333 0.09821428571428571 0.05733333333333333
0 0.3848214285714286 0.15266666666666667 0.044642857142857144 0.03333333333333333
0 0.35446428571428573 0.18466666666666667 0.05892857142857143 0.044
0 0.2741071428571429 0.24133333333333334 0.05892857142857143 0.050666666666666665
0 0.3098214285714286 0.25066666666666665 0.048214285714285716 0.029333333333333333
0 0.22410714285714287 0.298 0.048214285714285716 0.04933333333333333
0 0.38125 0.2793333333333333 0.04107142857142857 0.03333333333333333
0 0.31875 0.30733333333333335 0.048214285714285716 0.04933333333333333
0 0.33482142857142855 0.32466666666666666 0.033928571428571426 0.036
0 0.36160714285714285 0.35333333333333333 0.044642857142857144 0.021333333333333333
0 0.5919642857142857 0.5326666666666666 0.04107142857142857 0.03333333333333333
0 0.6392857142857142 0.5266666666666666 0.04642857142857143 0.032
0 0.29464285714285715 0.5246666666666666 0.07142857142857142 0.030666666666666665
0 0.29375 0.5553333333333333 0.044642857142857144 0.044
0 0.21964285714285714 0.6993333333333334 0.05714285714285714 0.04933333333333333
0 0.2714285714285714 0.6586666666666666 0.03571428571428571 0.029333333333333333
0 0.2910714285714286 0.6906666666666667 0.03214285714285714 0.032
0 0.3223214285714286 0.6466666666666666 0.044642857142857144 0.02666666666666667
0 0.3392857142857143 0.68 0.04285714285714286 0.02666666666666667
0 0.36339285714285713 0.704 0.05892857142857143 0.032
0 0.3991071428571429 0.714 0.04107142857142857 0.04666666666666667
0 0.4392857142857143 0.7126666666666667 0.03214285714285714 0.02266666666666667
0 0.36607142857142855 0.6286666666666667 0.03571428571428571 0.036
0 0.3205357142857143 0.5973333333333334 0.044642857142857144 0.048
0 0.35892857142857143 0.564 0.06785714285714285 0.05333333333333334
0 0.5580357142857143 0.6846666666666666 0.0375 0.03333333333333333
0 0.56875 0.6506666666666666 0.04107142857142857 0.032
0 0.5133928571428571 0.638 0.033928571428571426 0.03333333333333333
0 0.47232142857142856 0.654 0.08035714285714286 0.05466666666666667
0 0.40625 0.4186666666666667 0.15892857142857142 0.07733333333333334
0 0.48214285714285715 0.5506666666666666 0.060714285714285714 0.05333333333333334
0 0.4044642857142857 0.6 0.04107142857142857 0.04
0 0.5196428571428572 0.602 0.05714285714285714 0.036