0 0.6554054054054054 0.8833333333333333 0.032818532818532815 0.030434782608695653
0 0.22586872586872586 0.5840579710144927 0.06177606177606178 0.057971014492753624
0 0.4517374517374517 0.855072463768116 0.07335907335907337 0.057971014492753624
0 0.7113899613899614 0.8724637681159421 0.06756756756756757 0.05217391304347826
0 0.555984555984556 0.7565217391304347 0.08108108108108109 0.057971014492753624
0 0.6003861003861004 0.8601449275362318 0.0888030888030888 0.06521739130434782
0 0.47876447876447875 0.7101449275362319 0.05791505791505792 0.04057971014492753
0 0.5057915057915058 0.6818840579710145 0.0694980694980695 0.0391304347826087
0 0.5897683397683398 0.6152173913043478 0.06756756756756757 0.0536231884057971
0 0.44305019305019305 0.636231884057971 0.0444015444015444 0.05217391304347826
0 0.3156370656370656 0.6384057971014493 0.055984555984555984 0.042028985507246375
0 0.3484555984555985 0.6181159420289855 0.07142857142857142 0.050724637681159424
0 0.3223938223938224 0.6985507246376812 0.0694980694980695 0.03768115942028986
0 0.32625482625482627 0.7420289855072464 0.07722007722007722 0.03768115942028986
0 0.20945945945945946 0.7282608695652174 0.055984555984555984 0.0536231884057971
0 0.23938223938223938 0.808695652173913 0.06563706563706563 0.05507246376811594
0 0.3581081081081081 0.8282608695652174 0.07528957528957529 0.06231884057971015
0 0.3194980694980695 0.5702898550724638 0.07142857142857142 0.042028985507246375
0 0.3696911196911197 0.5057971014492754 0.08301158301158301 0.03768115942028986
0 0.35231660231660233 0.4702898550724638 0.052123552123552123 0.050724637681159424
0 0.2857142857142857 0.5362318840579711 0.09266409266409266 0.06376811594202898
0 0.26640926640926643 0.4855072463768116 0.05791505791505792 0.028985507246376812
0 0.19401544401544402 0.5347826086956522 0.055984555984555984 0.03768115942028986
0 0.2982625482625483 0.40797101449275364 0.0945945945945946 0.050724637681159424
0 0.26640926640926643 0.3652173913043478 0.05405405405405406 0.03768115942028986
0 0.3783783783783784 0.3253623188405797 0.03474903474903475 0.042028985507246375
0 0.4584942084942085 0.3036231884057971 0.07528957528957529 0.04782608695652174
0 0.4893822393822394 0.45 0.09073359073359073 0.06521739130434782
0 0.6013513513513513 0.38768115942028986 0.06756756756756757 0.042028985507246375
0 0.5154440154440154 0.34492753623188405 0.07335907335907337 0.04057971014492753
0 0.4025096525096525 0.39057971014492754 0.0945945945945946 0.042028985507246375
0 0.49903474903474904 0.5623188405797102 0.08301158301158301 0.057971014492753624
0 0.24517374517374518 0.3173913043478261 0.07722007722007722 0.03768115942028986
0 0.3108108108108108 0.2579710144927536 0.04633204633204633 0.03188405797101449
0 0.37741312741312744 0.25 0.06756756756756757 0.059420289855072465
0 0.611969111969112 0.4963768115942029 0.0694980694980695 0.050724637681159424
0 0.4498069498069498 0.7615942028985507 0.07722007722007722 0.05652173913043478
0 0.638996138996139 0.7818840579710145 0.06563706563706563 0.0536231884057971
0 0.7480694980694981 0.9195652173913044 0.0637065637065637 0.036231884057971016
0 0.5376447876447876 0.8623188405797102 0.04826254826254826 0.03188405797101449
0 0.23166023166023167 0.6644927536231884 0.03861003861003861 0.036231884057971016
0 0.2557915057915058 0.6318840579710145 0.0444015444015444 0.034782608695652174
0 0.1476833976833977 0.5101449275362319 0.04054054054054054 0.03768115942028986
0 0.18822393822393824 0.47681159420289854 0.055984555984555984 0.028985507246376812
0 0.18725868725868725 0.6036231884057971 0.05405405405405406 0.04782608695652174
0 0.5675675675675675 0.7050724637681159 0.07335907335907337 0.036231884057971016
0 0.4343629343629344 0.5797101449275363 0.06563706563706563 0.05217391304347826
0 0.4314671814671815 0.5362318840579711 0.055984555984555984 0.03768115942028986
0 0.4671814671814672 0.5057971014492754 0.05405405405405406 0.04057971014492753
0 0.5154440154440154 0.40797101449275364 0.06177606177606178 0.04492753623188406
0 0.5579150579150579 0.4326086956521739 0.04247104247104247 0.042028985507246375
0 0.7760617760617761 0.8630434782608696 0.06177606177606178 0.0391304347826087