0 0.3563624678663239 0.2808159722222222 0.07133676092544987 0.035590277777777776
0 0.4648136246786632 0.10460069444444445 0.046593830334190234 0.04195601851851852
0 0.22348971722365038 0.6412037037037037 0.06137532133676093 0.05092592592592592
0 0.22830976863753213 0.7310474537037037 0.03695372750642673 0.01765046296296296
0 0.30719794344473006 0.7232349537037037 0.04691516709511568 0.04195601851851852
0 0.2652634961439589 0.7997685185185185 0.04209511568123393 0.03125
0 0.2750642673521851 0.8240740740740741 0.032133676092544985 0.013310185185185185
0 0.3378856041131105 0.8683449074074074 0.034383033419023136 0.02662037037037037
0 0.4019922879177378 0.8628472222222222 0.03920308483290488 0.05092592592592592
0 0.3476863753213368 0.9084201388888888 0.02956298200514139 0.035590277777777776
0 0.3848007712082262 0.9150752314814815 0.01960154241645244 0.035590277777777776