0 0.3210144927536232 0.08532608695652173 0.06811594202898551 0.06630434782608696
0 0.32681159420289857 0.04076086956521739 0.06811594202898551 0.057608695652173914
0 0.26521739130434785 0.06739130434782609 0.03768115942028986 0.02608695652173913
0 0.24565217391304348 0.03206521739130435 0.059420289855072465 0.04891304347826087
0 0.427536231884058 0.05217391304347826 0.06666666666666667 0.0391304347826087
0 0.38913043478260867 0.11304347826086956 0.06231884057971015 0.041304347826086954
0 0.44565217391304346 0.2190217391304348 0.06231884057971015 0.05543478260869565
0 0.34347826086956523 0.3358695652173913 0.04057971014492753 0.04782608695652174
0 0.38768115942028986 0.34402173913043477 0.0536231884057971 0.042391304347826085
0 0.33115942028985507 0.4277173913043478 0.04782608695652174 0.042391304347826085
0 0.38333333333333336 0.4125 0.06811594202898551 0.042391304347826085
0 0.14565217391304347 0.35706521739130437 0.1 0.042391304347826085
0 0.06884057971014493 0.41032608695652173 0.059420289855072465 0.042391304347826085
0 0.17173913043478262 0.4489130434782609 0.08840579710144927 0.030434782608695653
0 0.1572463768115942 0.4842391304347826 0.059420289855072465 0.04456521739130435
0 0.12028985507246377 0.47880434782608694 0.04927536231884058 0.042391304347826085
0 0.23550724637681159 0.4722826086956522 0.06811594202898551 0.04673913043478261
0 0.3398550724637681 0.4777173913043478 0.07681159420289856 0.04021739130434782
0 0.3318840579710145 0.5277173913043478 0.028985507246376812 0.03804347826086957
0 0.36884057971014494 0.5630434782608695 0.06231884057971015 0.02826086956521739
0 0.40507246376811595 0.5864130434782608 0.04782608695652174 0.035869565217391305
0 0.29927536231884055 0.5657608695652174 0.06521739130434782 0.06847826086956521
0 0.32971014492753625 0.6630434782608695 0.06811594202898551 0.04565217391304348
0 0.4260869565217391 0.6472826086956521 0.08985507246376812 0.04673913043478261
0 0.29927536231884055 0.2896739130434783 0.04782608695652174 0.04891304347826087
0 0.23550724637681159 0.33967391304347827 0.09710144927536232 0.059782608695652176
0 0.27391304347826084 0.37880434782608696 0.08695652173913043 0.06847826086956521
0 0.17898550724637682 0.5983695652173913 0.042028985507246375 0.04021739130434782
0 0.1891304347826087 0.5592391304347826 0.04492753623188406 0.03804347826086957
0 0.2398550724637681 0.5565217391304348 0.042028985507246375 0.0391304347826087
0 0.15 0.40543478260869564 0.04492753623188406 0.02608695652173913
0 0.025362318840579712 0.4657608695652174 0.042028985507246375 0.03152173913043478
0 0.44130434782608696 0.2625 0.0536231884057971 0.03804347826086957
0 0.16376811594202897 0.6652173913043479 0.05507246376811594 0.02608695652173913
0 0.25 0.6173913043478261 0.036231884057971016 0.03260869565217391
0 0.06884057971014493 0.7239130434782609 0.042028985507246375 0.02826086956521739
0 0.03260869565217391 0.7782608695652173 0.050724637681159424 0.034782608695652174
0 0.2463768115942029 0.8195652173913044 0.03768115942028986 0.03260869565217391
0 0.29927536231884055 0.7141304347826087 0.06521739130434782 0.04782608695652174
0 0.19927536231884058 0.6842391304347826 0.04492753623188406 0.03369565217391304
0 0.11956521739130435 0.7603260869565217 0.042028985507246375 0.035869565217391305
0 0.15434782608695652 0.7701086956521739 0.04492753623188406 0.035869565217391305
0 0.3065217391304348 0.7793478260869565 0.050724637681159424 0.02608695652173913
0 0.31956521739130433 0.7440217391304348 0.050724637681159424 0.042391304347826085
0 0.3789855072463768 0.7239130434782609 0.036231884057971016 0.02608695652173913
0 0.4934782608695652 0.6744565217391304 0.04782608695652174 0.04021739130434782
0 0.12246376811594203 0.5233695652173913 0.04782608695652174 0.02717391304347826
0 0.25072463768115943 0.4451086956521739 0.05217391304347826 0.04021739130434782
0 0.4514492753623188 0.4532608695652174 0.0391304347826087 0.030434782608695653
0 0.4681159420289855 0.5320652173913043 0.0463768115942029 0.035869565217391305
0 0.014492753623188406 0.7168478260869565 0.028985507246376812 0.02717391304347826
0 0.3007246376811594 0.8179347826086957 0.050724637681159424 0.02717391304347826
0 0.23405797101449274 0.7641304347826087 0.0536231884057971 0.0391304347826087
0 0.4115942028985507 0.7027173913043478 0.043478260869565216 0.035869565217391305
0 0.4398550724637681 0.6782608695652174 0.042028985507246375 0.02391304347826087
0 0.4956521739130435 0.6282608695652174 0.03768115942028986 0.03260869565217391
0 0.4492753623188406 0.4842391304347826 0.03768115942028986 0.02717391304347826
0 0.3739130434782609 0.45543478260869563 0.04927536231884058 0.034782608695652174
0 0.48985507246376814 0.3739130434782609 0.043478260869565216 0.034782608695652174
0 0.1572463768115942 0.8701086956521739 0.07101449275362319 0.03804347826086957
0 0.17246376811594202 0.8391304347826087 0.04057971014492753 0.030434782608695653
0 0.14420289855072463 0.8016304347826086 0.04782608695652174 0.029347826086956522
0 0.23623188405797102 0.8543478260869565 0.043478260869565216 0.03260869565217391
0 0.11811594202898551 0.5625 0.0536231884057971 0.04021739130434782
0 0.20652173913043478 0.628804347826087 0.050724637681159424 0.035869565217391305