0 0.4893958868894602 0.31958912037037035 0.04177377892030849 0.033275462962962965
0 0.3626285347043702 0.7110821759259259 0.039524421593830336 0.048900462962962965
0 0.6568123393316195 0.7298900462962963 0.05141388174807198 0.037905092592592594
0 0.6468508997429306 0.7864583333333334 0.04177377892030849 0.05324074074074074
0 0.6703084832904884 0.5746527777777778 0.03920308483290488 0.03761574074074074
0 0.5644280205655527 0.8984375 0.04916452442159383 0.03761574074074074
0 0.5313303341902313 0.9315682870370371 0.02217223650385604 0.059895833333333336
0 0.5570372750642674 0.9360532407407407 0.02474293059125964 0.03761574074074074
0 0.581780205655527 0.9293981481481481 0.01960154241645244 0.03761574074074074
0 0.5559125964010283 0.9681712962962963 0.032133676092544985 0.02662037037037037
0 0.640745501285347 0.9405381944444444 0.04434447300771208 0.04195601851851852
0 0.6764138817480719 0.9029224537037037 0.012210796915167094 0.04658564814814815
0 0.6433161953727506 0.8761574074074074 0.05912596401028278 0.03761574074074074
0 0.5866002570694088 0.6623263888888888 0.04916452442159383 0.04861111111111111
0 0.5448264781491002 0.6956018518518519 0.05430591259640103 0.03993055555555555
0 0.5324550128534704 0.7731481481481481 0.04948586118251928 0.05324074074074074
0 0.5829048843187661 0.7964409722222222 0.04691516709511568 0.051215277777777776
0 0.5311696658097687 0.8208912037037037 0.04177377892030849 0.028935185185185185
0 0.4929305912596401 0.8330439814814815 0.02956298200514139 0.04861111111111111
0 0.42287917737789205 0.8462094907407407 0.05141388174807198 0.030960648148148147
0 0.4857005141388175 0.8684895833333334 0.04916452442159383 0.05295138888888889
0 0.5348650385604113 0.8641493055555556 0.039524421593830336 0.044270833333333336
0 0.5731041131105399 0.8596643518518519 0.046593830334190234 0.04861111111111111
0 0.459672236503856 0.9127604166666666 0.02217223650385604 0.048900462962962965
0 0.49791131105398456 0.9139178240740741 0.04916452442159383 0.04658564814814815
0 0.4069730077120823 0.30859375 0.034383033419023136 0.04195601851851852
0 0.45854755784061696 0.28197337962962965 0.02956298200514139 0.033275462962962965
0 0.4561375321336761 0.20674189814814814 0.02474293059125964 0.033275462962962965
0 0.5731041131105399 0.2165798611111111 0.03181233933161954 0.044270833333333336
0 0.6211439588688946 0.19010416666666666 0.04434447300771208 0.03993055555555555
0 0.6137532133676092 0.08347800925925926 0.04434447300771208 0.030960648148148147
0 0.5250642673521851 0.28414351851851855 0.05398457583547558 0.03761574074074074
0 0.5459511568123393 0.3107638888888889 0.04177377892030849 0.028935185185185185
0 0.49068123393316193 0.37181712962962965 0.05912596401028278 0.03993055555555555
0 0.6274100257069408 0.27531828703703703 0.03695372750642673 0.028645833333333332
0 0.46593830334190234 0.16883680555555555 0.02956298200514139 0.033275462962962965
0 0.3774100257069409 0.6500289351851852 0.08386889460154241 0.055266203703703706
0 0.3332262210796915 0.44212962962962965 0.036632390745501286 0.03414351851851852
0 0.31089331619537275 0.38078703703703703 0.034383033419023136 0.02488425925925926
0 0.43412596401028275 0.7614293981481481 0.03406169665809768 0.02806712962962963
0 0.31924807197943444 0.7559317129629629 0.03759640102827763 0.0390625
0 0.3513817480719794 0.8203125 0.031169665809768637 0.031828703703703706
0 0.4416773778920309 0.6734664351851852 0.04338046272493573 0.037905092592592594
0 0.39187017994858614 0.18619791666666666 0.04787917737789203 0.026909722222222224
0 0.7618894601542416 0.1597222222222222 0.036632390745501286 0.026041666666666668
0 0.6833226221079691 0.29050925925925924 0.04338046272493573 0.03993055555555555
0 0.7686375321336761 0.3233506944444444 0.04113110539845758 0.037905092592592594
0 0.5758354755784062 0.16116898148148148 0.04113110539845758 0.03298611111111111
0 0.5020886889460154 0.15422453703703703 0.04209511568123393 0.037037037037037035
0 0.4323586118251928 0.23755787037037038 0.04209511568123393 0.03009259259259259
0 0.47654241645244216 0.2426215277777778 0.03984575835475578 0.037905092592592594
0 0.38367609254498714 0.27546296296296297 0.03984575835475578 0.027777777777777776
0 0.5049807197943444 0.20862268518518517 0.04338046272493573 0.031828703703703706
0 0.4832904884318766 0.41218171296296297 0.03534704370179949 0.039641203703703706
0 0.681073264781491 0.13179976851851852 0.058804627249357325 0.02980324074074074
0 0.5591259640102828 0.09780092592592593 0.032133676092544985 0.031828703703703706
0 0.6804305912596401 0.17115162037037038 0.046593830334190234 0.03501157407407408
0 0.6794665809768637 0.7738715277777778 0.03759640102827763 0.0390625
0 0.7138496143958869 0.7754629629629629 0.05109254498714653 0.03993055555555555
0 0.7475899742930592 0.8995949074074074 0.03631105398457583 0.04513888888888889