0 0.24180591259640102 0.2165798611111111 0.034383033419023136 0.048900462962962965
0 0.043701799485861184 0.6533564814814815 0.04691516709511568 0.03993055555555555
0 0.03133033419023136 0.5082465277777778 0.04209511568123393 0.033275462962962965
0 0.08306555269922879 0.7077546296296297 0.05173521850899743 0.04224537037037037
0 0.09302699228791773 0.7498553240740741 0.05173521850899743 0.033275462962962965
0 0.02024421593830334 0.7465277777777778 0.02956298200514139 0.03530092592592592
0 0.2985218508997429 0.7942708333333334 0.03470437017994859 0.028935185185185185
0 0.40568766066838047 0.8663194444444444 0.05173521850899743 0.03993055555555555
0 0.2750642673521851 0.9195601851851852 0.056555269922879174 0.03993055555555555
0 0.2787596401028278 0.8663194444444444 0.05430591259640103 0.03993055555555555
0 0.19762210796915167 0.8939525462962963 0.04434447300771208 0.051215277777777776