0 0.46352827763496146 0.5004340277777778 0.039524421593830336 0.01765046296296296
0 0.44874678663239076 0.5147569444444444 0.04916452442159383 0.015625
0 0.36503856041131105 0.5170717592592593 0.03470437017994859 0.04224537037037037
0 0.3380462724935733 0.5368923611111112 0.04434447300771208 0.04658564814814815
0 0.26638817480719795 0.4826388888888889 0.05912596401028278 0.03993055555555555
0 0.20501285347043702 0.2808159722222222 0.04434447300771208 0.02228009259259259
0 0.1778598971722365 0.30960648148148145 0.039524421593830336 0.02662037037037037
0 0.04980719794344473 0.3074363425925926 0.014781491002570694 0.01765046296296296
0 0.07197943444730077 0.3995949074074074 0.05912596401028278 0.03761574074074074
0 0.23939588688946015 0.5625 0.04434447300771208 0.03125
0 0.17175449871465295 0.5591724537037037 0.02731362467866324 0.028645833333333332
0 0.2074228791773779 0.5758101851851852 0.02924164524421594 0.017939814814814815
0 0.15825835475578406 0.6490162037037037 0.039524421593830336 0.03530092592592592
0 0.1508676092544987 0.6090856481481481 0.02474293059125964 0.02662037037037037
0 0.23811053984575836 0.6689814814814815 0.032133676092544985 0.02662037037037037
0 0.25546272493573263 0.6911168981481481 0.032133676092544985 0.035590277777777776
0 0.22959511568123395 0.7298900462962963 0.034383033419023136 0.037905092592592594
0 0.1913560411311054 0.7432002314814815 0.03695372750642673 0.04658564814814815
0 0.11889460154241645 0.6788194444444444 0.05912596401028278 0.03761574074074074
0 0.10652313624678664 0.7077546296296297 0.04916452442159383 0.04224537037037037
0 0.1076478149100257 0.7465277777777778 0.04177377892030849 0.04456018518518518
0 0.055912596401028275 0.7986111111111112 0.056555269922879174 0.04224537037037037
0 0.07197943444730077 0.7455150462962963 0.04948586118251928 0.04658564814814815
0 0.230719794344473 0.3064236111111111 0.02699228791773779 0.024305555555555556