0 0.6906555374592834 0.2571997549019608 0.05598534201954397 0.0585171568627451
0 0.5620928338762216 0.23575367647058823 0.05252442996742671 0.040747549019607844
0 0.6178745928338762 0.2688419117647059 0.04560260586319218 0.05606617647058824
0 0.6568607491856677 0.3069852941176471 0.028705211726384364 0.0508578431372549
0 0.5671824104234527 0.31326593137254904 0.04234527687296417 0.0585171568627451
0 0.6280537459283387 0.3717830882352941 0.03216612377850163 0.08915441176470588
0 0.6957451140065146 0.37576593137254904 0.03888436482084691 0.07628676470588236
0 0.5858102605863192 0.4534313725490196 0.04580618892508143 0.06372549019607843
0 0.6280537459283387 0.4522058823529412 0.035423452768729644 0.0661764705882353
0 0.6813925081433225 0.47487745098039214 0.04723127035830619 0.08149509803921569
0 0.6525855048859935 0.5424325980392157 0.04743485342019544 0.0940563725490196
0 0.6001628664495114 0.6035539215686274 0.033794788273615636 0.06862745098039216
0 0.6044381107491856 0.6888786764705882 0.03216612377850163 0.06096813725490196
0 0.694828990228013 0.7169117647058824 0.043973941368078175 0.061274509803921566
0 0.7422638436482085 0.3527879901960784 0.061074918566775244 0.10202205882352941