0 0.6905797101449276 0.4385869565217391 0.05652173913043478 0.0641304347826087
0 0.5623188405797102 0.4309782608695652 0.0463768115942029 0.04021739130434782
0 0.48985507246376814 0.34402173913043477 0.04927536231884058 0.042391304347826085
0 0.40507246376811595 0.21793478260869564 0.0536231884057971 0.057608695652173914
0 0.3717391304347826 0.26793478260869563 0.05652173913043478 0.042391304347826085
0 0.3644927536231884 0.3375 0.059420289855072465 0.051086956521739134
0 0.19782608695652174 0.32608695652173914 0.07681159420289856 0.02826086956521739
0 0.29492753623188406 0.2505434782608696 0.050724637681159424 0.051086956521739134
0 0.29057971014492756 0.1516304347826087 0.059420289855072465 0.05326086956521739
0 0.6021739130434782 0.5309782608695652 0.0391304347826087 0.035869565217391305
0 0.6478260869565218 0.5554347826086956 0.04057971014492753 0.043478260869565216
0 0.613768115942029 0.6244565217391305 0.03333333333333333 0.035869565217391305
0 0.6079710144927536 0.7125 0.04492753623188406 0.06195652173913044
0 0.5869565217391305 0.7630434782608696 0.020289855072463767 0.01956521739130435
0 0.5768115942028985 0.7353260869565217 0.04057971014492753 0.04021739130434782
0 0.4702898550724638 0.6972826086956522 0.059420289855072465 0.04021739130434782
0 0.4557971014492754 0.7614130434782609 0.0536231884057971 0.06195652173913044
0 0.5181159420289855 0.7717391304347826 0.07681159420289856 0.06956521739130435
0 0.33260869565217394 0.6353260869565217 0.05652173913043478 0.057608695652173914
0 0.29637681159420287 0.6842391304347826 0.08260869565217391 0.08369565217391305
0 0.6434782608695652 0.8375 0.06086956521739131 0.04891304347826087
0 0.6166666666666667 0.4081521739130435 0.050724637681159424 0.04673913043478261
0 0.6369565217391304 0.18641304347826088 0.05652173913043478 0.05543478260869565
0 0.6181159420289855 0.25380434782608696 0.09420289855072464 0.057608695652173914
0 0.6282608695652174 0.3358695652173913 0.08550724637681159 0.07173913043478261
0 0.7731884057971015 0.3858695652173913 0.06811594202898551 0.09130434782608696
0 0.3572463768115942 0.38913043478260867 0.06811594202898551 0.04782608695652174
0 0.13840579710144926 0.1342391304347826 0.08550724637681159 0.06195652173913044
0 0.3108695652173913 0.18858695652173912 0.07101449275362319 0.042391304347826085
0 0.1673913043478261 0.6152173913043478 0.06231884057971015 0.0391304347826087
0 0.5456521739130434 0.5 0.06231884057971015 0.04782608695652174
0 0.7659420289855072 0.8304347826086956 0.04782608695652174 0.08043478260869565
0 0.7188405797101449 0.6108695652173913 0.05217391304347826 0.06304347826086956
0 0.5427536231884058 0.2358695652173913 0.050724637681159424 0.034782608695652174
0 0.563768115942029 0.20706521739130435 0.04057971014492753 0.02717391304347826
0 0.6079710144927536 0.15054347826086956 0.04782608695652174 0.03152173913043478
0 0.30289855072463767 0.058695652173913045 0.04057971014492753 0.02826086956521739
0 0.3898550724637681 0.6375 0.043478260869565216 0.035869565217391305
0 0.34202898550724636 0.4543478260869565 0.04057971014492753 0.04565217391304348
0 0.35 0.4923913043478261 0.05652173913043478 0.030434782608695653
0 0.3804347826086957 0.4423913043478261 0.042028985507246375 0.034782608695652174
0 0.16231884057971013 0.3652173913043478 0.043478260869565216 0.02826086956521739
0 0.3927536231884058 0.14076086956521738 0.0463768115942029 0.035869565217391305
0 0.25579710144927537 0.09565217391304348 0.05652173913043478 0.034782608695652174
0 0.32608695652173914 0.0907608695652174 0.043478260869565216 0.03152173913043478
0 0.48478260869565215 0.23967391304347826 0.0536231884057971 0.051086956521739134
0 0.46956521739130436 0.29293478260869565 0.06086956521739131 0.04021739130434782
0 0.15797101449275364 0.5619565217391305 0.043478260869565216 0.034782608695652174
0 0.4826086956521739 0.16195652173913044 0.06376811594202898 0.04782608695652174
0 0.47681159420289854 0.12173913043478261 0.06086956521739131 0.043478260869565216
0 0.7427536231884058 0.19728260869565217 0.05652173913043478 0.04673913043478261
0 0.7297101449275363 0.3173913043478261 0.06811594202898551 0.043478260869565216
0 0.3782608695652174 0.5434782608695652 0.043478260869565216 0.043478260869565216
0 0.5195652173913043 0.5695652173913044 0.0536231884057971 0.0391304347826087
0 0.23478260869565218 0.3847826086956522 0.05217391304347826 0.043478260869565216
0 0.2514492753623188 0.4831521739130435 0.06231884057971015 0.042391304347826085
0 0.3695652173913043 0.5956521739130435 0.0463768115942029 0.030434782608695653
0 0.3652173913043478 0.721195652173913 0.04057971014492753 0.03804347826086957