0 0.6144927536231884 0.5101874490627547 0.05507246376811594 0.02444987775061125
0 0.6072463768115942 0.5488997555012225 0.03188405797101449 0.03178484107579462
0 0.5144927536231884 0.5721271393643031 0.06666666666666667 0.029339853300733496
0 0.5492753623188406 0.37286063569682154 0.043478260869565216 0.03341483292583537
0 0.6340579710144928 0.39364303178484106 0.07971014492753623 0.0488997555012225
0 0.5260869565217391 0.4111654441727791 0.1072463768115942 0.03993480032599837
0 0.3884057971014493 0.3671556642216789 0.09855072463768116 0.05297473512632437
0 0.5260869565217391 0.2563162184189079 0.08985507246376812 0.04482477587612062
0 0.5478260869565217 0.3264058679706601 0.05507246376811594 0.03341483292583537
0 0.47101449275362317 0.6841890790546047 0.07536231884057971 0.03178484107579462
0 0.5398550724637681 0.6552567237163814 0.07101449275362319 0.035859820700896494
0 0.05217391304347826 0.5790546047269763 0.043478260869565216 0.03341483292583537
0 0.4 0.4910350448247759 0.08985507246376812 0.03993480032599837
0 0.40217391304347827 0.4539527302363488 0.07101449275362319 0.030969845150774247
0 0.4811594202898551 0.46251018744906275 0.08695652173913043 0.05297473512632437
0 0.5514492753623188 0.4979625101874491 0.07971014492753623 0.044009779951100246
0 0.5362318840579711 0.22982885085574573 0.06376811594202898 0.029339853300733496
0 0.5021739130434782 0.36878565607171965 0.059420289855072465 0.03178484107579462
0 0.08478260869565217 0.6524042379788101 0.0536231884057971 0.023634881825590873
0 0.13695652173913042 0.6715566422167889 0.059420289855072465 0.027709861450692746
0 0.5753623188405798 0.44376528117359415 0.07246376811594203 0.04156479217603912