0 0.12001928020565553 0.6488715277777778 0.03181233933161954 0.044270833333333336
0 0.05976863753213368 0.6388888888888888 0.04434447300771208 0.03761574074074074
0 0.08917095115681234 0.7475405092592593 0.04916452442159383 0.04658564814814815
0 0.028759640102827763 0.7588252314814815 0.03695372750642673 0.033275462962962965
0 0.012853470437017995 0.7907986111111112 0.01992287917737789 0.03993055555555555
0 0.06089331619537275 0.8230613425925926 0.03695372750642673 0.037905092592592594
0 0.1508676092544987 0.8253761574074074 0.039524421593830336 0.033275462962962965
0 0.1063624678663239 0.8894675925925926 0.04434447300771208 0.03761574074074074
0 0.26767352185089976 0.9428530092592593 0.04177377892030849 0.033275462962962965
0 0.28116966580976865 0.8340567129629629 0.04434447300771208 0.04195601851851852
0 0.2837403598971722 0.8982928240740741 0.04434447300771208 0.033275462962962965
0 0.1765745501285347 0.9160879629629629 0.05173521850899743 0.05092592592592592
0 0.2713688946015424 0.7842881944444444 0.05430591259640103 0.030960648148148147
0 0.18412596401028278 0.7475405092592593 0.04691516709511568 0.059895833333333336
0 0.25289203084832906 0.7265625 0.04691516709511568 0.05787037037037037
0 0.1952120822622108 0.47265625 0.039524421593830336 0.028645833333333332
0 0.26269280205655526 0.3951099537037037 0.06651670951156813 0.055266203703703706
0 0.24180591259640102 0.3064236111111111 0.04916452442159383 0.05092592592592592
0 0.2874357326478149 0.27980324074074076 0.07165809768637532 0.05960648148148148
0 0.43267994858611825 0.1490162037037037 0.08129820051413882 0.06886574074074074
0 0.5535025706940874 0.0658275462962963 0.08129820051413882 0.06221064814814815
0 0.6224293059125964 0.10243055555555555 0.02699228791773779 0.03761574074074074