0 0.7416452442159382 0.3428819444444444 0.02956298200514139 0.03993055555555555
0 0.6237146529562982 0.6944444444444444 0.04434447300771208 0.03761574074074074
0 0.43766066838046275 0.17780671296296297 0.032133676092544985 0.011284722222222222
0 0.7872750642673522 0.5713252314814815 0.04177377892030849 0.035590277777777776
0 0.8366002570694088 0.6435185185185185 0.03695372750642673 0.03761574074074074
0 0.8759640102827764 0.6468460648148148 0.036632390745501286 0.030960648148148147
0 0.8107326478149101 0.6621817129629629 0.02956298200514139 0.030960648148148147
0 0.7972365038560412 0.6833043981481481 0.04177377892030849 0.028645833333333332
0 0.7922557840616966 0.7132523148148148 0.03181233933161954 0.04456018518518518
0 0.7540167095115681 0.7243923611111112 0.039524421593830336 0.035590277777777776
0 0.7294344473007712 0.7220775462962963 0.02956298200514139 0.030960648148148147
0 0.7170629820051414 0.6744791666666666 0.034383033419023136 0.04224537037037037
0 0.6789845758354756 0.6789641203703703 0.036632390745501286 0.033275462962962965
0 0.6481362467866324 0.7388599537037037 0.05398457583547558 0.019965277777777776
0 0.665327763496144 0.7586805555555556 0.034383033419023136 0.024305555555555556
0 0.6788239074550129 0.7743055555555556 0.02217223650385604 0.024305555555555556
0 0.7135282776349614 0.7809606481481481 0.05173521850899743 0.05092592592592592
0 0.7071015424164524 0.33883101851851855 0.03309768637532134 0.027199074074074073
0 0.5890102827763496 0.6876446759259259 0.032133676092544985 0.033854166666666664
0 0.6905526992287918 0.7214988425925926 0.03984575835475578 0.03211805555555555
0 0.5690874035989717 0.26750578703703703 0.04755784061696658 0.025752314814814815