0 0.2837403598971722 0.12123842592592593 0.03470437017994859 0.017939814814814815
0 0.28133033419023135 0.1589988425925926 0.034383033419023136 0.030960648148148147
0 0.21481362467866325 0.5536747685185185 0.02924164524421594 0.035590277777777776
0 0.230719794344473 0.5946180555555556 0.02699228791773779 0.03761574074074074
0 0.11632390745501285 0.5779803240740741 0.06426735218508997 0.044270833333333336
0 0.2935411311053985 0.7641782407407407 0.034383033419023136 0.05324074074074074
0 0.19376606683804629 0.7620081018518519 0.056555269922879174 0.030960648148148147
0 0.18284061696658097 0.71875 0.04948586118251928 0.03761574074074074
0 0.23698586118251927 0.6688368055555556 0.039524421593830336 0.030960648148148147
0 0.2332904884318766 0.8185763888888888 0.04691516709511568 0.08217592592592593
0 0.27522493573264784 0.8540219907407407 0.05173521850899743 0.055266203703703706
0 0.31089331619537275 0.8396990740740741 0.039524421593830336 0.02199074074074074
0 0.33676092544987146 0.7919560185185185 0.04691516709511568 0.03761574074074074
0 0.3872107969151671 0.81640625 0.06426735218508997 0.037905092592592594
0 0.3737146529562982 0.8508391203703703 0.017352185089974295 0.030960648148148147
0 0.3921915167095116 0.9006076388888888 0.039524421593830336 0.033275462962962965
0 0.12001928020565553 0.6666666666666666 0.03181233933161954 0.03530092592592592
0 0.18284061696658097 0.6433738425925926 0.05912596401028278 0.04195601851851852
0 0.34897172236503854 0.7089120370370371 0.032133676092544985 0.02662037037037037
0 0.2455012853470437 0.7109375 0.056555269922879174 0.02662037037037037
0 0.4241645244215938 0.5724826388888888 0.02442159383033419 0.051215277777777776
0 0.29611182519280205 0.3606770833333333 0.04916452442159383 0.044270833333333336
0 0.5435411311053985 0.24204282407407407 0.06651670951156813 0.033275462962962965
0 0.5792095115681234 0.3064236111111111 0.06908740359897173 0.05092592592592592
0 0.3341902313624679 0.10575810185185185 0.032133676092544985 0.030960648148148147
0 0.39460154241645246 0.08680555555555555 0.07390745501285347 0.04224537037037037
0 0.3092866323907455 0.16377314814814814 0.03759640102827763 0.03009259259259259
0 0.34640102827763497 0.1283275462962963 0.032133676092544985 0.026909722222222224
0 0.47332904884318766 0.14424189814814814 0.037917737789203085 0.022858796296296297
0 0.4235218508997429 0.12485532407407407 0.04884318766066838 0.02806712962962963
0 0.4975899742930591 0.1048900462962963 0.02667095115681234 0.024016203703703703
0 0.29000642673521854 0.28197337962962965 0.04530848329048843 0.03674768518518518
0 0.25723007712082263 0.3263888888888889 0.057519280205655526 0.03993055555555555
0 0.6251606683804627 0.25390625 0.02859897172236504 0.026909722222222224
0 0.14203084832904883 0.2594039351851852 0.05784061696658098 0.059895833333333336
0 0.17689588688946015 0.17679398148148148 0.05430591259640103 0.03993055555555555
0 0.1919987146529563 0.4905960648148148 0.04209511568123393 0.030960648148148147
0 0.18075192802056556 0.5629340277777778 0.05559125964010283 0.033854166666666664
0 0.35475578406169667 0.5833333333333334 0.06876606683804627 0.06076388888888889
0 0.5625 0.890625 0.04530848329048843 0.04282407407407408
0 0.1198586118251928 0.7612847222222222 0.04434447300771208 0.05381944444444445
0 0.061696658097686374 0.6736111111111112 0.04755784061696658 0.07581018518518519
0 0.28213367609254497 0.5818865740740741 0.06298200514138817 0.05381944444444445
0 0.2943444730077121 0.6400462962962963 0.08097686375321336 0.06481481481481481
0 0.40633033419023135 0.6511863425925926 0.1275706940874036 0.06684027777777778
0 0.4098650385604113 0.7233796296296297 0.09093830334190231 0.07581018518518519
0 0.2106362467866324 0.6915509259259259 0.05109254498714653 0.03993055555555555
0 0.4699550128534704 0.8592303240740741 0.05559125964010283 0.04600694444444445
0 0.4794344473007712 0.5733506944444444 0.04755784061696658 0.07262731481481481
0 0.5891709511568124 0.6691261574074074 0.040809768637532134 0.0390625
0 0.4943766066838046 0.9344618055555556 0.046593830334190234 0.04079861111111111
0 0.3476863753213368 0.9211516203703703 0.036632390745501286 0.037905092592592594
0 0.3309768637532134 0.8731192129629629 0.061053984575835475 0.04195601851851852