0 0.49421593830334193 0.6157407407407407 0.056555269922879174 0.03993055555555555
0 0.46352827763496146 0.6500289351851852 0.06394601542416452 0.059895833333333336
0 0.38351542416452444 0.7432002314814815 0.05687660668380463 0.037905092592592594
0 0.3415809768637532 0.7165798611111112 0.04177377892030849 0.037905092592592594
0 0.2935411311053985 0.7099247685185185 0.05430591259640103 0.051215277777777776
0 0.3009318766066838 0.6644965277777778 0.039524421593830336 0.044270833333333336
0 0.26654884318766064 0.6511863425925926 0.04916452442159383 0.05295138888888889
0 0.24196658097686374 0.6744791666666666 0.05398457583547558 0.05092592592592592
0 0.21111825192802056 0.6190682870370371 0.036632390745501286 0.028645833333333332
0 0.20131748071979436 0.5912905092592593 0.05173521850899743 0.044270833333333336
0 0.14219151670951158 0.5392071759259259 0.05173521850899743 0.051215277777777776
0 0.19151670951156813 0.4660011574074074 0.056555269922879174 0.055266203703703706
0 0.35266709511568123 0.6623263888888888 0.039524421593830336 0.03993055555555555
0 0.3378856041131105 0.1323784722222222 0.039524421593830336 0.035590277777777776
0 0.6370501285347043 0.3219039351851852 0.03695372750642673 0.04658564814814815
0 0.5485218508997429 0.19545717592592593 0.04691516709511568 0.033275462962962965
0 0.6026670951156813 0.17780671296296297 0.046593830334190234 0.051215277777777776
0 0.6555269922879178 0.24869791666666666 0.03920308483290488 0.04658564814814815
0 0.2455012853470437 0.5564236111111112 0.036632390745501286 0.037037037037037035
0 0.1881426735218509 0.6705729166666666 0.02988431876606684 0.024016203703703703
0 0.32985218508997427 0.7858796296296297 0.04787917737789203 0.037037037037037035