0 0.75859375 0.365767878077374 0.0453125 0.023446658851113716
0 0.771875 0.33704572098475966 0.034375 0.03399765533411489
0 0.825 0.3493552168815944 0.040625 0.035169988276670575
0 0.87578125 0.32063305978898005 0.0234375 0.031652989449003514
0 0.81953125 0.2772567409144197 0.0296875 0.01992966002344666
0 0.86640625 0.28604923798358733 0.0234375 0.02813599062133646
0 0.915625 0.26787807737397423 0.05625 0.015240328253223915
0 0.940625 0.25615474794841736 0.046875 0.026963657678780773
0 0.7359375 0.4167643610785463 0.059375 0.029308323563892145
0 0.78046875 0.4079718640093787 0.0359375 0.023446658851113716
0 0.62734375 0.4642438452520516 0.0359375 0.035169988276670575
0 0.6109375 0.45193434935521687 0.05 0.0246189917936694
0 0.59453125 0.4794841735052755 0.0359375 0.03985932004689332
0 0.6078125 0.511137162954279 0.05 0.02579132473622509
0 0.59765625 0.552168815943728 0.0421875 0.03751465416178194
0 0.66875 0.5275498241500586 0.053125 0.02813599062133646
0 0.6359375 0.5433763188745604 0.028125 0.029308323563892145
0 0.6875 0.5656506447831184 0.04375 0.029308323563892145
0 0.6296875 0.5685814771395076 0.046875 0.03048065650644783
0 0.65703125 0.5890973036342321 0.0234375 0.022274325908558032
0 0.6921875 0.5961313012895663 0.040625 0.029308323563892145
0 0.65 0.6430246189917936 0.053125 0.05041031652989449
0 0.72890625 0.6201641266119577 0.0328125 0.044548651817116064
0 0.75234375 0.6125439624853458 0.0203125 0.022274325908558032
0 0.78828125 0.6459554513481829 0.0609375 0.035169988276670575
0 0.7734375 0.6740914419695193 0.06875 0.04689331770222743
0 0.8546875 0.6893317702227433 0.053125 0.03751465416178194
0 0.87265625 0.6143024618991794 0.0296875 0.032825322391559206
0 0.88984375 0.5967174677608441 0.0234375 0.03751465416178194
0 0.78671875 0.593200468933177 0.0359375 0.03048065650644783
0 0.825 0.5826494724501758 0.034375 0.03751465416178194
0 0.86328125 0.5533411488862837 0.0171875 0.035169988276670575
0 0.909375 0.5609613130128956 0.021875 0.029308323563892145
0 0.89453125 0.5386869871043376 0.0453125 0.05509964830011723
0 0.83203125 0.5433763188745604 0.0390625 0.03399765533411489
0 0.771875 0.5509964830011723 0.053125 0.03985932004689332
0 0.7265625 0.5603751465416178 0.05 0.03985932004689332
0 0.73046875 0.5211019929660023 0.0359375 0.0246189917936694
0 0.78125 0.5123094958968347 0.046875 0.04689331770222743
0 0.76015625 0.4835873388042204 0.0296875 0.029308323563892145
0 0.72890625 0.46776084407971863 0.0328125 0.023446658851113716
0 0.78828125 0.4536928487690504 0.0390625 0.035169988276670575
0 0.8296875 0.44431418522860494 0.0375 0.044548651817116064
0 0.87421875 0.4501758499413834 0.0328125 0.032825322391559206
0 0.80859375 0.4847596717467761 0.0265625 0.022274325908558032
0 0.83828125 0.5070339976553341 0.0203125 0.022274325908558032
0 0.8515625 0.4730363423212192 0.028125 0.01992966002344666
0 0.596875 0.5855803048065651 0.03125 0.026963657678780773
0 0.7234375 0.4976553341148886 0.021875 0.015240328253223915
0 0.83046875 0.4026963657678781 0.0265625 0.01992966002344666
0 0.86796875 0.43024618991793667 0.0203125 0.01875732708089097
0 0.6546875 0.4296600234466589 0.021875 0.015240328253223915
0 0.66328125 0.44958968347010553 0.0328125 0.01992966002344666
0 0.86953125 0.3499413833528722 0.0265625 0.015240328253223915
0 0.82421875 0.6213364595545134 0.0296875 0.01406799531066823
0 0.90234375 0.7045720984759671 0.0265625 0.01875732708089097
0 0.64765625 0.6078546307151231 0.0328125 0.022274325908558032
0 0.8828125 0.47772567409144195 0.028125 0.01992966002344666
0 0.89296875 0.5046893317702228 0.0265625 0.017584994138335287
0 0.8421875 0.6395076201641267 0.025 0.015240328253223915
0 0.68671875 0.5023446658851114 0.0328125 0.017584994138335287
0 0.71015625 0.4490035169988277 0.0265625 0.021101992966002344