0 0.6248393316195373 0.8030960648148148 0.046593830334190234 0.033275462962962965
0 0.6813946015424165 0.7077546296296297 0.03695372750642673 0.028935185185185185
0 0.7726542416452442 0.6987847222222222 0.03695372750642673 0.04224537037037037
0 0.5324550128534704 0.6944444444444444 0.03470437017994859 0.05092592592592592
0 0.4524421593830334 0.40610532407407407 0.061696658097686374 0.059895833333333336
0 0.741805912596401 0.3385416666666667 0.039524421593830336 0.061921296296296294
0 0.6063624678663239 0.7142650462962963 0.05398457583547558 0.033275462962962965
0 0.6150385604113111 0.7420428240740741 0.061696658097686374 0.02228009259259259
0 0.5681233933161953 0.7077546296296297 0.032133676092544985 0.03761574074074074
0 0.6876606683804627 0.7398726851851852 0.02956298200514139 0.03125
0 0.3872107969151671 0.8741319444444444 0.05398457583547558 0.05092592592592592
0 0.34174164524421596 0.8761574074074074 0.03695372750642673 0.028935185185185185