0 0.3590187296416938 0.42800245098039214 0.03888436482084691 0.04840686274509804
0 0.35993485342019543 0.539828431372549 0.030537459283387622 0.04840686274509804
0 0.36074918566775244 0.6087622549019608 0.011807817589576547 0.04840686274509804
0 0.36838355048859933 0.719515931372549 0.02707654723127036 0.05606617647058824
0 0.36074918566775244 0.8151041666666666 0.018729641693811076 0.07383578431372549
0 0.3810057003257329 0.8111213235294118 0.025447882736156353 0.030330882352941176
0 0.5688110749185668 0.20511642156862744 0.035423452768729644 0.05606617647058824
0 0.5552728013029316 0.10079656862745098 0.028705211726384364 0.015318627450980392
0 0.5925285016286646 0.1326593137254902 0.028705211726384364 0.04840686274509804
0 0.4427931596091205 0.6035539215686274 0.030537459283387622 0.05330882352941176
0 0.46223534201954397 0.6227022058823529 0.012011400651465798 0.06096813725490196
0 0.4935871335504886 0.5857843137254902 0.04051302931596091 0.05330882352941176
0 0.4944014657980456 0.6213235294117647 0.035627035830618894 0.04840686274509804
0 0.49949104234527686 0.6724877450980392 0.012011400651465798 0.017769607843137254
0 0.5315553745928339 0.6277573529411765 0.03216612377850163 0.0508578431372549
0 0.4453379478827362 0.6749387254901961 0.03888436482084691 0.04350490196078431
0 0.6105456026058632 0.05667892156862745 0.023615635179153095 0.0392156862745098
0 0.45337947882736157 0.4102328431372549 0.025244299674267102 0.03553921568627451
0 0.6011807817589576 0.39797794117647056 0.019543973941368076 0.03553921568627451
0 0.6199104234527687 0.38878676470588236 0.02280130293159609 0.03676470588235294
0 0.25753257328990226 0.7674632352941176 0.021172638436482084 0.041666666666666664
0 0.27585504885993484 0.7901348039215687 0.021986970684039087 0.03799019607843137
0 0.32512214983713356 0.7282475490196079 0.021172638436482084 0.03676470588235294
0 0.4338355048859935 0.4788602941176471 0.021986970684039087 0.03553921568627451
0 0.4094055374592834 0.38449754901960786 0.018729641693811076 0.03308823529411765
0 0.4537866449511401 0.29871323529411764 0.03908794788273615 0.04779411764705882
0 0.42324918566775244 0.3471200980392157 0.03013029315960912 0.04411764705882353
0 0.5311482084690554 0.3900122549019608 0.03257328990228013 0.031862745098039214
0 0.555985342019544 0.5107230392156863 0.023615635179153095 0.028186274509803922
0 0.551913680781759 0.5909926470588235 0.02687296416938111 0.04656862745098039
0 0.4623371335504886 0.7405024509803921 0.018729641693811076 0.031862745098039214
0 0.4774022801302932 0.7931985294117647 0.035830618892508145 0.0392156862745098
0 0.3943403908794788 0.4960171568627451 0.019543973941368076 0.05269607843137255
0 0.37276058631921827 0.4954044117647059 0.023615635179153095 0.04656862745098039
0 0.40085504885993484 0.4537377450980392 0.043973941368078175 0.04411764705882353
0 0.46966612377850164 0.3740808823529412 0.025244299674267102 0.02696078431372549
0 0.6345684039087948 0.1014093137254902 0.03257328990228013 0.0428921568627451
0 0.5840798045602605 0.07506127450980392 0.021172638436482084 0.03431372549019608
0 0.6378257328990228 0.15287990196078433 0.02768729641693811 0.05759803921568627
0 0.569828990228013 0.24479166666666666 0.033387622149837134 0.03308823529411765
0 0.5372557003257329 0.17616421568627452 0.025244299674267102 0.0428921568627451
0 0.5983306188925082 0.18351715686274508 0.03664495114006515 0.03553921568627451
0 0.6089169381107492 0.22947303921568626 0.025244299674267102 0.031862745098039214
0 0.6496335504885994 0.2337622549019608 0.018729641693811076 0.03553921568627451
0 0.5034609120521173 0.31464460784313725 0.029315960912052116 0.0428921568627451
0 0.5266693811074918 0.34221813725490197 0.028501628664495113 0.0392156862745098
0 0.46885179153094464 0.5094975490196079 0.03175895765472313 0.028186274509803922
0 0.37316775244299677 0.640625 0.026058631921824105 0.025735294117647058
0 0.36583876221498374 0.6669730392156863 0.019543973941368076 0.029411764705882353
0 0.40166938110749184 0.6602328431372549 0.026058631921824105 0.05024509803921569
0 0.40044788273615634 0.7178308823529411 0.02035830618892508 0.028186274509803922
0 0.4094055374592834 0.7441789215686274 0.023615635179153095 0.031862745098039214
0 0.3886400651465798 0.5493259803921569 0.030944625407166124 0.03676470588235294
0 0.435057003257329 0.7288602941176471 0.029315960912052116 0.04044117647058824
0 0.4098127035830619 0.7944240196078431 0.02768729641693811 0.03676470588235294
0 0.3519951140065147 0.4856004901960784 0.026058631921824105 0.041666666666666664
0 0.3931188925081433 0.5977328431372549 0.04315960912052117 0.04534313725490196
0 0.42935667752442996 0.5431985294117647 0.04560260586319218 0.0661764705882353