0 0.7294344473007712 0.36733217592592593 0.05912596401028278 0.05758101851851852
0 0.6826799485861182 0.28978587962962965 0.04402313624678663 0.05758101851851852
0 0.6518316195372751 0.26200810185185186 0.05173521850899743 0.059895833333333336
0 0.9325192802056556 0.5247395833333334 0.04691516709511568 0.035590277777777776
0 0.9140424164524421 0.5847800925925926 0.04916452442159383 0.05324074074074074
0 0.9251285347043702 0.64453125 0.061696658097686374 0.044270833333333336
0 0.6715938303341902 0.8109085648148148 0.056555269922879174 0.048900462962962965
0 0.6778598971722365 0.8629918981481481 0.034383033419023136 0.019965277777777776
0 0.8107326478149101 0.5912905092592593 0.04434447300771208 0.048900462962962965
0 0.8476863753213367 0.5591724537037037 0.05398457583547558 0.04195601851851852
0 0.8500964010282777 0.4793113425925926 0.06394601542416452 0.059895833333333336