0 0.193926735218509 0.6390335648148148 0.07615681233933162 0.0685763888888889
0 0.42159383033419023 0.7099247685185185 0.05912596401028278 0.04195601851851852
0 0.2985218508997429 0.8074363425925926 0.02442159383033419 0.019965277777777776
0 0.3343508997429306 0.7798032407407407 0.05173521850899743 0.06655092592592593
0 0.5163881748071979 0.8540219907407407 0.04177377892030849 0.055266203703703706
0 0.40070694087403597 0.5480324074074074 0.056555269922879174 0.04224537037037037
0 0.3786953727506427 0.5957754629629629 0.02217223650385604 0.017939814814814815
0 0.44376606683804626 0.6345486111111112 0.05912596401028278 0.05092592592592592
0 0.4535668380462725 0.8240740740740741 0.01960154241645244 0.013310185185185185
0 0.39460154241645246 0.8097511574074074 0.04948586118251928 0.055266203703703706
0 0.4315552699228792 0.7897858796296297 0.04434447300771208 0.04195601851851852
0 0.42287917737789205 0.9006076388888888 0.05141388174807198 0.06452546296296297
0 0.48811053984575836 0.8651620370370371 0.01992287917737789 0.024305555555555556
0 0.5633033419023136 0.8352141203703703 0.04177377892030849 0.048900462962962965
0 0.5472365038560412 0.9139178240740741 0.05398457583547558 0.04658564814814815
0 0.34286632390745503 0.5769675925925926 0.03470437017994859 0.028935185185185185
0 0.2755462724935733 0.6795428240740741 0.02988431876606684 0.02806712962962963
0 0.2822943444730077 0.5678530092592593 0.034383033419023136 0.02980324074074074
0 0.30109254498714655 0.6420717592592593 0.04113110539845758 0.03298611111111111
0 0.37805269922879176 0.7774884259259259 0.04209511568123393 0.03993055555555555
0 0.45999357326478146 0.9429976851851852 0.08001285347043702 0.03414351851851852