0 0.7687982005141388 0.28530092592592593 0.039524421593830336 0.02662037037037037
0 0.7811696658097687 0.30859375 0.03470437017994859 0.028645833333333332
0 0.8057519280205655 0.29976851851851855 0.034383033419023136 0.024305555555555556
0 0.46224293059125965 0.19560185185185186 0.03695372750642673 0.03761574074074074
0 0.37612467866323906 0.2764756944444444 0.05173521850899743 0.044270833333333336
0 0.3022172236503856 0.6400462962962963 0.03181233933161954 0.03530092592592592
0 0.5189588688946015 0.9139178240740741 0.032133676092544985 0.04658564814814815
0 0.43637532133676094 0.9139178240740741 0.02956298200514139 0.04195601851851852
0 0.6113431876606684 0.8651620370370371 0.039524421593830336 0.046296296296296294
0 0.6937660668380463 0.8175636574074074 0.04177377892030849 0.044270833333333336
0 0.7355398457583547 0.7997685185185185 0.032133676092544985 0.03125
0 0.7935411311053985 0.8009259259259259 0.039524421593830336 0.024305555555555556
0 0.8168380462724936 0.8074363425925926 0.032133676092544985 0.033275462962962965
0 0.7761889460154242 0.7609953703703703 0.039524421593830336 0.04224537037037037
0 0.7577120822622108 0.6954571759259259 0.032133676092544985 0.030960648148148147
0 0.6974614395886889 0.7664930555555556 0.05430591259640103 0.03125
0 0.6335154241645244 0.7508680555555556 0.04916452442159383 0.02662037037037037
0 0.6174485861182519 0.7831307870370371 0.046593830334190234 0.019965277777777776
0 0.7257390745501285 0.3628472222222222 0.06137532133676093 0.0798611111111111
0 0.8157133676092545 0.5713252314814815 0.07872750642673522 0.06221064814814815
0 0.7516066838046273 0.6245659722222222 0.05398457583547558 0.05758101851851852
0 0.6985861182519281 0.6854745370370371 0.04691516709511568 0.05555555555555555
0 0.8635925449871465 0.8606770833333334 0.03695372750642673 0.015335648148148149