0 0.32567480719794345 0.7054398148148148 0.05430591259640103 0.05092592592592592
0 0.11005784061696658 0.4937789351851852 0.03695372750642673 0.035590277777777776
0 0.1495822622107969 0.5114293981481481 0.04209511568123393 0.035590277777777776
0 0.14219151670951158 0.6378761574074074 0.04209511568123393 0.030960648148148147
0 0.12741002570694088 0.5991030092592593 0.046593830334190234 0.037905092592592594
0 0.053502570694087405 0.5814525462962963 0.046593830334190234 0.033275462962962965
0 0.20983290488431877 0.7609953703703703 0.05398457583547558 0.06886574074074074
0 0.22589974293059126 0.6809895833333334 0.056555269922879174 0.059895833333333336
0 0.2726542416452442 0.734375 0.04209511568123393 0.05092592592592592
0 0.3304948586118252 0.19444444444444445 0.05430591259640103 0.04861111111111111
0 0.48682519280205655 0.20225694444444445 0.04177377892030849 0.028935185185185185
0 0.5804948586118251 0.36400462962962965 0.046593830334190234 0.04224537037037037
0 0.6187339331619537 0.30078125 0.05430591259640103 0.0708912037037037