0 0.47332904884318766 0.20992476851851852 0.04948586118251928 0.044270833333333336
0 0.5594473007712082 0.2254050925925926 0.014781491002570694 0.013310185185185185
0 0.5522172236503856 0.20775462962962962 0.04916452442159383 0.03993055555555555
0 0.18026992287917737 0.6966145833333334 0.04434447300771208 0.04195601851851852
0 0.2689588688946015 0.7743055555555556 0.03920308483290488 0.05092592592592592
0 0.2972365038560411 0.7743055555555556 0.04177377892030849 0.04224537037037037
0 0.3304948586118252 0.7676504629629629 0.034383033419023136 0.03761574074074074
0 0.35025706940874035 0.7232349537037037 0.04948586118251928 0.04658564814814815
0 0.3441516709511568 0.6856192129629629 0.04691516709511568 0.033275462962962965
0 0.41789845758354754 0.7209201388888888 0.05173521850899743 0.04658564814814815
0 0.2504820051413882 0.7222222222222222 0.05687660668380463 0.03993055555555555
0 0.2787596401028278 0.6866319444444444 0.05430591259640103 0.04861111111111111
0 0.23939588688946015 0.8252314814814815 0.03470437017994859 0.03761574074074074
0 0.28502570694087404 0.81640625 0.04691516709511568 0.037905092592592594
0 0.4463367609254499 0.8052662037037037 0.05398457583547558 0.04224537037037037
0 0.40938303341902316 0.8541666666666666 0.05398457583547558 0.024305555555555556
0 0.4106683804627249 0.8949652777777778 0.04691516709511568 0.02662037037037037
0 0.25674807197943444 0.8784722222222222 0.05912596401028278 0.04224537037037037
0 0.273939588688946 0.9150752314814815 0.034383033419023136 0.02228009259259259
0 0.29241645244215936 0.9493634259259259 0.056555269922879174 0.04224537037037037
0 0.18894601542416453 0.9072627314814815 0.061696658097686374 0.04195601851851852