0 0.6076478149100257 0.7641782407407407 0.04691516709511568 0.03993055555555555
0 0.6457262210796915 0.7942708333333334 0.034383033419023136 0.028935185185185185
0 0.6580976863753213 0.7377025462962963 0.02956298200514139 0.048900462962962965
0 0.6937660668380463 0.7255497685185185 0.061696658097686374 0.059895833333333336
0 0.6838046272493573 0.8142361111111112 0.04177377892030849 0.024305555555555556
0 0.6974614395886889 0.8485243055555556 0.05430591259640103 0.044270833333333336
0 0.7466259640102828 0.8352141203703703 0.039524421593830336 0.05758101851851852
0 0.7207583547557841 0.9094328703703703 0.061696658097686374 0.04224537037037037
0 0.8870501285347043 0.7332175925925926 0.06394601542416452 0.04861111111111111
0 0.8648778920308483 0.4184027777777778 0.04916452442159383 0.03530092592592592
0 0.8918701799485861 0.3784722222222222 0.04916452442159383 0.04861111111111111
0 0.8046272493573264 0.6333912037037037 0.04691516709511568 0.03993055555555555
0 0.8044665809768637 0.6987847222222222 0.03695372750642673 0.05092592592592592