0 0.5221354166666666 0.2324074074074074 0.0203125 0.024074074074074074
0 0.48828125 0.18287037037037038 0.033854166666666664 0.06944444444444445
0 0.5330729166666667 0.1587962962962963 0.025520833333333333 0.05648148148148148
0 0.6184895833333334 0.16203703703703703 0.03697916666666667 0.06296296296296296
0 0.6598958333333333 0.18888888888888888 0.03229166666666667 0.05740740740740741
0 0.61953125 0.10138888888888889 0.025520833333333333 0.04537037037037037
0 0.5578125 0.10462962962962963 0.040625 0.05740740740740741
0 0.5044270833333333 0.35 0.022395833333333334 0.053703703703703705
0 0.6947916666666667 0.611574074074074 0.027083333333333334 0.030555555555555555
0 0.7479166666666667 0.625 0.03229166666666667 0.05740740740740741
0 0.7666666666666667 0.6583333333333333 0.029166666666666667 0.014814814814814815
0 0.7057291666666666 0.8763888888888889 0.025 0.03611111111111111
0 0.71484375 0.9152777777777777 0.033854166666666664 0.06018518518518518
0 0.7497395833333333 0.8569444444444444 0.025520833333333333 0.05092592592592592
0 0.65234375 0.8717592592592592 0.0203125 0.06944444444444445
0 0.7869791666666667 0.49583333333333335 0.035416666666666666 0.06388888888888888
0 0.7557291666666667 0.55 0.030208333333333334 0.05740740740740741
0 0.6255208333333333 0.6944444444444444 0.040625 0.05740740740740741
0 0.6583333333333333 0.6972222222222222 0.03229166666666667 0.027777777777777776
0 0.6591145833333333 0.7300925925925926 0.033854166666666664 0.026851851851851852
0 0.7098958333333333 0.8175925925925925 0.013541666666666667 0.06851851851851852
0 0.6752604166666667 0.8023148148148148 0.03177083333333333 0.026851851851851852
0 0.7268229166666667 0.7921296296296296 0.0203125 0.030555555555555555
0 0.7361979166666667 0.7467592592592592 0.025520833333333333 0.03611111111111111
0 0.7455729166666667 0.8222222222222222 0.030729166666666665 0.02962962962962963
0 0.7598958333333333 0.7736111111111111 0.03229166666666667 0.03611111111111111
0 0.7598958333333333 0.7379629629629629 0.021875 0.018518518518518517
0 0.7666666666666667 0.6898148148148148 0.035416666666666666 0.04259259259259259
0 0.74140625 0.6898148148148148 0.011979166666666667 0.04259259259259259
0 0.7252604166666666 0.7300925925925926 0.0203125 0.026851851851851852
0 0.68203125 0.6824074074074075 0.018229166666666668 0.03333333333333333
0 0.6955729166666667 0.662962962962963 0.0359375 0.04814814814814815
0 0.7067708333333333 0.712037037037037 0.027083333333333334 0.05740740740740741
0 0.6221354166666667 0.6388888888888888 0.0203125 0.04814814814814815
0 0.415625 0.6550925925925926 0.0375 0.032407407407407406
0 0.428125 0.6944444444444444 0.01875 0.03888888888888889
0 0.6518229166666667 0.5888888888888889 0.019270833333333334 0.03148148148148148
0 0.5557291666666667 0.24351851851851852 0.025 0.05
0 0.4661458333333333 0.12129629629629629 0.022916666666666665 0.040740740740740744
0 0.5096354166666667 0.06851851851851852 0.04010416666666667 0.040740740740740744
0 0.5861979166666667 0.19305555555555556 0.0328125 0.04537037037037037
0 0.7346354166666667 0.3486111111111111 0.0421875 0.05648148148148148
0 0.78828125 0.649537037037037 0.027604166666666666 0.05277777777777778
0 0.6986979166666667 0.9773148148148149 0.04114583333333333 0.04351851851851852
0 0.6572916666666667 0.9726851851851852 0.03854166666666667 0.05277777777777778
0 0.6723958333333333 0.7662037037037037 0.03229166666666667 0.04722222222222222
0 0.6505208333333333 0.788425925925926 0.03125 0.05092592592592592
0 0.6768229166666667 0.8384259259259259 0.024479166666666666 0.04537037037037037
0 0.3953125 0.6194444444444445 0.023958333333333335 0.04259259259259259
0 0.4083333333333333 0.7699074074074074 0.028125 0.05462962962962963
0 0.446875 0.25925925925925924 0.034375 0.05555555555555555
0 0.7263020833333333 0.575 0.019270833333333334 0.046296296296296294
0 0.71171875 0.7606481481481482 0.025520833333333333 0.041666666666666664
0 0.7229166666666667 0.6319444444444444 0.023958333333333335 0.04537037037037037
0 0.6473958333333333 0.6398148148148148 0.025 0.044444444444444446
0 0.5151041666666667 0.27037037037037037 0.028125 0.04814814814814815