0 0.5150862068965517 0.25161290322580643 0.03017241379310345 0.05161290322580645
0 0.5775862068965517 0.25161290322580643 0.034482758620689655 0.05161290322580645
0 0.5474137931034483 0.11290322580645161 0.034482758620689655 0.04516129032258064
0 0.6012931034482759 0.04516129032258064 0.03017241379310345 0.06451612903225806
0 0.4849137931034483 0.06774193548387097 0.05603448275862069 0.05806451612903226
0 0.49137931034482757 0.11935483870967742 0.034482758620689655 0.05806451612903226
0 0.46551724137931033 0.18387096774193548 0.034482758620689655 0.04516129032258064
0 0.4245689655172414 0.12258064516129032 0.021551724137931036 0.03870967741935484
0 0.35344827586206895 0.05806451612903226 0.06896551724137931 0.07741935483870968
0 0.34913793103448276 0.12903225806451613 0.02586206896551724 0.03870967741935484
0 0.33189655172413796 0.17096774193548386 0.034482758620689655 0.04516129032258064
0 0.41163793103448276 0.1774193548387097 0.04741379310344827 0.05806451612903226
0 0.375 0.2161290322580645 0.017241379310344827 0.04516129032258064
0 0.35560344827586204 0.3 0.03017241379310345 0.04516129032258064
0 0.3125 0.3193548387096774 0.03879310344827586 0.04516129032258064
0 0.2672413793103448 0.20967741935483872 0.034482758620689655 0.03225806451612903
0 0.21551724137931033 0.267741935483871 0.034482758620689655 0.05806451612903226
0 0.2801724137931034 0.3258064516129032 0.034482758620689655 0.05806451612903226
0 0.22629310344827586 0.3387096774193548 0.03017241379310345 0.05806451612903226
0 0.27586206896551724 0.38387096774193546 0.02586206896551724 0.03225806451612903
0 0.33836206896551724 0.432258064516129 0.03879310344827586 0.03870967741935484
0 0.29094827586206895 0.44193548387096776 0.021551724137931036 0.04516129032258064
0 0.36853448275862066 0.4870967741935484 0.03017241379310345 0.04516129032258064
0 0.41594827586206895 0.5870967741935483 0.03879310344827586 0.06451612903225806
0 0.5668103448275862 0.603225806451613 0.05603448275862069 0.05806451612903226
0 0.48060344827586204 0.4032258064516129 0.021551724137931036 0.05806451612903226
0 0.5150862068965517 0.33225806451612905 0.03017241379310345 0.07096774193548387
0 0.5172413793103449 0.43870967741935485 0.034482758620689655 0.06451612903225806
0 0.6939655172413793 0.24838709677419354 0.034482758620689655 0.05806451612903226
0 0.7004310344827587 0.4806451612903226 0.04741379310344827 0.08387096774193549
0 0.6594827586206896 0.5161290322580645 0.034482758620689655 0.03870967741935484
0 0.7370689655172413 0.6451612903225806 0.02586206896551724 0.03870967741935484
0 0.7607758620689655 0.7354838709677419 0.04741379310344827 0.06451612903225806
0 0.7672413793103449 0.6419354838709678 0.034482758620689655 0.05806451612903226
0 0.8426724137931034 0.6419354838709678 0.03879310344827586 0.05806451612903226
0 0.2025862068965517 0.603225806451613 0.034482758620689655 0.04516129032258064
0 0.2607758620689655 0.6774193548387096 0.03879310344827586 0.06451612903225806
0 0.3232758620689655 0.8 0.06896551724137931 0.1032258064516129
0 0.3879310344827586 0.7967741935483871 0.04310344827586207 0.05806451612903226
0 0.4698275862068966 0.864516129032258 0.034482758620689655 0.07741935483870968
0 0.46551724137931033 0.9419354838709677 0.02586206896551724 0.05161290322580645
0 0.4202586206896552 0.896774193548387 0.03017241379310345 0.05161290322580645
0 0.25862068965517243 0.964516129032258 0.04310344827586207 0.05806451612903226
0 0.21767241379310345 0.7741935483870968 0.05603448275862069 0.07741935483870968
0 0.5883620689655172 0.6870967741935484 0.03017241379310345 0.04516129032258064
0 0.16163793103448276 0.4483870967741935 0.03017241379310345 0.05806451612903226
0 0.47198275862068967 0.3387096774193548 0.03879310344827586 0.05806451612903226
0 0.4331896551724138 0.24838709677419354 0.05603448275862069 0.05806451612903226
0 0.41594827586206895 0.3548387096774194 0.03879310344827586 0.06451612903225806
0 0.3857758620689655 0.432258064516129 0.03017241379310345 0.03870967741935484
0 0.41594827586206895 0.5161290322580645 0.03879310344827586 0.05161290322580645
0 0.47413793103448276 0.4806451612903226 0.02586206896551724 0.05806451612903226
0 0.28448275862068967 0.5935483870967742 0.034482758620689655 0.05161290322580645
0 0.16163793103448276 0.7129032258064516 0.04741379310344827 0.07096774193548387
0 0.6099137931034483 0.5580645161290323 0.03017241379310345 0.05806451612903226