0 0.24389250814332247 0.22166053921568626 0.021986970684039087 0.03829656862745098
0 0.23890472312703584 0.16191789215686275 0.03196254071661238 0.02542892156862745
0 0.21518729641693812 0.1871936274509804 0.021986970684039087 0.03553921568627451
0 0.18057817589576547 0.21798406862745098 0.030537459283387622 0.040747549019607844
0 0.17202768729641693 0.27129289215686275 0.030537459283387622 0.035845588235294115
0 0.16276465798045603 0.3324142156862745 0.03196254071661238 0.0508578431372549
0 0.21019951140065146 0.3196997549019608 0.028705211726384364 0.045649509803921566
0 0.2371742671009772 0.2650122549019608 0.04234527687296417 0.05330882352941176
0 0.24480863192182412 0.37576593137254904 0.03033387622149837 0.045649509803921566
0 0.24653908794788273 0.3082107843137255 0.023615635179153095 0.03308823529411765
0 0.3040513029315961 0.34512867647058826 0.023819218241042345 0.05116421568627451
0 0.27697475570032576 0.3935355392156863 0.03399837133550489 0.06096813725490196
0 0.30069218241042345 0.4878982843137255 0.023615635179153095 0.040747549019607844
0 0.30741042345276876 0.5133272058823529 0.033794788273615636 0.040747549019607844
0 0.36074918566775244 0.49034926470588236 0.035423452768729644 0.06096813725490196
0 0.49185667752442996 0.4661458333333333 0.02035830618892508 0.043198529411764705
0 0.5104845276872965 0.4419424019607843 0.03033387622149837 0.05606617647058824
0 0.5249389250814332 0.3987438725490196 0.04906351791530945 0.02542892156862745
0 0.5265675895765473 0.3681066176470588 0.035627035830618894 0.05116421568627451
0 0.6162459283387622 0.4050245098039216 0.05252442996742671 0.06862745098039216
0 0.5705415309446255 0.3947610294117647 0.028705211726384364 0.03829656862745098
0 0.5350162866449512 0.44577205882352944 0.035423452768729644 0.03308823529411765
0 0.5011197068403909 0.49785539215686275 0.035627035830618894 0.04595588235294118
0 0.5679967426710097 0.5055147058823529 0.030537459283387622 0.03553921568627451
0 0.5265675895765473 0.5375306372549019 0.04906351791530945 0.0585171568627451
0 0.6052524429967426 0.5347732843137255 0.04071661237785016 0.0585171568627451
0 0.6365024429967426 0.5271139705882353 0.03888436482084691 0.043198529411764705
0 0.6695846905537459 0.5208333333333334 0.030537459283387622 0.03553921568627451
0 0.6822068403908795 0.5716911764705882 0.028908794788273615 0.04595588235294118
0 0.7152890879478827 0.44454656862745096 0.0372557003257329 0.03553921568627451
0 0.7287255700325733 0.3871017156862745 0.0372557003257329 0.05361519607843137
0 0.7109120521172638 0.3235294117647059 0.05578175895765472 0.08394607843137254
0 0.7583469055374593 0.3082107843137255 0.03908794788273615 0.06372549019607843
0 0.6670399022801303 0.3158700980392157 0.04906351791530945 0.058823529411764705
0 0.6737581433224755 0.24831495098039216 0.04580618892508143 0.06096813725490196
0 0.8387622149837134 0.2420343137254902 0.04071661237785016 0.058823529411764705
0 0.8303135179153095 0.31724877450980393 0.02707654723127036 0.05606617647058824
0 0.7887825732899023 0.36550245098039214 0.04580618892508143 0.0661764705882353
0 0.8336726384364821 0.4419424019607843 0.033794788273615636 0.05606617647058824
0 0.7701547231270358 0.5157781862745098 0.05252442996742671 0.05116421568627451
0 0.7482695439739414 0.5641850490196079 0.03888436482084691 0.02542892156862745
0 0.7634364820846905 0.6380208333333334 0.03216612377850163 0.05606617647058824
0 0.7237377850162866 0.6977634803921569 0.043973941368078175 0.0585171568627451
0 0.7312703583061889 0.6328125 0.03908794788273615 0.05606617647058824
0 0.661135993485342 0.6991421568627451 0.0372557003257329 0.0508578431372549
0 0.7997760586319218 0.4368872549019608 0.04051302931596091 0.0661764705882353
0 0.7626221498371335 0.44577205882352944 0.033794788273615636 0.04840686274509804
0 0.6890268729641694 0.5272671568627451 0.035627035830618894 0.06372549019607843
0 0.8480252442996743 0.48912377450980393 0.04906351791530945 0.043198529411764705
0 0.8371335504885994 0.5526960784313726 0.05415309446254072 0.058823529411764705
0 0.7997760586319218 0.6685049019607843 0.03033387622149837 0.07659313725490197
0 0.8344869706840391 0.7322303921568627 0.03216612377850163 0.07107843137254902
0 0.5273819218241043 0.6061580882352942 0.03033387622149837 0.03829656862745098
0 0.5705415309446255 0.5870098039215687 0.042141693811074916 0.061274509803921566
0 0.5958876221498371 0.6533394607843137 0.04560260586319218 0.06096813725490196
0 0.5840798045602605 0.4635416666666667 0.035423452768729644 0.06372549019607843
0 0.3870114006514658 0.5399816176470589 0.030537459283387622 0.06893382352941177
0 0.4199918566775244 0.602328431372549 0.03216612377850163 0.03553921568627451
0 0.33957654723127034 0.4443933823529412 0.04071661237785016 0.05606617647058824
0 0.29224348534201955 0.45588235294117646 0.04051302931596091 0.04350490196078431
0 0.32349348534201955 0.37576593137254904 0.04560260586319218 0.05606617647058824