0 0.49776058631921827 0.30943627450980393 0.025244299674267102 0.0508578431372549
0 0.5477402280130294 0.26485906862745096 0.0372557003257329 0.0585171568627451
0 0.6441368078175895 0.40625 0.030537459283387622 0.04595588235294118
0 0.6720276872964169 0.43183210784313725 0.03216612377850163 0.05606617647058824
0 0.7320846905537459 0.43933823529411764 0.033794788273615636 0.04595588235294118
0 0.6145154723127035 0.6596200980392157 0.018526058631921825 0.04350490196078431
0 0.6425081433224755 0.6659007352941176 0.023615635179153095 0.040747549019607844
0 0.750814332247557 0.5845588235294118 0.02035830618892508 0.0508578431372549
0 0.7449104234527687 0.6367953431372549 0.021986970684039087 0.03829656862745098
0 0.7439942996742671 0.7041973039215687 0.0372557003257329 0.05116421568627451
0 0.6949307817589576 0.7170649509803921 0.0372557003257329 0.040747549019607844
0 0.7067385993485342 0.7526041666666666 0.023819218241042345 0.035845588235294115
0 0.573086319218241 0.7539828431372549 0.023615635179153095 0.04840686274509804
0 0.6052524429967426 0.7945772058823529 0.030537459283387622 0.048100490196078434
0 0.6197068403908795 0.828890931372549 0.021986970684039087 0.06096813725490196
0 0.6517711726384365 0.7996323529411765 0.035627035830618894 0.03799019607843137
0 0.6881107491856677 0.8875612745098039 0.033794788273615636 0.0661764705882353
0 0.5603623778501629 0.9091605392156863 0.028705211726384364 0.05361519607843137
0 0.6386400651465798 0.867953431372549 0.026058631921824105 0.031862745098039214
0 0.5853013029315961 0.7110906862745098 0.025244299674267102 0.03431372549019608
0 0.6952361563517915 0.3789828431372549 0.02687296416938111 0.029411764705882353