0 0.7183908045977011 0.1839080459770115 0.02681992337164751 0.04597701149425287
0 0.7413793103448276 0.2413793103448276 0.0421455938697318 0.04597701149425287
0 0.42337164750957856 0.11781609195402298 0.0421455938697318 0.06321839080459771
0 0.48084291187739464 0.16091954022988506 0.0421455938697318 0.05747126436781609
0 0.5191570881226054 0.25287356321839083 0.0421455938697318 0.05747126436781609
0 0.553639846743295 0.29310344827586204 0.0421455938697318 0.06896551724137931
0 0.43486590038314177 0.3764367816091954 0.034482758620689655 0.07471264367816093
0 0.5957854406130269 0.42528735632183906 0.04980842911877394 0.04597701149425287
0 0.5383141762452107 0.47988505747126436 0.034482758620689655 0.06321839080459771
0 0.7432950191570882 0.6379310344827587 0.038314176245210725 0.06896551724137931
0 0.735632183908046 0.5402298850574713 0.03065134099616858 0.06896551724137931
0 0.7873563218390804 0.4482758620689655 0.0421455938697318 0.06896551724137931
0 0.7203065134099617 0.7586206896551724 0.038314176245210725 0.05747126436781609
0 0.39655172413793105 0.6149425287356322 0.034482758620689655 0.06896551724137931
0 0.4003831417624521 0.6839080459770115 0.02681992337164751 0.06896551724137931
0 0.3333333333333333 0.7298850574712644 0.07662835249042145 0.05747126436781609
0 0.15134099616858238 0.6264367816091954 0.034482758620689655 0.06896551724137931
0 0.1360153256704981 0.6925287356321839 0.0421455938697318 0.05172413793103448
0 0.13793103448275862 0.7614942528735632 0.04597701149425287 0.05172413793103448
0 0.13026819923371646 0.8275862068965517 0.038314176245210725 0.06896551724137931
0 0.1781609195402299 0.8333333333333334 0.04980842911877394 0.08045977011494253
0 0.4042145593869732 0.20114942528735633 0.04980842911877394 0.06896551724137931
0 0.40229885057471265 0.25862068965517243 0.038314176245210725 0.04597701149425287
0 0.3850574712643678 0.3103448275862069 0.05747126436781609 0.06896551724137931
0 0.29310344827586204 0.1867816091954023 0.0421455938697318 0.08620689655172414
0 0.342911877394636 0.13218390804597702 0.034482758620689655 0.06896551724137931
0 0.3831417624521073 0.07183908045977011 0.04597701149425287 0.07471264367816093
0 0.31992337164750956 0.3103448275862069 0.06513409961685823 0.08045977011494253
0 0.23946360153256704 0.2959770114942529 0.04980842911877394 0.08620689655172414
0 0.2739463601532567 0.3793103448275862 0.04980842911877394 0.05747126436781609
0 0.289272030651341 0.47126436781609193 0.06513409961685823 0.10344827586206896
0 0.2988505747126437 0.5517241379310345 0.04597701149425287 0.08045977011494253
0 0.342911877394636 0.5316091954022989 0.04980842911877394 0.07471264367816093
0 0.3544061302681992 0.5862068965517241 0.034482758620689655 0.05747126436781609
0 0.3390804597701149 0.6637931034482759 0.034482758620689655 0.06321839080459771
0 0.5229885057471264 0.3936781609195402 0.0421455938697318 0.06321839080459771
0 0.4731800766283525 0.5660919540229885 0.06513409961685823 0.06321839080459771
0 0.49808429118773945 0.6264367816091954 0.022988505747126436 0.05747126436781609
0 0.5344827586206896 0.6408045977011494 0.04980842911877394 0.05172413793103448
0 0.5727969348659003 0.6954022988505747 0.06513409961685823 0.04597701149425287
0 0.5881226053639846 0.7586206896551724 0.05747126436781609 0.05747126436781609
0 0.6532567049808429 0.6867816091954023 0.04980842911877394 0.06321839080459771
0 0.6915708812260536 0.6522988505747126 0.04980842911877394 0.07471264367816093
0 0.6130268199233716 0.5977011494252874 0.05363984674329502 0.08045977011494253
0 0.6494252873563219 0.5459770114942529 0.034482758620689655 0.04597701149425287
0 0.6877394636015326 0.5804597701149425 0.0421455938697318 0.05747126436781609
0 0.7203065134099617 0.4511494252873563 0.05363984674329502 0.07471264367816093
0 0.7739463601532567 0.34195402298850575 0.038314176245210725 0.06321839080459771
0 0.6685823754789272 0.3764367816091954 0.0421455938697318 0.05172413793103448
0 0.6149425287356322 0.2614942528735632 0.0421455938697318 0.08620689655172414
0 0.6628352490421456 0.1810344827586207 0.04597701149425287 0.06321839080459771
0 0.6800766283524904 0.26436781609195403 0.034482758620689655 0.05747126436781609
0 0.5919540229885057 0.16666666666666666 0.02681992337164751 0.034482758620689655
0 0.5383141762452107 0.10919540229885058 0.02681992337164751 0.034482758620689655
0 0.553639846743295 0.20977011494252873 0.034482758620689655 0.06321839080459771
0 0.28160919540229884 0.6436781609195402 0.0421455938697318 0.04597701149425287
0 0.2049808429118774 0.6551724137931034 0.02681992337164751 0.04597701149425287
0 0.2413793103448276 0.6810344827586207 0.038314176245210725 0.05172413793103448