0 0.6359254498714653 0.9427083333333334 0.02442159383033419 0.028935185185185185
0 0.6137532133676092 0.9117476851851852 0.03470437017994859 0.04224537037037037
0 0.4820051413881748 0.7588252314814815 0.02699228791773779 0.033275462962962965
0 0.4413560411311054 0.7664930555555556 0.039524421593830336 0.03530092592592592
0 0.4240038560411311 0.8263888888888888 0.04916452442159383 0.05324074074074074
0 0.2887210796915167 0.8495370370370371 0.039524421593830336 0.03761574074074074
0 0.23811053984575836 0.8263888888888888 0.04177377892030849 0.04861111111111111
0 0.23682519280205655 0.7731481481481481 0.02956298200514139 0.02662037037037037
0 0.37483933161953725 0.7432002314814815 0.02474293059125964 0.037905092592592594
0 0.44617609254498714 0.6854745370370371 0.034383033419023136 0.05092592592592592
0 0.3872107969151671 0.6699942129629629 0.03470437017994859 0.04658564814814815
0 0.3120179948586118 0.6876446759259259 0.04177377892030849 0.04658564814814815
0 0.5287596401028277 0.6433738425925926 0.03695372750642673 0.033275462962962965
0 0.20003213367609254 0.26533564814814814 0.039524421593830336 0.03530092592592592
0 0.2837403598971722 0.21339699074074073 0.01992287917737789 0.033275462962962965
0 0.39090616966580977 0.2287326388888889 0.03695372750642673 0.04195601851851852
0 0.3809447300771208 0.30758101851851855 0.03695372750642673 0.03993055555555555
0 0.571818766066838 0.3563368055555556 0.039524421593830336 0.035590277777777776
0 0.538560411311054 0.32624421296296297 0.04691516709511568 0.04658564814814815
0 0.5311696658097687 0.36299189814814814 0.04177377892030849 0.030960648148148147
0 0.4648136246786632 0.3030960648148148 0.046593830334190234 0.035590277777777776
0 0.4929305912596401 0.5901331018518519 0.05912596401028278 0.04658564814814815
0 0.7048521850899743 0.9039351851851852 0.039524421593830336 0.013310185185185185