0 0.4315552699228792 0.26750578703703703 0.04434447300771208 0.030960648148148147
0 0.38962082262210795 0.24204282407407407 0.034383033419023136 0.033275462962962965
0 0.3982969151670951 0.16116898148148148 0.04209511568123393 0.02662037037037037
0 0.4498714652956298 0.15002893518518517 0.04177377892030849 0.01765046296296296
0 0.5263496143958869 0.17881944444444445 0.04177377892030849 0.02662037037037037
0 0.5424164524421594 0.14351851851851852 0.04434447300771208 0.02662037037037037
0 0.6985861182519281 0.5969328703703703 0.032133676092544985 0.028935185185185185
0 0.8587724935732648 0.6456886574074074 0.03181233933161954 0.059895833333333336
0 0.9116323907455013 0.4205729166666667 0.03470437017994859 0.05758101851851852
0 0.6924807197943444 0.7365451388888888 0.03920308483290488 0.037905092592592594
0 0.639620822622108 0.8197337962962963 0.02731362467866324 0.03993055555555555
0 0.5213688946015425 0.8994502314814815 0.04209511568123393 0.048900462962962965
0 0.6936053984575835 0.8109085648148148 0.02217223650385604 0.05758101851851852