0 0.731844473007712 0.2874710648148148 0.039524421593830336 0.048900462962962965
0 0.38110539845758357 0.4162326388888889 0.04177377892030849 0.044270833333333336
0 0.43267994858611825 0.3851273148148148 0.05173521850899743 0.07118055555555555
0 0.34656169665809766 0.3663194444444444 0.03695372750642673 0.028935185185185185
0 0.3600578406169666 0.32407407407407407 0.05430591259640103 0.028935185185185185
0 0.3022172236503856 0.3185763888888889 0.02217223650385604 0.03993055555555555
0 0.29482647814910024 0.4105902777777778 0.04209511568123393 0.03761574074074074
0 0.22959511568123395 0.3763020833333333 0.04402313624678663 0.044270833333333336
0 0.20501285347043702 0.45283564814814814 0.03920308483290488 0.03761574074074074
0 0.2467866323907455 0.4505208333333333 0.02956298200514139 0.03298611111111111
0 0.26044344473007713 0.5182291666666666 0.03695372750642673 0.02662037037037037
0 0.2763496143958869 0.5335648148148148 0.02442159383033419 0.013310185185185185
0 0.262853470437018 0.5646701388888888 0.04177377892030849 0.035590277777777776