0 0.37082654723127034 0.5628063725490197 0.025447882736156353 0.03308823529411765
0 0.3353013029315961 0.6150428921568627 0.03216612377850163 0.035845588235294115
0 0.37510179153094464 0.6075367647058824 0.03399837133550489 0.0508578431372549
0 0.3632939739413681 0.657015931372549 0.0372557003257329 0.027879901960784315
0 0.3793770358306189 0.6838235294117647 0.025447882736156353 0.0508578431372549
0 0.4258957654723127 0.5768995098039216 0.023615635179153095 0.02022058823529412
0 0.44523615635179153 0.6087622549019608 0.021986970684039087 0.028186274509803922
0 0.4563314332247557 0.6876531862745098 0.03399837133550489 0.027879901960784315
0 0.40044788273615634 0.7372855392156863 0.04071661237785016 0.05606617647058824
0 0.4588762214983713 0.8647365196078431 0.03908794788273615 0.05606617647058824
0 0.4867671009771987 0.8290441176470589 0.033794788273615636 0.0508578431372549
0 0.39881921824104233 0.28921568627450983 0.023615635179153095 0.0508578431372549
0 0.60189332247557 0.13633578431372548 0.016897394136807818 0.04595588235294118
0 0.5934446254071661 0.17846200980392157 0.033794788273615636 0.03829656862745098
0 0.5756311074918566 0.21277573529411764 0.028705211726384364 0.040747549019607844
0 0.5409201954397395 0.22426470588235295 0.030537459283387622 0.04840686274509804
0 0.5925285016286646 0.39859068627450983 0.028705211726384364 0.04595588235294118
0 0.49694625407166126 0.6761642156862745 0.050895765472312705 0.061274509803921566
0 0.4089983713355049 0.6557904411764706 0.013436482084690555 0.040747549019607844
0 0.43098534201954397 0.6596200980392157 0.030537459283387622 0.04350490196078431
0 0.4107288273615635 0.6150428921568627 0.0372557003257329 0.045649509803921566
0 0.31677524429967424 0.5692401960784313 0.04560260586319218 0.04595588235294118