0 0.7202768729641694 0.33379289215686275 0.023615635179153095 0.043198529411764705
0 0.7169177524429967 0.4100796568627451 0.0372557003257329 0.043198529411764705
0 0.5155741042345277 0.6418504901960784 0.04051302931596091 0.04840686274509804
0 0.5663680781758957 0.6864276960784313 0.043973941368078175 0.06096813725490196
0 0.6196050488599348 0.6697303921568627 0.028705211726384364 0.04840686274509804
0 0.5984324104234527 0.7461703431372549 0.03033387622149837 0.043198529411764705
0 0.604336319218241 0.7794117647058824 0.025447882736156353 0.04840686274509804
0 0.6450529315960912 0.774203431372549 0.028705211726384364 0.058823529411764705
0 0.663578990228013 0.8685661764705882 0.025447882736156353 0.04840686274509804
0 0.6466815960912052 0.8379289215686274 0.028705211726384364 0.04840686274509804
0 0.5832654723127035 0.8149509803921569 0.030537459283387622 0.03799019607843137
0 0.5367467426710097 0.8556985294117647 0.025447882736156353 0.058823529411764705
0 0.6831229641693811 0.6533394607843137 0.02707654723127036 0.040747549019607844
0 0.4208061889250814 0.7487745098039216 0.033794788273615636 0.06372549019607843
0 0.6154315960912052 0.8696384803921569 0.033794788273615636 0.06096813725490196
0 0.681799674267101 0.5003063725490197 0.026058631921824105 0.0392156862745098
0 0.5046824104234527 0.5315563725490197 0.061074918566775244 0.1090686274509804
0 0.3886400651465798 0.6259191176470589 0.021172638436482084 0.04044117647058824
0 0.5116042345276873 0.8416053921568627 0.02768729641693811 0.05024509803921569
0 0.49124592833876224 0.7858455882352942 0.03745928338762215 0.07107843137254902
0 0.5625 0.7601102941176471 0.03664495114006515 0.056372549019607844