0 0.5654519543973942 0.3235294117647059 0.059242671009771986 0.06372549019607843
0 0.6661237785016286 0.04595588235294118 0.030537459283387622 0.03308823529411765
0 0.6263232899022801 0.3463541666666667 0.028705211726384364 0.05361519607843137
0 0.7135586319218241 0.3489583333333333 0.033794788273615636 0.03799019607843137
0 0.4208061889250814 0.40119485294117646 0.050895765472312705 0.030330882352941176
0 0.4495114006514658 0.4330575980392157 0.043973941368078175 0.043198529411764705
0 0.5044788273615635 0.4215686274509804 0.04234527687296417 0.061274509803921566
0 0.39546009771986973 0.46109068627450983 0.04743485342019544 0.06372549019607843
0 0.4512418566775244 0.46859681372549017 0.0372557003257329 0.043198529411764705
0 0.4503257328990228 0.5488664215686274 0.03216612377850163 0.045649509803921566
0 0.4875814332247557 0.616421568627451 0.06596091205211727 0.08394607843137254
0 0.4377035830618892 0.7054227941176471 0.05741042345276873 0.07383578431372549
0 0.550285016286645 0.4635416666666667 0.04560260586319218 0.04350490196078431
0 0.5460097719869706 0.5323223039215687 0.06758957654723127 0.06893382352941177
0 0.5832654723127035 0.5960477941176471 0.050895765472312705 0.0585171568627451
0 0.6272394136807817 0.6456801470588235 0.043973941368078175 0.05606617647058824
0 0.6670399022801303 0.6253063725490197 0.035627035830618894 0.04595588235294118
0 0.6839372964169381 0.6825980392156863 0.0625 0.07904411764705882
0 0.30578175895765475 0.960171568627451 0.043973941368078175 0.04840686274509804
0 0.47831840390879476 0.8849571078431373 0.06412866449511401 0.07138480392156862