0 0.45115681233933164 0.6069155092592593 0.04434447300771208 0.030960648148148147
0 0.43766066838046275 0.65234375 0.032133676092544985 0.033275462962962965
0 0.49421593830334193 0.6478587962962963 0.04177377892030849 0.03298611111111111
0 0.45003213367609257 0.6921296296296297 0.05173521850899743 0.04224537037037037
0 0.4537275064267352 0.7320601851851852 0.02956298200514139 0.028935185185185185
0 0.48312982005141386 0.7664930555555556 0.02474293059125964 0.02662037037037037
0 0.49068123393316193 0.7320601851851852 0.02956298200514139 0.028935185185185185
0 0.5065874035989717 0.7099247685185185 0.04209511568123393 0.028645833333333332
0 0.5459511568123393 0.6989293981481481 0.02699228791773779 0.019965277777777776
0 0.5324550128534704 0.8030960648148148 0.02956298200514139 0.019965277777777776
0 0.5461118251928021 0.8208912037037037 0.02217223650385604 0.015625
0 0.5669987146529563 0.8506944444444444 0.02474293059125964 0.03530092592592592
0 0.6050771208226221 0.82421875 0.04177377892030849 0.030960648148148147
0 0.5829048843187661 0.9029224537037037 0.04691516709511568 0.033275462962962965
0 0.62853470437018 0.6833043981481481 0.02956298200514139 0.033275462962962965
0 0.6691838046272494 0.6821469907407407 0.01703084832904884 0.02228009259259259
0 0.741805912596401 0.7254050925925926 0.039524421593830336 0.028935185185185185
0 0.719633676092545 0.5425347222222222 0.04916452442159383 0.03125
0 0.6863753213367609 0.6223958333333334 0.056555269922879174 0.04861111111111111
0 0.7281491002570694 0.4050925925925926 0.056555269922879174 0.03993055555555555
0 0.3724293059125964 0.19777199074074073 0.02956298200514139 0.04658564814814815
0 0.4930912596401028 0.2310474537037037 0.034383033419023136 0.04195601851851852