0 0.12853470437017994 0.25766782407407407 0.05912596401028278 0.055266203703703706
0 0.12001928020565553 0.3152488425925926 0.07615681233933162 0.051215277777777776
0 0.538560411311054 0.2907986111111111 0.061696658097686374 0.024305555555555556
0 0.5902956298200515 0.2120949074074074 0.056555269922879174 0.05324074074074074
0 0.719633676092545 0.30092592592592593 0.05430591259640103 0.06655092592592593
0 0.2320051413881748 0.6843171296296297 0.05398457583547558 0.06655092592592593
0 0.36873393316195374 0.7110821759259259 0.04209511568123393 0.048900462962962965
0 0.40440231362467866 0.7110821759259259 0.039524421593830336 0.044270833333333336
0 0.4463367609254499 0.7686631944444444 0.06876606683804627 0.05758101851851852
0 0.46224293059125965 0.9704861111111112 0.05173521850899743 0.03993055555555555
0 0.4463367609254499 0.6856192129629629 0.04434447300771208 0.04658564814814815