0 0.3737146529562982 0.5734953703703703 0.02699228791773779 0.03993055555555555
0 0.4389460154241645 0.5747974537037037 0.05912596401028278 0.019965277777777776
0 0.4143637532133676 0.6090856481481481 0.039524421593830336 0.03530092592592592
0 0.4008676092544987 0.64453125 0.05173521850899743 0.026331018518518517
0 0.3994215938303342 0.6788194444444444 0.02956298200514139 0.03761574074074074
0 0.4315552699228792 0.7010995370370371 0.02442159383033419 0.04224537037037037
0 0.47075835475578404 0.7154224537037037 0.02956298200514139 0.030960648148148147
0 0.5263496143958869 0.6623263888888888 0.017352185089974295 0.03530092592592592
0 0.574228791773779 0.7099247685185185 0.02956298200514139 0.028645833333333332
0 0.5644280205655527 0.09461805555555555 0.04916452442159383 0.04861111111111111
0 0.46963367609254497 0.7921006944444444 0.03181233933161954 0.04658564814814815