0 0.5126928020565553 0.7099247685185185 0.034383033419023136 0.02459490740740741
0 0.5583226221079691 0.7254050925925926 0.01703084832904884 0.028935185185185185
0 0.593991002570694 0.7243923611111112 0.034383033419023136 0.030960648148148147
0 0.6087724935732648 0.7465277777777778 0.02474293059125964 0.017939814814814815
0 0.5743894601542416 0.7719907407407407 0.01960154241645244 0.03761574074074074
0 0.6237146529562982 0.7764756944444444 0.04434447300771208 0.015335648148148149
0 0.6333547557840618 0.8030960648148148 0.04434447300771208 0.028645833333333332
0 0.6752892030848329 0.7743055555555556 0.02474293059125964 0.024305555555555556
0 0.6826799485861182 0.8230613425925926 0.02474293059125964 0.04195601851851852
0 0.6481362467866324 0.6889467592592593 0.02956298200514139 0.02662037037037037
0 0.6863753213367609 0.7398726851851852 0.05141388174807198 0.05324074074074074