0 0.8944408740359897 0.5536747685185185 0.02474293059125964 0.035590277777777776
0 0.8650385604113111 0.5059317129629629 0.04434447300771208 0.04658564814814815
0 0.6974614395886889 0.6345486111111112 0.034383033419023136 0.03761574074074074
0 0.7713688946015425 0.6568287037037037 0.034383033419023136 0.03761574074074074
0 0.7270244215938303 0.7553530092592593 0.039524421593830336 0.030960648148148147
0 0.6174485861182519 0.81640625 0.046593830334190234 0.04195601851851852
0 0.741805912596401 0.7909432870370371 0.034383033419023136 0.035590277777777776
0 0.7750642673521851 0.8142361111111112 0.032133676092544985 0.024305555555555556
0 0.8083226221079691 0.7631655092592593 0.034383033419023136 0.033275462962962965
0 0.8194087403598972 0.7919560185185185 0.04177377892030849 0.024305555555555556
0 0.8600578406169666 0.734375 0.04916452442159383 0.03761574074074074
0 0.8624678663239075 0.6999421296296297 0.03920308483290488 0.03530092592592592