0 0.375 0.3219039351851852 0.04434447300771208 0.02459490740740741
0 0.42046915167095117 0.2941261574074074 0.03695372750642673 0.044270833333333336
0 0.4252892030848329 0.24320023148148148 0.03695372750642673 0.030960648148148147
0 0.5743894601542416 0.21773726851851852 0.034383033419023136 0.033275462962962965
0 0.36873393316195374 0.2664930555555556 0.03695372750642673 0.03761574074074074
0 0.8046272493573264 0.6668113425925926 0.04691516709511568 0.044270833333333336
0 0.8157133676092545 0.6190682870370371 0.039524421593830336 0.037905092592592594
0 0.7405205655526992 0.7298900462962963 0.04209511568123393 0.037905092592592594
0 0.6752892030848329 0.6401909722222222 0.034383033419023136 0.030960648148148147
0 0.38962082262210795 0.8541666666666666 0.034383033419023136 0.024305555555555556
0 0.4413560411311054 0.8962673611111112 0.02924164524421594 0.033275462962962965
0 0.5952763496143959 0.6634837962962963 0.03695372750642673 0.03761574074074074
0 0.661793059125964 0.6854745370370371 0.03181233933161954 0.04224537037037037
0 0.5387210796915167 0.7165798611111112 0.02217223650385604 0.04195601851851852
0 0.6274100257069408 0.7443576388888888 0.05173521850899743 0.035590277777777776
0 0.6715938303341902 0.7377025462962963 0.032133676092544985 0.035590277777777776
0 0.5755141388174807 0.8087384259259259 0.056555269922879174 0.03993055555555555
0 0.36744858611825193 0.42390046296296297 0.02474293059125964 0.028935185185185185