0 0.3995822622107969 0.6134259259259259 0.05430591259640103 0.05324074074074074
0 0.37853470437017994 0.6811342592592593 0.04177377892030849 0.05092592592592592
0 0.35395244215938304 0.6357060185185185 0.05173521850899743 0.03993055555555555
0 0.3232647814910026 0.6422164351851852 0.014781491002570694 0.030960648148148147
0 0.27522493573264784 0.6223958333333334 0.05173521850899743 0.04861111111111111
0 0.2565874035989717 0.6721643518518519 0.05430591259640103 0.04224537037037037
0 0.22959511568123395 0.6877893518518519 0.034383033419023136 0.03761574074074074
0 0.19890745501285348 0.6190682870370371 0.04177377892030849 0.04195601851851852
0 0.14106683804627249 0.5625 0.04434447300771208 0.03993055555555555
0 0.11760925449871465 0.5247395833333334 0.04177377892030849 0.048900462962962965
0 0.14090616966580977 0.5869502314814815 0.06908740359897173 0.030960648148148147
0 0.12741002570694088 0.6257233796296297 0.06137532133676093 0.04195601851851852
0 0.18026992287917737 0.6788194444444444 0.05912596401028278 0.028935185185185185
0 0.1669344473007712 0.7087673611111112 0.05173521850899743 0.030960648148148147
0 0.19762210796915167 0.7310474537037037 0.04434447300771208 0.035590277777777776
0 0.20870822622107968 0.7721354166666666 0.03695372750642673 0.04658564814814815
0 0.2480719794344473 0.7698206018518519 0.04177377892030849 0.037905092592592594
0 0.2615681233933162 0.8041087962962963 0.05398457583547558 0.05324074074074074
0 0.3059125964010283 0.7553530092592593 0.01992287917737789 0.048900462962962965
0 0.34286632390745503 0.7565104166666666 0.06426735218508997 0.04658564814814815
0 0.33547557840616965 0.7887731481481481 0.03920308483290488 0.05324074074074074
0 0.39090616966580977 0.7864583333333334 0.02731362467866324 0.04861111111111111
0 0.4106683804627249 0.8916377314814815 0.056555269922879174 0.033275462962962965
0 0.3341902313624679 0.6744791666666666 0.02699228791773779 0.04224537037037037
0 0.299646529562982 0.6811342592592593 0.03695372750642673 0.04224537037037037
0 0.3280848329048843 0.7110821759259259 0.04434447300771208 0.05758101851851852
0 0.2763496143958869 0.7232349537037037 0.04948586118251928 0.04658564814814815
0 0.47332904884318766 0.890625 0.02956298200514139 0.03993055555555555
0 0.5250642673521851 0.20775462962962962 0.02442159383033419 0.02199074074074074
0 0.49180591259640105 0.23987268518518517 0.04209511568123393 0.03298611111111111
0 0.46224293059125965 0.09346064814814815 0.05173521850899743 0.04224537037037037