0 0.3724293059125964 0.2886284722222222 0.04434447300771208 0.015335648148148149
0 0.29482647814910024 0.24768518518518517 0.04209511568123393 0.02662037037037037
0 0.28116966580976865 0.2842881944444444 0.02956298200514139 0.033275462962962965
0 0.2800449871465296 0.19994212962962962 0.03181233933161954 0.028935185185185185
0 0.32937017994858614 0.21223958333333334 0.04177377892030849 0.035590277777777776
0 0.35395244215938304 0.11357060185185185 0.02217223650385604 0.019965277777777776
0 0.39090616966580977 0.1423611111111111 0.03181233933161954 0.03761574074074074
0 0.28116966580976865 0.11906828703703703 0.02956298200514139 0.02228009259259259
0 0.6974614395886889 0.7543402777777778 0.04916452442159383 0.04224537037037037
0 0.7663881748071979 0.7731481481481481 0.02956298200514139 0.04456018518518518
0 0.731844473007712 0.6656539351851852 0.039524421593830336 0.033275462962962965