0 0.6105527638190955 0.21209386281588447 0.011725293132328308 0.019855595667870037
0 0.583752093802345 0.19223826714801445 0.06197654941373534 0.05595667870036101
0 0.47822445561139026 0.4395306859205776 0.038525963149078725 0.04512635379061372
0 0.5150753768844221 0.45938628158844763 0.04187604690117253 0.048736462093862815
0 0.483249581239531 0.37545126353790614 0.04187604690117253 0.05776173285198556
0 0.45309882747068675 0.33303249097472926 0.05527638190954774 0.04512635379061372
0 0.5577889447236181 0.5081227436823105 0.020100502512562814 0.030685920577617327
0 0.4053601340033501 0.6209386281588448 0.03350083752093802 0.05054151624548736
0 0.423785594639866 0.5884476534296029 0.05025125628140704 0.07220216606498195
0 0.6373534338358459 0.463898916967509 0.04522613065326633 0.05415162454873646
0 0.5921273031825796 0.48375451263537905 0.048576214405360134 0.061371841155234655
0 0.6599664991624791 0.5370036101083032 0.05360134003350084 0.06678700361010831
0 0.4045226130653266 0.45306859205776173 0.04522613065326633 0.04332129963898917
0 0.4288107202680067 0.4918772563176895 0.05695142378559464 0.05956678700361011
0 0.34338358458961477 0.4963898916967509 0.03350083752093802 0.04693140794223827
0 0.3592964824120603 0.5397111913357401 0.035175879396984924 0.061371841155234655
0 0.568676716917923 0.5550541516245487 0.07202680067001675 0.030685920577617327
0 0.5678391959798995 0.5938628158844765 0.07705192629815745 0.05415162454873646
0 0.4723618090452261 0.5875451263537906 0.04355108877721943 0.05595667870036101
0 0.501675041876047 0.6254512635379061 0.048576214405360134 0.05595667870036101
0 0.5360134003350083 0.6516245487364621 0.04690117252931323 0.04332129963898917
0 0.6407035175879398 0.6552346570397112 0.018425460636515914 0.021660649819494584
0 0.5829145728643216 0.6877256317689531 0.04020100502512563 0.04693140794223827
0 0.61892797319933 0.7355595667870036 0.048576214405360134 0.05595667870036101
0 0.6415410385259631 0.7906137184115524 0.03350083752093802 0.04693140794223827
0 0.6088777219430486 0.7842960288808665 0.02847571189279732 0.03790613718411552
0 0.5795644891122278 0.8023465703971119 0.04020100502512563 0.04512635379061372
0 0.5385259631490787 0.8321299638989169 0.04522613065326633 0.06498194945848375
0 0.5318257956448911 0.7509025270758123 0.035175879396984924 0.05054151624548736
0 0.4849246231155779 0.7527075812274369 0.04187604690117253 0.05415162454873646
0 0.4338358458961474 0.7527075812274369 0.04690117252931323 0.061371841155234655
0 0.4221105527638191 0.6904332129963899 0.04355108877721943 0.06678700361010831
0 0.7906197654941374 0.6723826714801444 0.06365159128978225 0.02707581227436823
0 0.7696817420435511 0.6985559566787004 0.06197654941373534 0.05776173285198556
0 0.8224455611390284 0.7057761732851986 0.03350083752093802 0.04332129963898917
0 0.7194304857621441 0.7987364620938628 0.05527638190954774 0.08844765342960288
0 0.5159128978224455 0.5370036101083032 0.04020100502512563 0.04512635379061372
0 0.47822445561139026 0.48104693140794225 0.035175879396984924 0.03790613718411552
0 0.34840871021775544 0.4323104693140794 0.03015075376884422 0.03429602888086643
0 0.33668341708542715 0.7779783393501805 0.04020100502512563 0.032490974729241874
0 0.4028475711892797 0.76985559566787 0.038525963149078725 0.04151624548736462
0 0.4371859296482412 0.7951263537906137 0.04355108877721943 0.048736462093862815
0 0.4639865996649916 0.8898916967509025 0.04690117252931323 0.039711191335740074
0 0.47068676716917923 0.8456678700361011 0.03685092127303183 0.03429602888086643
0 0.5050251256281407 0.8411552346570397 0.035175879396984924 0.04332129963898917
0 0.7721943048576214 0.766245487364621 0.03685092127303183 0.04512635379061372
0 0.8015075376884422 0.6398916967509025 0.038525963149078725 0.03429602888086643
0 0.6834170854271356 0.2509025270758123 0.04020100502512563 0.039711191335740074
0 0.628140703517588 0.1976534296028881 0.023450586264656615 0.03429602888086643
0 0.6499162479061976 0.2003610108303249 0.020100502512562814 0.02888086642599278
0 0.6716917922948074 0.20577617328519857 0.023450586264656615 0.04332129963898917
0 0.6733668341708543 0.15252707581227437 0.04020100502512563 0.03429602888086643
0 0.61892797319933 0.3240072202166065 0.02847571189279732 0.030685920577617327
0 0.6792294807370184 0.30324909747292417 0.02847571189279732 0.032490974729241874
0 0.7236180904522613 0.3989169675090253 0.04690117252931323 0.04693140794223827
0 0.3743718592964824 0.7824909747292419 0.035175879396984924 0.04151624548736462
0 0.5041876046901173 0.796028880866426 0.04020100502512563 0.036101083032490974
0 0.5619765494137353 0.7211191335740073 0.038525963149078725 0.04512635379061372
0 0.6775544388609716 0.6850180505415162 0.038525963149078725 0.03790613718411552
0 0.8492462311557789 0.6498194945848376 0.03350083752093802 0.032490974729241874
0 0.2889447236180904 0.7906137184115524 0.038525963149078725 0.02888086642599278
0 0.23450586264656617 0.8023465703971119 0.023450586264656615 0.02707581227436823
0 0.2663316582914573 0.8231046931407943 0.03015075376884422 0.02527075812274368
0 0.2814070351758794 0.9007220216606499 0.02680067001675042 0.02888086642599278
0 0.35845896147403683 0.9485559566787004 0.03350083752093802 0.030685920577617327