0 0.12998071979434447 0.5104166666666666 0.05173521850899743 0.04224537037037037
0 0.13351542416452442 0.5491898148148148 0.04916452442159383 0.03125
0 0.17802056555269924 0.5303819444444444 0.04434447300771208 0.03761574074074074
0 0.24052056555269924 0.5491898148148148 0.03695372750642673 0.03530092592592592
0 0.19874678663239073 0.5902777777777778 0.03695372750642673 0.04224537037037037
0 0.1778598971722365 0.6247106481481481 0.039524421593830336 0.02662037037037037
0 0.20870822622107968 0.6422164351851852 0.03181233933161954 0.030960648148148147
0 0.230719794344473 0.6678240740740741 0.04177377892030849 0.04224537037037037
0 0.2935411311053985 0.5947627314814815 0.034383033419023136 0.033275462962962965
0 0.31217866323907456 0.6656539351851852 0.03695372750642673 0.033275462962962965
0 0.38962082262210795 0.6911168981481481 0.04916452442159383 0.035590277777777776
0 0.37483933161953725 0.7631655092592593 0.05430591259640103 0.04195601851851852
0 0.34286632390745503 0.8097511574074074 0.04434447300771208 0.033275462962962965
0 0.288560411311054 0.7853009259259259 0.02956298200514139 0.04224537037037037
0 0.2800449871465296 0.8263888888888888 0.02731362467866324 0.03125
0 0.3737146529562982 0.8739872685185185 0.056555269922879174 0.04195601851851852
0 0.4252892030848329 0.8275462962962963 0.046593830334190234 0.024305555555555556
0 0.43766066838046275 0.8518518518518519 0.061696658097686374 0.028935185185185185
0 0.4365359897172236 0.8939525462962963 0.04916452442159383 0.04195601851851852
0 0.4426413881748072 0.9250578703703703 0.05173521850899743 0.024305555555555556
0 0.49791131105398456 0.9205729166666666 0.02474293059125964 0.028645833333333332
0 0.5411311053984575 0.8984375 0.04177377892030849 0.04224537037037037
0 0.6100578406169666 0.8606770833333334 0.05173521850899743 0.04658564814814815
0 0.5089974293059126 0.4869791666666667 0.032133676092544985 0.02662037037037037
0 0.3280848329048843 0.7220775462962963 0.05912596401028278 0.044270833333333336