0 0.5984324104234527 0.46737132352941174 0.0372557003257329 0.0664828431372549
0 0.5603623778501629 0.45465686274509803 0.03888436482084691 0.05575980392156863
0 0.5350162866449512 0.6507352941176471 0.021986970684039087 0.030637254901960783
0 0.5248371335504886 0.7322303921568627 0.021986970684039087 0.03553921568627451
0 0.5646376221498371 0.6138174019607843 0.016897394136807818 0.043198529411764705
0 0.6305985342019544 0.7372855392156863 0.02015472312703583 0.045649509803921566
0 0.6017915309446255 0.7322303921568627 0.033794788273615636 0.0508578431372549
0 0.5578175895765473 0.7766544117647058 0.030537459283387622 0.03308823529411765
0 0.5866245928338762 0.7703737745098039 0.02015472312703583 0.030330882352941176
0 0.5638232899022801 0.8086703431372549 0.015268729641693811 0.040747549019607844
0 0.6965594462540716 0.7322303921568627 0.0372557003257329 0.04595588235294118
0 0.7320846905537459 0.7386642156862745 0.030537459283387622 0.03308823529411765
0 0.7084690553745928 0.7703737745098039 0.02035830618892508 0.035845588235294115
0 0.6933021172638436 0.7703737745098039 0.02707654723127036 0.045649509803921566
0 0.6771172638436482 0.7665441176470589 0.021986970684039087 0.06372549019607843
0 0.6551302931596091 0.8097426470588235 0.035423452768729644 0.04840686274509804
0 0.6001628664495114 0.8010110294117647 0.013436482084690555 0.020526960784313725
0 0.6077972312703583 0.8302696078431373 0.028705211726384364 0.03799019607843137
0 0.5917141693811075 0.8710171568627451 0.02707654723127036 0.028186274509803922
0 0.6466815960912052 0.8518688725490197 0.025447882736156353 0.05116421568627451
0 0.6356881107491856 0.8812806372549019 0.02015472312703583 0.02297794117647059
0 0.6458672638436482 0.8978247549019608 0.016897394136807818 0.040747549019607844
0 0.6686685667752443 0.8466605392156863 0.028705211726384364 0.040747549019607844
0 0.7050081433224755 0.8060661764705882 0.02035830618892508 0.030637254901960783