0 0.020833333333333332 0.5133333333333333 0.03833333333333333 0.057777777777777775
0 0.13083333333333333 0.5277777777777778 0.051666666666666666 0.06444444444444444
0 0.17583333333333334 0.46444444444444444 0.03833333333333333 0.07111111111111111
0 0.27 0.7911111111111111 0.06333333333333334 0.08444444444444445
0 0.17833333333333334 0.3611111111111111 0.056666666666666664 0.06888888888888889
0 0.24 0.32555555555555554 0.04 0.06444444444444444
0 0.27 0.36333333333333334 0.04666666666666667 0.05555555555555555
0 0.2775 0.4822222222222222 0.045 0.07111111111111111
0 0.3225 0.4255555555555556 0.035 0.04666666666666667
0 0.3441666666666667 0.4955555555555556 0.045 0.08444444444444445
0 0.3225 0.56 0.035 0.04888888888888889
0 0.3541666666666667 0.6111111111111112 0.055 0.05333333333333334
0 0.33166666666666667 0.6855555555555556 0.03333333333333333 0.06
0 0.4683333333333333 0.6544444444444445 0.06 0.05555555555555555
0 0.515 0.6811111111111111 0.03666666666666667 0.06
0 0.5608333333333333 0.65 0.04833333333333333 0.07333333333333333
0 0.4658333333333333 0.7366666666666667 0.051666666666666666 0.06444444444444444
0 0.54 0.7633333333333333 0.05333333333333334 0.05555555555555555
0 0.645 0.7055555555555556 0.04666666666666667 0.08222222222222222
0 0.76 0.7755555555555556 0.04666666666666667 0.06666666666666667
0 0.7133333333333334 0.8333333333333334 0.043333333333333335 0.04888888888888889
0 0.7741666666666667 0.8577777777777778 0.041666666666666664 0.06666666666666667
0 0.63 0.9333333333333333 0.06 0.08444444444444445
0 0.59 0.9222222222222223 0.03666666666666667 0.07111111111111111
0 0.54 0.84 0.04666666666666667 0.07555555555555556
0 0.6525 0.3844444444444444 0.018333333333333333 0.057777777777777775
0 0.6691666666666667 0.3977777777777778 0.03833333333333333 0.044444444444444446
0 0.7316666666666667 0.34444444444444444 0.043333333333333335 0.07555555555555556
0 0.8133333333333334 0.4488888888888889 0.04666666666666667 0.07111111111111111
0 0.7583333333333333 0.5144444444444445 0.05 0.06888888888888889
0 0.9708333333333333 0.4311111111111111 0.035 0.06666666666666667
0 0.945 0.23777777777777778 0.05 0.06222222222222222
0 0.9425 0.18333333333333332 0.06166666666666667 0.07777777777777778
0 0.9125 0.6611111111111111 0.051666666666666666 0.07777777777777778
0 0.6758333333333333 0.24555555555555555 0.011666666666666667 0.028888888888888888
0 0.6591666666666667 0.22666666666666666 0.035 0.07111111111111111
0 0.4741666666666667 0.31333333333333335 0.041666666666666664 0.05333333333333334
0 0.5541666666666667 0.41555555555555557 0.055 0.06222222222222222
0 0.5366666666666666 0.33 0.02666666666666667 0.051111111111111114
0 0.5791666666666667 0.5266666666666666 0.055 0.04888888888888889
0 0.29333333333333333 0.2011111111111111 0.05 0.09111111111111111
0 0.4666666666666667 0.20333333333333334 0.05 0.06
0 0.7941666666666667 0.08333333333333333 0.018333333333333333 0.03777777777777778
0 0.7866666666666666 0.2111111111111111 0.03333333333333333 0.08444444444444445
0 0.31666666666666665 0.9588888888888889 0.06333333333333334 0.06444444444444444
0 0.4216666666666667 0.8822222222222222 0.05333333333333334 0.06666666666666667
0 0.125 0.3244444444444444 0.056666666666666664 0.08
0 0.2425 0.5488888888888889 0.065 0.10222222222222223
0 0.38083333333333336 0.27666666666666667 0.058333333333333334 0.08222222222222222
0 0.23916666666666667 0.18888888888888888 0.04833333333333333 0.08888888888888889
0 0.5083333333333333 0.04111111111111111 0.1 0.07333333333333333
0 0.5508333333333333 0.12111111111111111 0.055 0.07333333333333333
0 0.6291666666666667 0.04 0.06166666666666667 0.07555555555555556
0 0.5783333333333334 0.23666666666666666 0.05 0.08222222222222222
0 0.6141666666666666 0.4111111111111111 0.025 0.06222222222222222
0 0.8225 0.36333333333333334 0.06166666666666667 0.06
0 0.6941666666666667 0.5088888888888888 0.03166666666666667 0.05333333333333334