0 0.7737789203084833 0.34186921296296297 0.03470437017994859 0.04195601851851852
0 0.8081619537275064 0.34968171296296297 0.05912596401028278 0.06221064814814815
0 0.8452763496143959 0.37514467592592593 0.05430591259640103 0.051215277777777776
0 0.8844794344473008 0.4039351851851852 0.034383033419023136 0.04224537037037037
0 0.842866323907455 0.44603587962962965 0.04434447300771208 0.04658564814814815
0 0.8674485861182519 0.4816261574074074 0.02474293059125964 0.04658564814814815
0 0.9301092544987146 0.5104166666666666 0.03695372750642673 0.06886574074074074
0 0.868573264781491 0.5292245370370371 0.04691516709511568 0.04861111111111111
0 0.853952442159383 0.7220775462962963 0.06651670951156813 0.044270833333333336
0 0.8957262210796915 0.7553530092592593 0.03695372750642673 0.044270833333333336
0 0.7207583547557841 0.7753182870370371 0.056555269922879174 0.030960648148148147
0 0.6838046272493573 0.7222222222222222 0.056555269922879174 0.05324074074074074
0 0.6802699228791774 0.31640625 0.03920308483290488 0.048900462962962965
0 0.9276992287917738 0.5914351851851852 0.061696658097686374 0.06655092592592593
0 0.5226542416452442 0.7630208333333334 0.040809768637532134 0.028935185185185185
0 0.5840295629820051 0.9464699074074074 0.03759640102827763 0.02488425925925926
0 0.5658740359897172 0.9694733796296297 0.038560411311053984 0.030960648148148147
0 0.6532776349614395 0.7763310185185185 0.027634961439588688 0.03009259259259259
0 0.877892030848329 0.6332465277777778 0.03984575835475578 0.0390625
0 0.5294023136246787 0.9664351851851852 0.02988431876606684 0.03298611111111111
0 0.8084832904884319 0.7838541666666666 0.04755784061696658 0.03877314814814815