0 0.3313953488372093 0.18311036789297658 0.06395348837209303 0.03511705685618729
0 0.5348837209302325 0.05434782608695652 0.05813953488372093 0.03511705685618729
0 0.623546511627907 0.09782608695652174 0.061046511627906974 0.028428093645484948
0 0.6075581395348837 0.12207357859531773 0.05232558139534884 0.033444816053511704
0 0.7020348837209303 0.15468227424749165 0.07267441860465117 0.028428093645484948
0 0.6322674418604651 0.18478260869565216 0.10174418604651163 0.038461538461538464
0 0.815406976744186 0.13377926421404682 0.055232558139534885 0.026755852842809364
0 0.8168604651162791 0.16387959866220736 0.06395348837209303 0.043478260869565216
0 0.8938953488372093 0.18561872909698995 0.06686046511627906 0.03678929765886288
0 0.8822674418604651 0.25501672240802675 0.07267441860465117 0.04180602006688963
0 0.9084302325581395 0.28929765886287623 0.07848837209302326 0.04013377926421405
0 0.9651162790697675 0.23662207357859533 0.05813953488372093 0.04180602006688963
0 0.7267441860465116 0.43394648829431437 0.06395348837209303 0.05518394648829431
0 0.8066860465116279 0.41387959866220736 0.07267441860465117 0.028428093645484948
0 0.9563953488372093 0.3737458193979933 0.040697674418604654 0.048494983277591976
0 0.9375 0.451505016722408 0.06686046511627906 0.046822742474916385
0 0.9156976744186046 0.4908026755852843 0.06395348837209303 0.03511705685618729
0 0.8270348837209303 0.4774247491638796 0.061046511627906974 0.03511705685618729
0 0.7441860465116279 0.47324414715719065 0.06395348837209303 0.04013377926421405
0 0.7151162790697675 0.5292642140468228 0.06976744186046512 0.038461538461538464
0 0.7921511627906976 0.5158862876254181 0.0377906976744186 0.04180602006688963
0 0.7950581395348837 0.5484949832775919 0.07267441860465117 0.03678929765886288
0 0.7645348837209303 0.580267558528428 0.05813953488372093 0.05016722408026756
0 0.8473837209302325 0.5919732441471572 0.08430232558139535 0.046822742474916385
0 0.9302325581395349 0.5518394648829431 0.046511627906976744 0.033444816053511704
0 0.7659883720930233 0.6847826086956522 0.08430232558139535 0.028428093645484948
0 0.6991279069767442 0.6956521739130435 0.07267441860465117 0.046822742474916385
0 0.688953488372093 0.6195652173913043 0.046511627906976744 0.048494983277591976
0 0.7063953488372093 0.8127090301003345 0.0872093023255814 0.04013377926421405
0 0.5843023255813954 0.8411371237458194 0.06395348837209303 0.03678929765886288
0 0.5305232558139535 0.5384615384615384 0.06686046511627906 0.033444816053511704
0 0.5537790697674418 0.5978260869565217 0.07848837209302326 0.05518394648829431
0 0.6002906976744186 0.5827759197324415 0.061046511627906974 0.02508361204013378
0 0.6119186046511628 0.7558528428093646 0.08430232558139535 0.046822742474916385
0 0.7979651162790697 0.2817725752508361 0.06686046511627906 0.048494983277591976