0 0.7294344473007712 0.5014467592592593 0.03920308483290488 0.028935185185185185
0 0.821818766066838 0.4095775462962963 0.03181233933161954 0.044270833333333336
0 0.29482647814910024 0.8352141203703703 0.012532133676092546 0.039641203703703706
0 0.3231041131105398 0.8485243055555556 0.02474293059125964 0.044270833333333336
0 0.38962082262210795 0.8308738425925926 0.02474293059125964 0.030960648148148147
0 0.40568766066838047 0.9184027777777778 0.046593830334190234 0.03761574074074074
0 0.4746143958868895 0.8496817129629629 0.04177377892030849 0.04658564814814815
0 0.3157133676092545 0.6733217592592593 0.04916452442159383 0.04456018518518518
0 0.35266709511568123 0.3728298611111111 0.034383033419023136 0.04658564814814815
0 0.35395244215938304 0.32740162037037035 0.02731362467866324 0.044270833333333336
0 0.39090616966580977 0.3129340277777778 0.046593830334190234 0.04658564814814815
0 0.4413560411311054 0.26750578703703703 0.039524421593830336 0.01765046296296296
0 0.41789845758354754 0.2265625 0.05173521850899743 0.04224537037037037
0 0.33917095115681234 0.2310474537037037 0.046593830334190234 0.033275462962962965
0 0.3133033419023136 0.26316550925925924 0.05912596401028278 0.035590277777777776
0 0.5804948586118251 0.08796296296296297 0.04209511568123393 0.04456018518518518
0 0.846401028277635 0.44719328703703703 0.04177377892030849 0.026331018518518517