0 0.41810344827586204 0.2043103448275862 0.0706896551724138 0.06724137931034482
0 0.44224137931034485 0.24482758620689654 0.04310344827586207 0.04827586206896552
0 0.4810344827586207 0.2706896551724138 0.034482758620689655 0.03103448275862069
0 0.571551724137931 0.30689655172413793 0.0603448275862069 0.034482758620689655
0 0.6456896551724138 0.20775862068965517 0.06724137931034482 0.07413793103448275
0 0.7327586206896551 0.11982758620689656 0.06206896551724138 0.0603448275862069
0 0.5094827586206897 0.3586206896551724 0.0603448275862069 0.02413793103448276
0 0.4939655172413793 0.3956896551724138 0.04310344827586207 0.05
0 0.5448275862068965 0.39482758620689656 0.06206896551724138 0.05517241379310345
0 0.603448275862069 0.4413793103448276 0.06206896551724138 0.05517241379310345
0 0.39482758620689656 0.43189655172413793 0.05172413793103448 0.04655172413793104
0 0.4586206896551724 0.45689655172413796 0.05517241379310345 0.05172413793103448
0 0.43017241379310345 0.5448275862068965 0.04310344827586207 0.05517241379310345
0 0.5163793103448275 0.6474137931034483 0.032758620689655175 0.032758620689655175
0 0.5827586206896552 0.6068965517241379 0.08620689655172414 0.08620689655172414
0 0.6758620689655173 0.44396551724137934 0.034482758620689655 0.039655172413793106
0 0.6663793103448276 0.3594827586206897 0.03620689655172414 0.05344827586206897
0 0.39482758620689656 0.8706896551724138 0.06206896551724138 0.05517241379310345
0 0.4232758620689655 0.9215517241379311 0.029310344827586206 0.0603448275862069
0 0.4732758620689655 0.8224137931034483 0.05 0.034482758620689655
0 0.5310344827586206 0.8543103448275862 0.05862068965517241 0.056896551724137934
0 0.5551724137931034 0.7155172413793104 0.034482758620689655 0.041379310344827586
0 0.5896551724137931 0.6922413793103448 0.034482758620689655 0.056896551724137934
0 0.6112068965517241 0.8008620689655173 0.039655172413793106 0.03620689655172414
0 0.6810344827586207 0.7112068965517241 0.06896551724137931 0.0603448275862069
0 0.6232758620689656 0.7155172413793104 0.032758620689655175 0.041379310344827586
0 0.8206896551724138 0.6637931034482759 0.06896551724137931 0.04827586206896552
0 0.47586206896551725 0.7137931034482758 0.04827586206896552 0.05172413793103448
0 0.5775862068965517 0.4956896551724138 0.06551724137931035 0.056896551724137934
0 0.5060344827586207 0.5043103448275862 0.056896551724137934 0.05344827586206897
0 0.33448275862068966 0.5051724137931034 0.05517241379310345 0.06551724137931035
0 0.6396551724137931 0.2913793103448276 0.06206896551724138 0.05172413793103448
0 0.7258620689655172 0.3120689655172414 0.08275862068965517 0.06206896551724138
0 0.7517241379310344 0.24482758620689654 0.05517241379310345 0.07241379310344828
0 0.725 0.16810344827586207 0.08103448275862069 0.08793103448275862