0 0.5492753623188406 0.3403846153846154 0.04057971014492753 0.03461538461538462
0 0.5079710144927536 0.27115384615384613 0.04782608695652174 0.057692307692307696
0 0.5746376811594203 0.14423076923076922 0.030434782608695653 0.03076923076923077
0 0.4398550724637681 0.12692307692307692 0.042028985507246375 0.046153846153846156
0 0.41956521739130437 0.26826923076923076 0.030434782608695653 0.04038461538461539
0 0.48768115942028983 0.4 0.0536231884057971 0.06538461538461539
0 0.44855072463768114 0.42788461538461536 0.050724637681159424 0.06346153846153846
0 0.40942028985507245 0.4548076923076923 0.036231884057971016 0.05961538461538462
0 0.5456521739130434 0.525 0.059420289855072465 0.08076923076923077
0 0.42028985507246375 0.5634615384615385 0.04057971014492753 0.04230769230769231
0 0.5079710144927536 0.5807692307692308 0.036231884057971016 0.07307692307692308
0 0.3717391304347826 0.5067307692307692 0.030434782608695653 0.051923076923076926
0 0.3355072463768116 0.35192307692307695 0.03333333333333333 0.05384615384615385
0 0.22318840579710145 0.32211538461538464 0.05217391304347826 0.05961538461538462
0 0.33768115942028987 0.19038461538461537 0.04927536231884058 0.08076923076923077
0 0.23623188405797102 0.2201923076923077 0.0463768115942029 0.051923076923076926
0 0.3318840579710145 0.614423076923077 0.057971014492753624 0.0673076923076923
0 0.14565217391304347 0.3663461538461538 0.04782608695652174 0.0673076923076923
0 0.2927536231884058 0.4288461538461538 0.034782608695652174 0.06538461538461539
0 0.2514492753623188 0.5028846153846154 0.050724637681159424 0.06346153846153846
0 0.19130434782608696 0.5086538461538461 0.03768115942028986 0.04038461538461539
0 0.2746376811594203 0.34615384615384615 0.030434782608695653 0.05384615384615385
0 0.45362318840579713 0.3423076923076923 0.04927536231884058 0.057692307692307696
0 0.377536231884058 0.3817307692307692 0.04782608695652174 0.051923076923076926
0 0.4608695652173913 0.5163461538461539 0.043478260869565216 0.05576923076923077
0 0.65 0.49423076923076925 0.03333333333333333 0.05384615384615385
0 0.6115942028985507 0.49615384615384617 0.03768115942028986 0.038461538461538464
0 0.7065217391304348 0.5894230769230769 0.030434782608695653 0.04807692307692308
0 0.6318840579710145 0.6057692307692307 0.043478260869565216 0.05384615384615385
0 0.5847826086956521 0.6211538461538462 0.030434782608695653 0.06538461538461539
0 0.45942028985507244 0.6019230769230769 0.03188405797101449 0.03076923076923077
0 0.563768115942029 0.6798076923076923 0.03768115942028986 0.04038461538461539
0 0.3804347826086957 0.6269230769230769 0.04492753623188406 0.05384615384615385
0 0.22318840579710145 0.5875 0.05507246376811594 0.0673076923076923
0 0.1927536231884058 0.3894230769230769 0.034782608695652174 0.06346153846153846
0 0.2891304347826087 0.2375 0.06521739130434782 0.03653846153846154
0 0.27318840579710146 0.275 0.050724637681159424 0.06153846153846154
0 0.3804347826086957 0.28365384615384615 0.036231884057971016 0.06346153846153846
0 0.39420289855072466 0.19038461538461537 0.0463768115942029 0.05
0 0.35579710144927534 0.13365384615384615 0.036231884057971016 0.04423076923076923
0 0.27391304347826084 0.1375 0.06666666666666667 0.06346153846153846
0 0.44710144927536233 0.07211538461538461 0.04782608695652174 0.05961538461538462
0 0.5340579710144927 0.11538461538461539 0.06521739130434782 0.046153846153846156
0 0.1471014492753623 0.2076923076923077 0.030434782608695653 0.026923076923076925
0 0.14420289855072463 0.2846153846153846 0.050724637681159424 0.06538461538461539
0 0.09782608695652174 0.16826923076923078 0.07391304347826087 0.08269230769230769
0 0.14492753623188406 0.10961538461538461 0.05217391304347826 0.05384615384615385
0 0.5217391304347826 0.44519230769230766 0.03768115942028986 0.04807692307692308
0 0.5057971014492754 0.6480769230769231 0.0463768115942029 0.05
0 0.4449275362318841 0.6798076923076923 0.04927536231884058 0.05961538461538462
0 0.6369565217391304 0.6855769230769231 0.04492753623188406 0.04423076923076923
0 0.7014492753623188 0.6567307692307692 0.04927536231884058 0.03653846153846154
0 0.4666666666666667 0.1875 0.043478260869565216 0.03653846153846154
0 0.5036231884057971 0.21153846153846154 0.036231884057971016 0.046153846153846156
0 0.7 0.22692307692307692 0.028985507246376812 0.03461538461538462
0 0.6456521739130435 0.2865384615384615 0.042028985507246375 0.05384615384615385
0 0.5891304347826087 0.4394230769230769 0.036231884057971016 0.04807692307692308
0 0.14130434782608695 0.4480769230769231 0.036231884057971016 0.05
0 0.23768115942028986 0.39903846153846156 0.04927536231884058 0.051923076923076926
0 0.08768115942028985 0.07884615384615384 0.042028985507246375 0.05384615384615385
0 0.3463768115942029 0.4480769230769231 0.04057971014492753 0.06153846153846154
0 0.31231884057971016 0.5442307692307692 0.04782608695652174 0.06153846153846154
0 0.336231884057971 0.6942307692307692 0.05217391304347826 0.057692307692307696
0 0.2898550724637681 0.6855769230769231 0.0463768115942029 0.06346153846153846
0 0.0644927536231884 0.020192307692307693 0.02463768115942029 0.04038461538461539