0 0.5538599640933572 0.5362976406533575 0.03770197486535009 0.045372050816696916
0 0.47666068222621183 0.5925589836660617 0.04129263913824058 0.030852994555353903
0 0.507181328545781 0.5381125226860254 0.04488330341113106 0.04900181488203267
0 0.49461400359066426 0.4954627949183303 0.06283662477558348 0.0544464609800363
0 0.39587073608617596 0.7105263157894737 0.03770197486535009 0.045372050816696916
0 0.6140035906642729 0.5834845735027223 0.05745062836624776 0.04900181488203267
0 0.4865350089766607 0.6588021778584392 0.02154398563734291 0.043557168784029036
0 0.5233393177737882 0.6406533575317604 0.03052064631956912 0.029038112522686024
0 0.5816876122082585 0.6261343012704175 0.05026929982046679 0.0544464609800363
0 0.7100538599640933 0.690562613430127 0.04488330341113106 0.05989110707803993
0 0.7073608617594255 0.76497277676951 0.02154398563734291 0.016333938294010888
0 0.6804308797127468 0.7495462794918331 0.02872531418312388 0.06170598911070781
0 0.729802513464991 0.8793103448275862 0.04488330341113106 0.05989110707803993
0 0.604129263913824 0.9047186932849365 0.05565529622980251 0.05989110707803993
0 0.6095152603231598 0.8366606170598911 0.04847396768402154 0.047186932849364795
0 0.5511669658886894 0.7386569872958257 0.03231597845601436 0.039927404718693285
0 0.5843806104129264 0.6833030852994555 0.05565529622980251 0.04900181488203267
0 0.5951526032315978 0.7404718693284936 0.05206463195691203 0.032667876588021776
0 0.5035906642728905 0.7268602540834845 0.03052064631956912 0.034482758620689655
0 0.466786355475763 0.721415607985481 0.05745062836624776 0.034482758620689655
0 0.5547576301615799 0.8466424682395645 0.05745062836624776 0.05263157894736842
0 0.6166965888689407 0.3793103448275862 0.03052064631956912 0.050816696914700546
0 0.5673249551166966 0.3938294010889292 0.05026929982046679 0.029038112522686024
0 0.7342908438061041 0.3076225045372051 0.04308797127468582 0.038112522686025406
0 0.6795332136445242 0.5862068965517241 0.03411131059245961 0.039927404718693285
0 0.6418312387791741 0.6451905626134301 0.04847396768402154 0.041742286751361164
0 0.6050269299820467 0.515426497277677 0.03590664272890485 0.021778584392014518
0 0.533213644524237 0.4455535390199637 0.0466786355475763 0.041742286751361164
0 0.466786355475763 0.8067150635208712 0.05385996409335727 0.045372050816696916
0 0.5161579892280072 0.7803992740471869 0.03770197486535009 0.032667876588021776
0 0.5870736086175943 0.7731397459165155 0.04308797127468582 0.029038112522686024
0 0.5969479353680431 0.8103448275862069 0.04129263913824058 0.030852994555353903
0 0.6310592459605027 0.7903811252268602 0.04847396768402154 0.030852994555353903
0 0.6463195691202872 0.7667876588021778 0.04308797127468582 0.034482758620689655
0 0.670556552962298 0.8076225045372051 0.04847396768402154 0.021778584392014518
0 0.6588868940754039 0.8493647912885662 0.02872531418312388 0.039927404718693285
0 0.6903052064631957 0.8421052631578947 0.04488330341113106 0.043557168784029036
0 0.8105924596050269 0.7150635208711433 0.03770197486535009 0.043557168784029036
0 0.6723518850987432 0.9092558983666061 0.03411131059245961 0.025408348457350273
0 0.6508078994614004 0.9283121597096189 0.02333931777378815 0.02722323049001815
0 0.42998204667863554 0.5662431941923775 0.026929982046678635 0.036297640653357534
0 0.38240574506283664 0.6297640653357531 0.02872531418312388 0.029038112522686024
0 0.6508078994614004 0.5199637023593466 0.03052064631956912 0.030852994555353903
0 0.5691202872531418 0.47549909255898365 0.02872531418312388 0.021778584392014518
0 0.5385996409335727 0.48729582577132485 0.03231597845601436 0.030852994555353903
0 0.46858168761220825 0.5644283121597096 0.03590664272890485 0.021778584392014518
0 0.43447037701974867 0.5235934664246824 0.03590664272890485 0.034482758620689655
0 0.696588868940754 0.41560798548094374 0.03949730700179533 0.032667876588021776
0 0.5341113105924596 0.6805807622504537 0.03411131059245961 0.047186932849364795
0 0.466786355475763 0.6252268602540835 0.03949730700179533 0.034482758620689655
0 0.5305206463195691 0.588929219600726 0.04847396768402154 0.05263157894736842
0 0.5906642728904847 0.4945553539019964 0.02872531418312388 0.034482758620689655
0 0.5771992818671454 0.42558983666061706 0.03052064631956912 0.030852994555353903
0 0.7100538599640933 0.3765880217785844 0.03411131059245961 0.030852994555353903
0 0.651705565529623 0.33030852994555354 0.02872531418312388 0.032667876588021776
0 0.718132854578097 0.6261343012704175 0.02154398563734291 0.025408348457350273
0 0.7360861759425493 0.6197822141560798 0.02872531418312388 0.034482758620689655
0 0.7073608617594255 0.573502722323049 0.03231597845601436 0.032667876588021776
0 0.7127468581687613 0.5989110707803993 0.02872531418312388 0.025408348457350273
0 0.6543985637342908 0.7295825771324864 0.02333931777378815 0.032667876588021776
0 0.6418312387791741 0.7105263157894737 0.026929982046678635 0.02722323049001815
0 0.4649910233393178 0.6814882032667876 0.03590664272890485 0.038112522686025406
0 0.751346499102334 0.6542649727767695 0.03770197486535009 0.038112522686025406
0 0.8842010771992819 0.5898366606170599 0.03770197486535009 0.047186932849364795
0 0.8348294434470377 0.6179673321234119 0.06822262118491922 0.041742286751361164