0 0.4064535830618892 0.6239276960784313 0.018526058631921825 0.03829656862745098
0 0.402992671009772 0.6723345588235294 0.03888436482084691 0.043198529411764705
0 0.4208061889250814 0.6979166666666666 0.033794788273615636 0.03308823529411765
0 0.4106270358306189 0.7359068627450981 0.02035830618892508 0.03308823529411765
0 0.402178338762215 0.7945772058823529 0.03033387622149837 0.03829656862745098
0 0.43943403908794787 0.6519607843137255 0.023819218241042345 0.03799019607843137
0 0.4655944625407166 0.6749387254901961 0.021986970684039087 0.03308823529411765
0 0.5003053745928339 0.6672794117647058 0.03399837133550489 0.04840686274509804
0 0.47577361563517917 0.7284007352941176 0.03216612377850163 0.03829656862745098
0 0.5095684039087948 0.7794117647058824 0.021986970684039087 0.03308823529411765
0 0.6009771986970684 0.8595281862745098 0.03216612377850163 0.035845588235294115
0 0.6095276872964169 0.905484068627451 0.03216612377850163 0.040747549019607844
0 0.37673045602605865 0.5845588235294118 0.0372557003257329 0.0508578431372549
0 0.3811074918566775 0.6303615196078431 0.04234527687296417 0.040747549019607844