0 0.5976863753213367 0.12022569444444445 0.04177377892030849 0.033275462962962965
0 0.6630784061696658 0.07132523148148148 0.06394601542416452 0.04658564814814815
0 0.3454370179948586 0.6488715277777778 0.07390745501285347 0.05758101851851852
0 0.4019922879177378 0.3328993055555556 0.04434447300771208 0.033275462962962965
0 0.41661311053984573 0.6245659722222222 0.06394601542416452 0.048900462962962965
0 0.36134318766066836 0.5724826388888888 0.05687660668380463 0.051215277777777776
0 0.45726221079691515 0.6854745370370371 0.017352185089974295 0.015625
0 0.43026992287917737 0.6843171296296297 0.032133676092544985 0.02662037037037037
0 0.44617609254498714 0.7387152777777778 0.04916452442159383 0.05092592592592592
0 0.4709190231362468 0.8330439814814815 0.034383033419023136 0.02662037037037037
0 0.46609897172236503 0.8673321759259259 0.04916452442159383 0.028645833333333332
0 0.49421593830334193 0.6811342592592593 0.04691516709511568 0.04224537037037037
0 0.5509318766066839 0.7055844907407407 0.046593830334190234 0.04658564814814815
0 0.5841902313624678 0.6568287037037037 0.05398457583547558 0.03761574074074074
0 0.5866002570694088 0.7475405092592593 0.05430591259640103 0.04658564814814815
0 0.5509318766066839 0.6433738425925926 0.05173521850899743 0.04658564814814815
0 0.777474293059126 0.31741898148148145 0.046593830334190234 0.05092592592592592
0 0.7763496143958869 0.22554976851851852 0.04434447300771208 0.048900462962962965
0 0.39845758354755784 0.9370659722222222 0.05205655526992288 0.037905092592592594
0 0.3369215938303342 0.6072048611111112 0.04209511568123393 0.04079861111111111
0 0.5020886889460154 0.7294560185185185 0.057519280205655526 0.045717592592592594