0 0.29659090909090907 0.6652470187393527 0.038636363636363635 0.04258943781942078
0 0.4329545454545455 0.6626916524701874 0.05227272727272727 0.03747870528109029
0 0.5306818181818181 0.6388415672913118 0.056818181818181816 0.05792163543441227
0 0.5772727272727273 0.7146507666098807 0.04090909090909091 0.02555366269165247
0 0.6 0.6362862010221465 0.022727272727272728 0.04599659284497445
0 0.6329545454545454 0.676320272572402 0.029545454545454545 0.03747870528109029
0 0.4238636363636364 0.706984667802385 0.04318181818181818 0.027257240204429302
0 0.42159090909090907 0.7359454855195912 0.056818181818181816 0.034071550255536626
0 0.4772727272727273 0.7555366269165247 0.07272727272727272 0.056218057921635436
0 0.3431818181818182 0.6899488926746167 0.08181818181818182 0.044293015332197615
0 0.37613636363636366 0.6465076660988075 0.056818181818181816 0.039182282793867124
0 0.42727272727272725 0.6243611584327087 0.05454545454545454 0.04258943781942078
0 0.32727272727272727 0.8679727427597955 0.09090909090909091 0.05281090289608177
0 0.29659090909090907 0.20357751277683134 0.056818181818181816 0.04258943781942078
0 0.30568181818181817 0.14480408858603067 0.06136363636363636 0.07495741056218058
0 0.26590909090909093 0.07325383304940375 0.05909090909090909 0.054514480408858604
0 0.5397727272727273 0.23850085178875638 0.07954545454545454 0.05792163543441227
0 0.5852272727272727 0.3040885860306644 0.09318181818181819 0.08006814310051108
0 0.2556818181818182 0.47189097103918226 0.04772727272727273 0.034071550255536626
0 0.43977272727272726 0.8373083475298126 0.04318181818181818 0.03577512776831346
0 0.4636363636363636 0.8126064735945485 0.05909090909090909 0.03747870528109029