0 0.5020254629629629 0.4053819444444444 0.013695987654320988 0.027777777777777776
0 0.5104166666666666 0.37745949074074076 0.016975308641975308 0.02806712962962963
0 0.5223765432098766 0.37601273148148145 0.013503086419753086 0.035590277777777776
0 0.4808063271604938 0.4852430555555556 0.028742283950617283 0.03530092592592592
0 0.49691358024691357 0.49797453703703703 0.016975308641975308 0.03530092592592592
0 0.5080054012345679 0.5422453703703703 0.015239197530864198 0.01273148148148148
0 0.521508487654321 0.5512152777777778 0.015239197530864198 0.030671296296296297
0 0.5045331790123457 0.5714699074074074 0.025270061728395063 0.02546296296296296
0 0.5105131172839507 0.5868055555555556 0.023726851851851853 0.02025462962962963
0 0.4774305555555556 0.5577256944444444 0.02199074074074074 0.022858796296296297
0 0.49440586419753085 0.6057581018518519 0.02199074074074074 0.02806712962962963
0 0.48929398148148145 0.6299189814814815 0.025270061728395063 0.04050925925925926
0 0.5172646604938271 0.6070601851851852 0.03375771604938271 0.045717592592592594
0 0.49691358024691357 0.6640625 0.02700617283950617 0.03298611111111111
0 0.4825424382716049 0.6744791666666666 0.01871141975308642 0.03298611111111111
0 0.46141975308641975 0.6287615740740741 0.02700617283950617 0.03298611111111111
0 0.35985725308641975 0.6820023148148148 0.023726851851851853 0.03819444444444445
0 0.39544753086419754 0.6640625 0.02700617283950617 0.03298611111111111
0 0.4241898148148148 0.7035590277777778 0.033950617283950615 0.035590277777777776
0 0.42843364197530864 0.6578414351851852 0.03202160493827161 0.04542824074074074
0 0.45804398148148145 0.6655092592592593 0.027199074074074073 0.02025462962962963
0 0.4529320987654321 0.6895254629629629 0.02353395061728395 0.007523148148148148
0 0.5247878086419753 0.5017361111111112 0.028742283950617283 0.027777777777777776
0 0.5434027777777778 0.5334201388888888 0.02199074074074074 0.035590277777777776
0 0.46228780864197533 0.5232928240740741 0.01871141975308642 0.035590277777777776
0 0.4826388888888889 0.5221354166666666 0.02199074074074074 0.04311342592592592
0 0.45804398148148145 0.5894097222222222 0.023726851851851853 0.02025462962962963
0 0.4757908950617284 0.28226273148148145 0.022183641975308643 0.055844907407407406
0 0.5460069444444444 0.4620949074074074 0.014467592592592593 0.023148148148148147
0 0.5314429012345679 0.41898148148148145 0.016589506172839507 0.018518518518518517
0 0.43103780864197533 0.49623842592592593 0.02179783950617284 0.024305555555555556
0 0.4019097222222222 0.5791377314814815 0.01716820987654321 0.01765046296296296
0 0.3898533950617284 0.5682870370370371 0.016589506172839507 0.020833333333333332
0 0.40596064814814814 0.6941550925925926 0.014853395061728395 0.017939814814814815
0 0.3888888888888889 0.7054398148148148 0.015817901234567902 0.013888888888888888
0 0.388695987654321 0.6927083333333334 0.016203703703703703 0.013888888888888888
0 0.4241898148148148 0.3667534722222222 0.016975308641975308 0.026909722222222224
0 0.41541280864197533 0.24204282407407407 0.014467592592592593 0.01707175925925926
0 0.4356674382716049 0.25462962962962965 0.014467592592592593 0.015625
0 0.49594907407407407 0.3650173611111111 0.013117283950617283 0.02228009259259259
0 0.49344135802469136 0.38599537037037035 0.015432098765432098 0.019675925925925927
0 0.5346257716049383 0.484375 0.014467592592592593 0.017939814814814815
0 0.46498842592592593 0.6925636574074074 0.010223765432098766 0.01707175925925926
0 0.4877507716049383 0.6938657407407407 0.030285493827160493 0.018518518518518517
0 0.3726851851851852 0.6977719907407407 0.013888888888888888 0.021122685185185185
0 0.42197145061728397 0.5721932870370371 0.011766975308641976 0.018229166666666668
0 0.37008101851851855 0.32132523148148145 0.014853395061728395 0.020543981481481483
0 0.35127314814814814 0.3978587962962963 0.016589506172839507 0.02488425925925926
0 0.37451774691358025 0.38382523148148145 0.01408179012345679 0.022858796296296297
0 0.5127314814814815 0.39814814814814814 0.01273148148148148 0.024305555555555556
0 0.48649691358024694 0.5794270833333334 0.016203703703703703 0.0234375
0 0.48061342592592593 0.6057581018518519 0.017554012345679014 0.027488425925925927