0 0.5029411764705882 0.23648648648648649 0.11176470588235295 0.0472972972972973
0 0.538235294117647 0.2685810810810811 0.07647058823529412 0.030405405405405407
0 0.6029411764705882 0.28040540540540543 0.07647058823529412 0.05405405405405406
0 0.6 0.32263513513513514 0.09411764705882353 0.057432432432432436
0 0.4676470588235294 0.3885135135135135 0.08823529411764706 0.033783783783783786
0 0.6088235294117647 0.3935810810810811 0.11176470588235295 0.057432432432432436
0 0.7558823529411764 0.43243243243243246 0.07647058823529412 0.0472972972972973
0 0.6205882352941177 0.4375 0.08823529411764706 0.030405405405405407
0 0.5 0.42736486486486486 0.08235294117647059 0.057432432432432436
0 0.43823529411764706 0.4510135135135135 0.08823529411764706 0.030405405405405407
0 0.5588235294117647 0.47128378378378377 0.08235294117647059 0.04391891891891892
0 0.6264705882352941 0.5135135135135135 0.08823529411764706 0.0472972972972973
0 0.2647058823529412 0.40709459459459457 0.09411764705882353 0.030405405405405407
0 0.18529411764705883 0.4594594594594595 0.1 0.05405405405405406
0 0.27647058823529413 0.46114864864864863 0.08235294117647059 0.05067567567567568
0 0.2735294117647059 0.49324324324324326 0.08823529411764706 0.02702702702702703
0 0.21176470588235294 0.5202702702702703 0.10588235294117647 0.0472972972972973
0 0.38529411764705884 0.47635135135135137 0.07647058823529412 0.0472972972972973
0 0.38235294117647056 0.5202702702702703 0.058823529411764705 0.04054054054054054
0 0.3411764705882353 0.5422297297297297 0.09411764705882353 0.05067567567567568
0 0.37941176470588234 0.5827702702702703 0.1 0.04391891891891892
0 0.31176470588235294 0.5996621621621622 0.047058823529411764 0.030405405405405407
0 0.1676470588235294 0.6655405405405406 0.07647058823529412 0.05405405405405406
0 0.2323529411764706 0.6739864864864865 0.07647058823529412 0.057432432432432436
0 0.29411764705882354 0.6672297297297297 0.07058823529411765 0.037162162162162164
0 0.3941176470588235 0.6537162162162162 0.08235294117647059 0.05067567567567568
0 0.4470588235294118 0.5371621621621622 0.058823529411764705 0.0472972972972973
0 0.5529411764705883 0.5202702702702703 0.058823529411764705 0.0472972972972973
0 0.4147058823529412 0.7516891891891891 0.13529411764705881 0.05067567567567568
0 0.19705882352941176 0.7956081081081081 0.13529411764705881 0.0777027027027027
0 0.7205882352941176 0.5793918918918919 0.07647058823529412 0.04391891891891892
0 0.7558823529411764 0.6097972972972973 0.11176470588235295 0.05067567567567568
0 0.5970588235294118 0.731418918918919 0.12352941176470589 0.05067567567567568
0 0.5470588235294118 0.6385135135135135 0.10588235294117647 0.0472972972972973
0 0.2529411764705882 0.5996621621621622 0.12941176470588237 0.057432432432432436
0 0.75 0.6570945945945946 0.12352941176470589 0.030405405405405407
0 0.7470588235294118 0.7111486486486487 0.11764705882352941 0.057432432432432436
0 0.11176470588235295 0.8868243243243243 0.07058823529411765 0.037162162162162164
0 0.11470588235294117 0.5608108108108109 0.07647058823529412 0.04054054054054054
0 0.4470588235294118 0.6824324324324325 0.07058823529411765 0.02702702702702703
0 0.3205882352941177 0.7668918918918919 0.06470588235294118 0.04054054054054054
0 0.2911764705882353 0.7989864864864865 0.1 0.04391891891891892
0 0.34411764705882353 0.8260135135135135 0.08823529411764706 0.037162162162162164
0 0.24411764705882352 0.856418918918919 0.07647058823529412 0.037162162162162164
0 0.6441176470588236 0.6672297297297297 0.06470588235294118 0.04391891891891892
0 0.6176470588235294 0.6452702702702703 0.07058823529411765 0.0472972972972973
0 0.4588235294117647 0.48817567567567566 0.08235294117647059 0.04391891891891892
0 0.6970588235294117 0.5 0.06470588235294118 0.04054054054054054
0 0.5823529411764706 0.5777027027027027 0.07058823529411765 0.033783783783783786
0 0.5176470588235295 0.5996621621621622 0.08235294117647059 0.037162162162162164
0 0.5235294117647059 0.5625 0.07058823529411765 0.04391891891891892
0 0.7794117647058824 0.518581081081081 0.06470588235294118 0.037162162162162164
0 0.7852941176470588 0.5506756756756757 0.07647058823529412 0.033783783783783786
0 0.10882352941176471 0.5168918918918919 0.07647058823529412 0.0472972972972973
0 0.1323529411764706 0.6114864864864865 0.1 0.0472972972972973
0 0.20588235294117646 0.7111486486486487 0.07058823529411765 0.04391891891891892