0 0.5165488431876607 0.2087673611111111 0.05173521850899743 0.033275462962962965
0 0.49662596401028275 0.17346643518518517 0.05173521850899743 0.033275462962962965
0 0.5261889460154242 0.13122106481481483 0.03695372750642673 0.04195601851851852
0 0.6013817480719794 0.10677083333333333 0.04916452442159383 0.05555555555555555
0 0.26654884318766064 0.19343171296296297 0.04916452442159383 0.033275462962962965
0 0.21481362467866325 0.19892939814814814 0.039524421593830336 0.035590277777777776
0 0.20260282776349614 0.2387152777777778 0.034383033419023136 0.03530092592592592
0 0.24437660668380462 0.2465277777777778 0.039524421593830336 0.03298611111111111
0 0.19890745501285348 0.3197337962962963 0.04177377892030849 0.04224537037037037
0 0.16677377892030848 0.3784722222222222 0.056555269922879174 0.04456018518518518
0 0.17287917737789202 0.4738136574074074 0.05912596401028278 0.048900462962962965
0 0.08194087403598972 0.47265625 0.02956298200514139 0.019965277777777776
0 0.1237146529562982 0.5049189814814815 0.03470437017994859 0.03993055555555555
0 0.17303984575835477 0.5081018518518519 0.05430591259640103 0.05092592592592592
0 0.14219151670951158 0.5947627314814815 0.04209511568123393 0.04658564814814815
0 0.21481362467866325 0.5957754629629629 0.04916452442159383 0.04456018518518518
0 0.23955655526992287 0.5392071759259259 0.04916452442159383 0.051215277777777776
0 0.18396529562982006 0.6778067129629629 0.03695372750642673 0.035590277777777776
0 0.18894601542416453 0.7786458333333334 0.04691516709511568 0.06886574074074074
0 0.24180591259640102 0.8861400462962963 0.07872750642673522 0.0842013888888889
0 0.35523778920308485 0.7631655092592593 0.06394601542416452 0.06452546296296297
0 0.4008676092544987 0.8663194444444444 0.03695372750642673 0.04861111111111111
0 0.4156491002570694 0.9117476851851852 0.05173521850899743 0.05092592592592592
0 0.38962082262210795 0.18229166666666666 0.08386889460154241 0.05555555555555555
0 0.37612467866323906 0.07798032407407407 0.04209511568123393 0.059895833333333336