0 0.6900706940874036 0.3839699074074074 0.04916452442159383 0.05092592592592592
0 0.6678984575835476 0.33738425925925924 0.02924164524421594 0.04224537037037037
0 0.40681233933161953 0.44386574074074076 0.02956298200514139 0.03298611111111111
0 0.6580976863753213 0.6809895833333334 0.03920308483290488 0.04658564814814815
0 0.8537917737789203 0.6378761574074074 0.056555269922879174 0.05758101851851852
0 0.7294344473007712 0.7465277777777778 0.06426735218508997 0.04456018518518518
0 0.6037917737789203 0.7676504629629629 0.04434447300771208 0.04224537037037037
0 0.7244537275064268 0.9095775462962963 0.039524421593830336 0.04658564814814815
0 0.3982969151670951 0.9095775462962963 0.03695372750642673 0.04658564814814815
0 0.4611182519280206 0.9317129629629629 0.03920308483290488 0.05555555555555555
0 0.28502570694087404 0.66015625 0.04691516709511568 0.044270833333333336