0 0.9368770764119602 0.38529411764705884 0.03986710963455149 0.041176470588235294
0 0.5448504983388704 0.1676470588235294 0.08637873754152824 0.09411764705882353
0 0.6710963455149501 0.34411764705882353 0.053156146179401995 0.06470588235294118
0 0.09302325581395349 0.3602941176470588 0.09302325581395349 0.08529411764705883
0 0.0681063122923588 0.4573529411764706 0.06312292358803986 0.09117647058823529
0 0.446843853820598 0.16911764705882354 0.06976744186046512 0.07352941176470588
0 0.3272425249169435 0.08823529411764706 0.06976744186046512 0.06470588235294118
0 0.45016611295681064 0.40588235294117647 0.07641196013289037 0.08235294117647059
0 0.5166112956810631 0.052941176470588235 0.08305647840531562 0.047058823529411764
0 0.3122923588039867 0.016176470588235296 0.053156146179401995 0.03235294117647059
0 0.19601328903654486 0.12205882352941176 0.07308970099667775 0.061764705882352944
0 0.37375415282392027 0.19264705882352942 0.08970099667774087 0.07352941176470588
0 0.08637873754152824 0.14705882352941177 0.08637873754152824 0.06470588235294118
0 0.061461794019933555 0.05588235294117647 0.11627906976744186 0.07647058823529412
0 0.11461794019933555 0.2691176470588235 0.08305647840531562 0.08529411764705883
0 0.04152823920265781 0.2926470588235294 0.05647840531561462 0.06764705882352941
0 0.15282392026578073 0.3426470588235294 0.0664451827242525 0.07941176470588235
0 0.22093023255813954 0.3161764705882353 0.07641196013289037 0.09705882352941177
0 0.3023255813953488 0.3205882352941177 0.07973421926910298 0.08235294117647059
0 0.45182724252491696 0.3352941176470588 0.046511627906976744 0.041176470588235294
0 0.2441860465116279 0.40588235294117647 0.06976744186046512 0.047058823529411764
0 0.12956810631229235 0.6176470588235294 0.07973421926910298 0.07647058823529412
0 0.11627906976744186 0.5161764705882353 0.07308970099667775 0.07941176470588235
0 0.24086378737541528 0.5117647058823529 0.10299003322259136 0.07058823529411765
0 0.3488372093023256 0.5632352941176471 0.08637873754152824 0.09117647058823529
0 0.24750830564784054 0.6323529411764706 0.04983388704318937 0.052941176470588235
0 0.2973421926910299 0.6764705882352942 0.06976744186046512 0.06470588235294118
0 0.3687707641196013 0.6485294117647059 0.09302325581395349 0.06764705882352941
0 0.420265780730897 0.7014705882352941 0.06976744186046512 0.07941176470588235
0 0.4634551495016611 0.6176470588235294 0.10299003322259136 0.07058823529411765
0 0.4950166112956811 0.6941176470588235 0.059800664451827246 0.06470588235294118
0 0.6710963455149501 0.8205882352941176 0.07973421926910298 0.07058823529411765
0 0.7574750830564784 0.7720588235294118 0.07308970099667775 0.07941176470588235
0 0.8089700996677741 0.8191176470588235 0.04983388704318937 0.03823529411764706
0 0.813953488372093 0.8661764705882353 0.059800664451827246 0.04411764705882353
0 0.7574750830564784 0.861764705882353 0.07308970099667775 0.058823529411764705
0 0.739202657807309 0.3161764705882353 0.04318936877076412 0.07941176470588235
0 0.632890365448505 0.27941176470588236 0.06976744186046512 0.06470588235294118
0 0.5365448504983389 0.4470588235294118 0.06312292358803986 0.052941176470588235
0 0.48006644518272423 0.788235294117647 0.06976744186046512 0.08823529411764706
0 0.6229235880398671 0.1323529411764706 0.09634551495016612 0.07647058823529412
0 0.5033222591362126 0.23088235294117648 0.05647840531561462 0.05588235294117647
0 0.6212624584717608 0.3338235294117647 0.046511627906976744 0.04411764705882353
0 0.21760797342192692 0.06470588235294118 0.06312292358803986 0.047058823529411764
0 0.25083056478405313 0.022058823529411766 0.05647840531561462 0.03823529411764706
0 0.016611295681063124 0.1323529411764706 0.03322259136212625 0.052941176470588235
0 0.7857142857142857 0.2647058823529412 0.06312292358803986 0.047058823529411764
0 0.9717607973421927 0.3058823529411765 0.04983388704318937 0.041176470588235294
0 0.5581395348837209 0.7191176470588235 0.053156146179401995 0.04411764705882353
0 0.6262458471760798 0.5426470588235294 0.05647840531561462 0.061764705882352944
0 0.5581395348837209 0.5544117647058824 0.07973421926910298 0.03823529411764706
0 0.579734219269103 0.5044117647058823 0.04983388704318937 0.05
0 0.011627906976744186 0.4235294117647059 0.023255813953488372 0.047058823529411764
0 0.45016611295681064 0.041176470588235294 0.04318936877076412 0.041176470588235294
0 0.5182724252491694 0.3426470588235294 0.053156146179401995 0.05
0 0.5514950166112956 0.3058823529411765 0.053156146179401995 0.041176470588235294
0 0.4750830564784053 0.3044117647058823 0.053156146179401995 0.03235294117647059
0 0.23754152823920266 0.7029411764705882 0.036544850498338874 0.029411764705882353
0 0.23421926910299004 0.6779411764705883 0.04983388704318937 0.03823529411764706
0 0.044850498338870434 0.5573529411764706 0.04318936877076412 0.04411764705882353
0 0.6312292358803987 0.6529411764705882 0.07973421926910298 0.052941176470588235
0 0.23255813953488372 0.46911764705882353 0.053156146179401995 0.04411764705882353
0 0.8903654485049833 0.8132352941176471 0.053156146179401995 0.03823529411764706
0 0.34053156146179403 0.3779411764705882 0.06312292358803986 0.04411764705882353
0 0.3388704318936877 0.45588235294117646 0.0664451827242525 0.06470588235294118