0 0.30115830115830117 0.5352112676056338 0.023166023166023165 0.04225352112676056
0 0.4305019305019305 0.5158450704225352 0.08108108108108109 0.03873239436619718
0 0.444015444015444 0.47183098591549294 0.06177606177606178 0.035211267605633804
0 0.333976833976834 0.4102112676056338 0.05019305019305019 0.045774647887323945
0 0.2953667953667954 0.3767605633802817 0.03474903474903475 0.028169014084507043
0 0.38803088803088803 0.4295774647887324 0.02702702702702703 0.04225352112676056
0 0.39575289575289574 0.3908450704225352 0.05019305019305019 0.04225352112676056
0 0.23552123552123552 0.3274647887323944 0.0694980694980695 0.04225352112676056
0 0.20077220077220076 0.3767605633802817 0.0694980694980695 0.028169014084507043
0 0.2722007722007722 0.38380281690140844 0.07335907335907337 0.07042253521126761
0 0.3185328185328185 0.25704225352112675 0.06563706563706563 0.028169014084507043
0 0.32432432432432434 0.8028169014084507 0.04633204633204633 0.04929577464788732
0 0.3745173745173745 0.8450704225352113 0.03088803088803089 0.04929577464788732
0 0.25675675675675674 0.8450704225352113 0.0888030888030888 0.056338028169014086
0 0.2876447876447876 0.7007042253521126 0.05019305019305019 0.056338028169014086
0 0.5424710424710425 0.7130281690140845 0.05019305019305019 0.0528169014084507
0 0.5888030888030888 0.6426056338028169 0.07335907335907337 0.0528169014084507
0 0.693050193050193 0.6232394366197183 0.06563706563706563 0.04929577464788732
0 0.7760617760617761 0.7517605633802817 0.0694980694980695 0.05985915492957746
0 0.693050193050193 0.7535211267605634 0.05791505791505792 0.04225352112676056
0 0.7065637065637066 0.8169014084507042 0.05405405405405406 0.035211267605633804
0 0.7123552123552124 0.9172535211267606 0.06563706563706563 0.03873239436619718
0 0.5888030888030888 0.772887323943662 0.05791505791505792 0.03873239436619718
0 0.4305019305019305 0.7711267605633803 0.06563706563706563 0.04929577464788732
0 0.5019305019305019 0.9401408450704225 0.06177606177606178 0.056338028169014086
0 0.6505791505791506 0.7834507042253521 0.05791505791505792 0.06690140845070422
0 0.3108108108108108 0.31338028169014087 0.06563706563706563 0.04225352112676056
0 0.3590733590733591 0.31866197183098594 0.04633204633204633 0.03873239436619718
0 0.32432432432432434 0.45774647887323944 0.07722007722007722 0.02112676056338028
0 0.3667953667953668 0.4876760563380282 0.04633204633204633 0.03873239436619718
0 0.3223938223938224 0.6373239436619719 0.07335907335907337 0.06338028169014084
0 0.4266409266409266 0.7024647887323944 0.05791505791505792 0.03873239436619718
0 0.3687258687258687 0.7288732394366197 0.04247104247104247 0.04225352112676056
0 0.4691119691119691 0.5862676056338029 0.05791505791505792 0.0528169014084507
0 0.6158301158301158 0.6883802816901409 0.05019305019305019 0.03873239436619718
0 0.6061776061776062 0.727112676056338 0.04633204633204633 0.03873239436619718
0 0.6640926640926641 0.7024647887323944 0.06177606177606178 0.05985915492957746
0 0.49613899613899615 0.8098591549295775 0.06563706563706563 0.04225352112676056
0 0.42277992277992277 0.9119718309859155 0.05791505791505792 0.04929577464788732
0 0.5888030888030888 0.852112676056338 0.06563706563706563 0.04929577464788732
0 0.5154440154440154 0.48063380281690143 0.05019305019305019 0.03873239436619718
0 0.4864864864864865 0.522887323943662 0.05405405405405406 0.03873239436619718
0 0.10424710424710425 0.14612676056338028 0.05405405405405406 0.045774647887323945
0 0.14478764478764478 0.34507042253521125 0.06563706563706563 0.056338028169014086
0 0.07528957528957529 0.24647887323943662 0.06563706563706563 0.04225352112676056
0 0.25096525096525096 0.9419014084507042 0.05405405405405406 0.03169014084507042
0 0.222007722007722 0.9595070422535211 0.05019305019305019 0.0528169014084507
0 0.3783783783783784 0.5915492957746479 0.05405405405405406 0.035211267605633804
0 0.38223938223938225 0.6267605633802817 0.03861003861003861 0.035211267605633804
0 0.3841698841698842 0.6549295774647887 0.03474903474903475 0.028169014084507043
0 0.18725868725868725 0.20774647887323944 0.05019305019305019 0.04225352112676056
0 0.22393822393822393 0.698943661971831 0.05405405405405406 0.045774647887323945
0 0.5019305019305019 0.6373239436619719 0.04633204633204633 0.04929577464788732
0 0.7181467181467182 0.7077464788732394 0.04633204633204633 0.04225352112676056
0 0.7432432432432432 0.6672535211267606 0.05019305019305019 0.045774647887323945
0 0.2953667953667954 0.9137323943661971 0.05791505791505792 0.0528169014084507
0 0.25675675675675674 0.7552816901408451 0.04247104247104247 0.0528169014084507
0 0.28185328185328185 0.7799295774647887 0.03861003861003861 0.03873239436619718
0 0.48841698841698844 0.7165492957746479 0.05019305019305019 0.05985915492957746
0 0.42857142857142855 0.6602112676056338 0.05405405405405406 0.0528169014084507
0 0.4691119691119691 0.6566901408450704 0.04247104247104247 0.05985915492957746