0 0.6383354755784062 0.18778935185185186 0.039524421593830336 0.03530092592592592
0 0.5583226221079691 0.11342592592592593 0.03695372750642673 0.028935185185185185
0 0.40825835475578404 0.1545138888888889 0.03695372750642673 0.02662037037037037
0 0.7589974293059126 0.2952835648148148 0.04434447300771208 0.04195601851851852
0 0.7133676092544987 0.7155671296296297 0.04691516709511568 0.02662037037037037
0 0.6421915167095116 0.7754629629629629 0.03695372750642673 0.03993055555555555
0 0.5804948586118251 0.7676504629629629 0.04209511568123393 0.028935185185185185
0 0.5411311053984575 0.9205729166666666 0.04177377892030849 0.033275462962962965
0 0.49180591259640105 0.9427083333333334 0.046593830334190234 0.03761574074074074
0 0.4315552699228792 0.9305555555555556 0.05912596401028278 0.05787037037037037
0 0.570694087403599 0.9671585648148148 0.032133676092544985 0.02459490740740741
0 0.640745501285347 0.8185763888888888 0.04434447300771208 0.05092592592592592
0 0.6862146529562982 0.8485243055555556 0.03695372750642673 0.030960648148148147
0 0.35025706940874035 0.9017650462962963 0.03920308483290488 0.030960648148148147
0 0.6740038560411311 0.7410300925925926 0.03695372750642673 0.04224537037037037
0 0.6815552699228792 0.80078125 0.04177377892030849 0.019965277777777776
0 0.8255141388174807 0.7175925925925926 0.03470437017994859 0.03993055555555555
0 0.7133676092544987 0.8706597222222222 0.056555269922879174 0.02199074074074074
0 0.6789845758354756 0.9017650462962963 0.017352185089974295 0.044270833333333336
0 0.6433161953727506 0.8563368055555556 0.02442159383033419 0.028645833333333332
0 0.640745501285347 0.9006076388888888 0.04434447300771208 0.037905092592592594
0 0.5226542416452442 0.8829571759259259 0.02474293059125964 0.019965277777777776
0 0.5633033419023136 0.8894675925925926 0.056555269922879174 0.05092592592592592
0 0.571818766066838 0.9239004629629629 0.01960154241645244 0.02662037037037037
0 0.6124678663239075 0.9438657407407407 0.02699228791773779 0.03125
0 0.43525064267352187 0.7453703703703703 0.046593830334190234 0.028935185185185185
0 0.26654884318766064 0.7631655092592593 0.034383033419023136 0.033275462962962965
0 0.2824550128534704 0.7941261574074074 0.032133676092544985 0.033275462962962965
0 0.5422557840616966 0.3142361111111111 0.039524421593830336 0.02662037037037037
0 0.6137532133676092 0.3119212962962963 0.03920308483290488 0.03993055555555555
0 0.6519922879177378 0.3385416666666667 0.04177377892030849 0.05787037037037037
0 0.6913560411311054 0.3862847222222222 0.05173521850899743 0.05092592592592592
0 0.708547557840617 0.34403935185185186 0.056555269922879174 0.03761574074074074
0 0.6887853470437018 0.2864583333333333 0.04209511568123393 0.05092592592592592
0 0.672879177377892 0.2388599537037037 0.02956298200514139 0.030960648148148147
0 0.7159383033419023 0.2199074074074074 0.04691516709511568 0.05092592592592592
0 0.7209190231362468 0.27199074074074076 0.06651670951156813 0.03993055555555555
0 0.6481362467866324 0.2298900462962963 0.05912596401028278 0.05758101851851852