0 0.6500407166123778 0.6430759803921569 0.025244299674267102 0.05575980392156863
0 0.5713558631921825 0.7106311274509803 0.0372557003257329 0.03829656862745098
0 0.5172027687296417 0.7562806372549019 0.006718241042345277 0.007659313725490196
0 0.5324714983713354 0.7092524509803921 0.03399837133550489 0.0508578431372549
0 0.5011197068403909 0.7449448529411765 0.035627035830618894 0.040747549019607844
0 0.4596905537459283 0.7169117647058824 0.04071661237785016 0.030637254901960783
0 0.5003053745928339 0.6099877450980392 0.04051302931596091 0.05575980392156863
0 0.5485545602605864 0.5272671568627451 0.0018322475570032573 0.0024509803921568627
0 0.5324714983713354 0.5145526960784313 0.0372557003257329 0.03829656862745098
0 0.5392915309446255 0.5565257352941176 0.033794788273615636 0.05116421568627451
0 0.5705415309446255 0.5591299019607843 0.042141693811074916 0.0661764705882353
0 0.45297231270358307 0.6253063725490197 0.033794788273615636 0.0508578431372549
0 0.4190757328990228 0.6214767156862745 0.02707654723127036 0.03829656862745098
0 0.39790309446254074 0.6469056372549019 0.015268729641693811 0.06341911764705882
0 0.36665309446254074 0.6495098039215687 0.030537459283387622 0.05330882352941176
0 0.30150651465798045 0.5920649509803921 0.03216612377850163 0.05606617647058824
0 0.3641083061889251 0.6024816176470589 0.028705211726384364 0.040747549019607844
0 0.3810057003257329 0.5577512254901961 0.05232084690553746 0.043198529411764705
0 0.39790309446254074 0.5170036764705882 0.03888436482084691 0.043198529411764705
0 0.35993485342019543 0.4967830882352941 0.033794788273615636 0.0585171568627451
0 0.37591612377850164 0.43045343137254904 0.035627035830618894 0.058823529411764705
0 0.43515879478827363 0.4534313725490196 0.035627035830618894 0.06372549019607843
0 0.4580618892508143 0.5004595588235294 0.033794788273615636 0.06096813725490196
0 0.4689535830618892 0.45205269607843135 0.025447882736156353 0.05606617647058824
0 0.46732491856677527 0.37576593137254904 0.028705211726384364 0.040747549019607844
0 0.5037662866449512 0.296875 0.0372557003257329 0.08149509803921569
0 0.512214983713355 0.2509191176470588 0.01017915309446254 0.015318627450980392
0 0.48340798045602607 0.20511642156862744 0.044177524429967426 0.0664828431372549
0 0.5764454397394136 0.21660539215686275 0.05761400651465798 0.09436274509803921
0 0.6703990228013029 0.2852328431372549 0.021172638436482084 0.030637254901960783
0 0.6830211726384365 0.2662377450980392 0.03013029315960912 0.031862745098039214
0 0.6622557003257329 0.22947303921568626 0.029315960912052116 0.04656862745098039
0 0.34263029315960913 0.765625 0.033387622149837134 0.0428921568627451
0 0.36583876221498374 0.7380514705882353 0.029315960912052116 0.03431372549019608
0 0.25508957654723124 0.6504289215686274 0.03420195439739414 0.03308823529411765
0 0.306799674267101 0.6393995098039216 0.033387622149837134 0.04044117647058824
0 0.3296009771986971 0.6786151960784313 0.03013029315960912 0.04534313725490196
0 0.317385993485342 0.5499387254901961 0.033387622149837134 0.05514705882352941
0 0.32634364820846906 0.5009191176470589 0.03664495114006515 0.05514705882352941
0 0.34914495114006516 0.4641544117647059 0.04315960912052117 0.05514705882352941
0 0.3874185667752443 0.37714460784313725 0.033387622149837134 0.04779411764705882
0 0.47088762214983715 0.30606617647058826 0.03257328990228013 0.06004901960784314
0 0.561685667752443 0.2619485294117647 0.046416938110749185 0.05024509803921569
0 0.6260179153094463 0.21783088235294118 0.03664495114006515 0.04534313725490196
0 0.49409609120521175 0.3851102941176471 0.039902280130293157 0.049019607843137254
0 0.4427931596091205 0.5585171568627451 0.033387622149837134 0.0428921568627451
0 0.4212133550488599 0.5009191176470589 0.030944625407166124 0.04534313725490196
0 0.3939332247557003 0.5977328431372549 0.038273615635179156 0.0428921568627451
0 0.42894951140065146 0.7558210784313726 0.03501628664495114 0.03799019607843137
0 0.5767508143322475 0.5983455882352942 0.03257328990228013 0.041666666666666664
0 0.5820439739413681 0.7490808823529411 0.03013029315960912 0.0392156862745098
0 0.5148615635179153 0.7956495098039216 0.03745928338762215 0.04411764705882353
0 0.4798452768729642 0.6792279411764706 0.043973941368078175 0.04411764705882353
0 0.4883957654723127 0.578125 0.04315960912052117 0.06740196078431372
0 0.5335912052117264 0.3128063725490196 0.035830618892508145 0.04656862745098039