0 0.23811053984575836 0.6699942129629629 0.04177377892030849 0.028645833333333332
0 0.1913560411311054 0.6754918981481481 0.03695372750642673 0.035590277777777776
0 0.46963367609254497 0.734375 0.046593830334190234 0.028935185185185185
0 0.46352827763496146 0.7975983796296297 0.039524421593830336 0.030960648148148147
0 0.3982969151670951 0.8285590277777778 0.03695372750642673 0.035590277777777776
0 0.3565231362467866 0.8385416666666666 0.03695372750642673 0.03761574074074074
0 0.5557519280205655 0.8353587962962963 0.03695372750642673 0.02662037037037037
0 0.5114074550128535 0.8563368055555556 0.05173521850899743 0.028645833333333332
0 0.44746143958868895 0.8530092592592593 0.03695372750642673 0.03530092592592592
0 0.3676092544987147 0.9526909722222222 0.04434447300771208 0.035590277777777776
0 0.4672236503856041 0.9272280092592593 0.032133676092544985 0.028645833333333332
0 0.4980719794344473 0.9615162037037037 0.02956298200514139 0.03993055555555555
0 0.5335796915167095 0.9361979166666666 0.03695372750642673 0.033275462962962965
0 0.5520565552699229 0.9694733796296297 0.04434447300771208 0.033275462962962965
0 0.5841902313624678 0.9105902777777778 0.04434447300771208 0.017939814814814815
0 0.5915809768637532 0.9416956018518519 0.04434447300771208 0.030960648148148147
0 0.5915809768637532 0.8728298611111112 0.03470437017994859 0.030960648148148147