0 0.5374357326478149 0.26750578703703703 0.034383033419023136 0.035590277777777776
0 0.6161632390745502 0.26634837962962965 0.034383033419023136 0.033275462962962965
0 0.6789845758354756 0.26634837962962965 0.032133676092544985 0.019965277777777776
0 0.672879177377892 0.2986111111111111 0.02442159383033419 0.03530092592592592
0 0.6470115681233933 0.32421875 0.03695372750642673 0.04658564814814815
0 0.5780848329048843 0.3485243055555556 0.032133676092544985 0.028645833333333332
0 0.5915809768637532 0.30092592592592593 0.06426735218508997 0.02662037037037037
0 0.5965616966580977 0.19777199074074073 0.034383033419023136 0.037905092592592594
0 0.5348650385604113 0.6212384259259259 0.034383033419023136 0.03761574074074074
0 0.5361503856041131 0.6888020833333334 0.046593830334190234 0.044270833333333336
0 0.4106683804627249 0.7265625 0.032133676092544985 0.03125
0 0.4400706940874036 0.7453703703703703 0.03181233933161954 0.04224537037037037
0 0.4980719794344473 0.7731481481481481 0.04434447300771208 0.03530092592592592
0 0.5165488431876607 0.7298900462962963 0.05173521850899743 0.02459490740740741
0 0.4387853470437018 0.8185763888888888 0.04916452442159383 0.028935185185185185
0 0.32567480719794345 0.6788194444444444 0.039524421593830336 0.028935185185185185
0 0.2689588688946015 0.7664930555555556 0.04434447300771208 0.04861111111111111