0 0.571818766066838 0.19444444444444445 0.039524421593830336 0.03530092592592592
0 0.40809768637532134 0.26982060185185186 0.04691516709511568 0.030960648148148147
0 0.8131426735218509 0.36183449074074076 0.034383033419023136 0.02459490740740741
0 0.7798843187660668 0.47265625 0.032133676092544985 0.028645833333333332
0 0.8083226221079691 0.5081018518518519 0.02474293059125964 0.024305555555555556
0 0.8046272493573264 0.5358796296296297 0.04691516709511568 0.02662037037037037
0 0.8476863753213367 0.5636574074074074 0.03470437017994859 0.024305555555555556
0 0.7726542416452442 0.5836226851851852 0.03695372750642673 0.024305555555555556
0 0.741805912596401 0.5658275462962963 0.034383033419023136 0.033275462962962965
0 0.7220437017994858 0.6401909722222222 0.02956298200514139 0.044270833333333336
0 0.7516066838046273 0.6378761574074074 0.02956298200514139 0.026331018518518517
0 0.7516066838046273 0.6711516203703703 0.03470437017994859 0.030960648148148147
0 0.7811696658097687 0.6545138888888888 0.03920308483290488 0.028935185185185185
0 0.8169987146529563 0.6866319444444444 0.03695372750642673 0.03125
0 0.8513817480719794 0.6987847222222222 0.03181233933161954 0.028935185185185185
0 0.6111825192802056 0.6644965277777778 0.05912596401028278 0.048900462962962965
0 0.5226542416452442 0.6433738425925926 0.034383033419023136 0.055266203703703706
0 0.538560411311054 0.6966145833333334 0.032133676092544985 0.028645833333333332
0 0.581780205655527 0.7255497685185185 0.05430591259640103 0.033275462962962965
0 0.603952442159383 0.7631655092592593 0.05430591259640103 0.04195601851851852
0 0.6383354755784062 0.7188946759259259 0.039524421593830336 0.019965277777777776
0 0.6863753213367609 0.7909432870370371 0.04177377892030849 0.044270833333333336
0 0.6346401028277635 0.7987557870370371 0.061696658097686374 0.04658564814814815
0 0.665327763496144 0.8430266203703703 0.04916452442159383 0.033275462962962965
0 0.5583226221079691 0.8628472222222222 0.046593830334190234 0.03761574074074074
0 0.4991966580976864 0.9538483796296297 0.06137532133676093 0.037905092592592594
0 0.6137532133676092 0.9272280092592593 0.04948586118251928 0.04195601851851852
0 0.6752892030848329 0.9139178240740741 0.009961439588688946 0.006655092592592593
0 0.6642030848329049 0.8972800925925926 0.04177377892030849 0.03530092592592592