0 0.5435411311053985 0.29195601851851855 0.01703084832904884 0.04861111111111111
0 0.640745501285347 0.2786458333333333 0.06876606683804627 0.03993055555555555
0 0.6616323907455013 0.2332175925925926 0.04177377892030849 0.03761574074074074
0 0.23570051413881749 0.5879629629629629 0.03695372750642673 0.028935185185185185
0 0.3194087403598972 0.6966145833333334 0.04177377892030849 0.04195601851851852
0 0.29370179948586117 0.7298900462962963 0.02956298200514139 0.033275462962962965
0 0.40809768637532134 0.6556712962962963 0.04691516709511568 0.03530092592592592
0 0.4685089974293059 0.7165798611111112 0.02956298200514139 0.051215277777777776
0 0.3994215938303342 0.7377025462962963 0.04434447300771208 0.035590277777777776
0 0.32197943444730076 0.7676504629629629 0.02699228791773779 0.05092592592592592
0 0.3280848329048843 0.8207465277777778 0.03920308483290488 0.033275462962962965
0 0.2541773778920309 0.8462094907407407 0.05398457583547558 0.044270833333333336
0 0.593991002570694 0.5092592592592593 0.05430591259640103 0.03993055555555555
0 0.6470115681233933 0.5347222222222222 0.05173521850899743 0.03761574074074074
0 0.5126928020565553 0.8640046296296297 0.034383033419023136 0.03993055555555555
0 0.5077120822622108 0.9293981481481481 0.02956298200514139 0.04224537037037037
0 0.4574228791773779 0.9117476851851852 0.03181233933161954 0.05092592592592592
0 0.22461439588688947 0.7287326388888888 0.04434447300771208 0.048900462962962965
0 0.262853470437018 0.6345486111111112 0.02699228791773779 0.05092592592592592
0 0.3035025706940874 0.6290509259259259 0.039524421593830336 0.05324074074074074
0 0.2800449871465296 0.5370370370370371 0.03695372750642673 0.05092592592592592
0 0.43267994858611825 0.5691550925925926 0.08129820051413882 0.04456018518518518
0 0.5361503856041131 0.5192418981481481 0.03695372750642673 0.033275462962962965
0 0.730719794344473 0.6069155092592593 0.04177377892030849 0.035590277777777776
0 0.5152634961439588 0.17447916666666666 0.039524421593830336 0.04456018518518518