0 0.5256514657980456 0.5464154411764706 0.043973941368078175 0.05606617647058824
0 0.371742671009772 0.5565257352941176 0.04071661237785016 0.045649509803921566
0 0.40044788273615634 0.6150428921568627 0.030537459283387622 0.05116421568627451
0 0.41744706840390877 0.6672794117647058 0.04051302931596091 0.06372549019607843
0 0.34548045602605865 0.6188725490196079 0.04560260586319218 0.06372549019607843
0 0.4901262214983713 0.6928615196078431 0.0372557003257329 0.0585171568627451
0 0.42324918566775244 0.774203431372549 0.03216612377850163 0.06372549019607843
0 0.5748167752442996 0.7233455882352942 0.02707654723127036 0.03308823529411765
0 0.5848941368078175 0.7512254901960784 0.043973941368078175 0.07904411764705882
0 0.5383754071661238 0.6277573529411765 0.028705211726384364 0.04595588235294118
0 0.5917141693811075 0.6519607843137255 0.06779315960912052 0.06862745098039216
0 0.36665309446254074 0.39598651960784315 0.04723127035830619 0.09160539215686274
0 0.3902687296416938 0.3324142156862745 0.043973941368078175 0.0661764705882353
0 0.40044788273615634 0.40119485294117646 0.043973941368078175 0.07138480392156862
0 0.5865228013029316 0.5321691176470589 0.05415309446254072 0.03308823529411765
0 0.5501832247557004 0.2775735294117647 0.04906351791530945 0.08394607843137254
0 0.6044381107491856 0.19883578431372548 0.04234527687296417 0.07904411764705882
0 0.5748167752442996 0.3414522058823529 0.04051302931596091 0.07383578431372549
0 0.6484120521172638 0.18596813725490197 0.035423452768729644 0.08394607843137254
0 0.6763029315960912 0.2267156862745098 0.04071661237785016 0.06372549019607843
0 0.7406351791530945 0.25214460784313725 0.04071661237785016 0.04840686274509804
0 0.7269951140065146 0.2878370098039216 0.030537459283387622 0.06341911764705882
0 0.7320846905537459 0.34267769607843135 0.023615635179153095 0.06096813725490196
0 0.6264250814332247 0.41513480392156865 0.05252442996742671 0.06862745098039216
0 0.6425081433224755 0.4928002450980392 0.05415309446254072 0.07628676470588236
0 0.6796620521172638 0.4954044117647059 0.05761400651465798 0.07107843137254902
0 0.7237377850162866 0.5413602941176471 0.06433224755700326 0.08149509803921569
0 0.6594055374592834 0.578125 0.043973941368078175 0.058823529411764705
0 0.6982899022801303 0.5997242647058824 0.030537459283387622 0.040747549019607844
0 0.7202768729641694 0.6545649509803921 0.05741042345276873 0.07383578431372549