0 0.6654884318766067 0.30078125 0.05398457583547558 0.048900462962962965
0 0.7553020565552699 0.5325520833333334 0.06137532133676093 0.055266203703703706
0 0.7726542416452442 0.5924479166666666 0.05173521850899743 0.04195601851851852
0 0.6580976863753213 0.5724826388888888 0.05398457583547558 0.055266203703703706
0 0.6433161953727506 0.7332175925925926 0.03470437017994859 0.061921296296296294
0 0.7393958868894601 0.6766493055555556 0.04434447300771208 0.04195601851851852
0 0.8648778920308483 0.6500289351851852 0.034383033419023136 0.033275462962962965
0 0.9190231362467867 0.6578414351851852 0.05912596401028278 0.06626157407407407
0 0.7935411311053985 0.8097511574074074 0.06908740359897173 0.033275462962962965
0 0.7504820051413882 0.8430266203703703 0.06651670951156813 0.04658564814814815
0 0.8489717223650386 0.7265625 0.056555269922879174 0.04456018518518518