0 0.7855555555555556 0.11987381703470032 0.042222222222222223 0.056782334384858045
0 0.7355555555555555 0.30914826498422715 0.02666666666666667 0.050473186119873815
0 0.8122222222222222 0.28391167192429023 0.028888888888888888 0.04416403785488959
0 0.5511111111111111 0.7066246056782335 0.04 0.04416403785488959
0 0.5066666666666667 0.8186119873817035 0.03111111111111111 0.0473186119873817
0 0.4588888888888889 0.8974763406940063 0.04666666666666667 0.0473186119873817
0 0.4266666666666667 0.7854889589905363 0.03111111111111111 0.050473186119873815
0 0.49444444444444446 0.6813880126182965 0.06 0.050473186119873815
0 0.27 0.39747634069400634 0.02 0.056782334384858045
0 0.30444444444444446 0.42586750788643535 0.04888888888888889 0.056782334384858045
0 0.40555555555555556 0.2981072555205047 0.04666666666666667 0.06624605678233439
0 0.5733333333333334 0.31703470031545744 0.035555555555555556 0.05362776025236593
0 0.36 0.7050473186119873 0.02666666666666667 0.04100946372239748
0 0.8933333333333333 0.3470031545741325 0.04888888888888889 0.06309148264984227
0 0.6555555555555556 0.38170347003154576 0.057777777777777775 0.08832807570977919
0 0.5166666666666667 0.26813880126182965 0.04666666666666667 0.07570977917981073
0 0.3055555555555556 0.5315457413249212 0.028888888888888888 0.04100946372239748
0 0.31444444444444447 0.5851735015772871 0.03333333333333333 0.05993690851735016
0 0.39444444444444443 0.6356466876971609 0.028888888888888888 0.03470031545741325
0 0.46111111111111114 0.6025236593059937 0.04666666666666667 0.050473186119873815
0 0.4166666666666667 0.7176656151419558 0.03777777777777778 0.04100946372239748
0 0.5855555555555556 0.5173501577287066 0.042222222222222223 0.07570977917981073
0 0.65 0.5236593059936908 0.042222222222222223 0.050473186119873815
0 0.7488888888888889 0.526813880126183 0.044444444444444446 0.06309148264984227
0 0.7222222222222222 0.6608832807570978 0.044444444444444446 0.05362776025236593
0 0.5411111111111111 0.4921135646687697 0.03333333333333333 0.050473186119873815
0 0.6277777777777778 0.6009463722397477 0.04666666666666667 0.0473186119873817
0 0.3655555555555556 0.7744479495268138 0.028888888888888888 0.0473186119873817