0 0.35395244215938304 0.390625 0.03181233933161954 0.028935185185185185
0 0.3255141388174807 0.3706597222222222 0.04434447300771208 0.03761574074074074
0 0.35764781491002573 0.3152488425925926 0.02956298200514139 0.033275462962962965
0 0.3133033419023136 0.6688368055555556 0.04434447300771208 0.035590277777777776
0 0.27522493573264784 0.6921296296296297 0.03695372750642673 0.028935185185185185
0 0.2615681233933162 0.7232349537037037 0.03470437017994859 0.02459490740740741
0 0.2935411311053985 0.7455150462962963 0.01960154241645244 0.033275462962962965
0 0.3232647814910026 0.7821180555555556 0.04434447300771208 0.03993055555555555
0 0.397172236503856 0.8030960648148148 0.04434447300771208 0.04658564814814815
0 0.37612467866323906 0.7288773148148148 0.02217223650385604 0.013310185185185185
0 0.37982005141388175 0.7408854166666666 0.04948586118251928 0.04658564814814815
0 0.3884961439588689 0.6966145833333334 0.04691516709511568 0.037905092592592594
0 0.4167737789203085 0.6977719907407407 0.03470437017994859 0.035590277777777776
0 0.45131748071979433 0.7042824074074074 0.034383033419023136 0.02662037037037037
0 0.36134318766066836 0.6500289351851852 0.04209511568123393 0.033275462962962965
0 0.41179305912596403 0.6423611111111112 0.034383033419023136 0.04861111111111111
0 0.5287596401028277 0.7232349537037037 0.04209511568123393 0.04195601851851852
0 0.4844151670951157 0.6954571759259259 0.04209511568123393 0.02228009259259259
0 0.4893958868894602 0.7453703703703703 0.04691516709511568 0.03761574074074074
0 0.45726221079691515 0.7686631944444444 0.056555269922879174 0.035590277777777776
0 0.3343508997429306 0.7165798611111112 0.03695372750642673 0.04195601851851852
0 0.7207583547557841 0.35185185185185186 0.04691516709511568 0.03125
0 0.6346401028277635 0.16666666666666666 0.04177377892030849 0.024305555555555556
0 0.7676735218508998 0.26316550925925924 0.056555269922879174 0.035590277777777776
0 0.7233290488431876 0.17447916666666666 0.04691516709511568 0.03530092592592592