0 0.3366002570694087 0.33738425925925924 0.05173521850899743 0.05555555555555555
0 0.3859254498714653 0.35185185185185186 0.032133676092544985 0.03993055555555555
0 0.46593830334190234 0.3951099537037037 0.05398457583547558 0.06452546296296297
0 0.5927056555269923 0.11791087962962964 0.03695372750642673 0.04658564814814815
0 0.8562017994858612 0.27199074074074076 0.06651670951156813 0.04861111111111111
0 0.8650385604113111 0.21006944444444445 0.04434447300771208 0.03993055555555555
0 0.5989717223650386 0.7377025462962963 0.03920308483290488 0.035590277777777776
0 0.40070694087403597 0.5991030092592593 0.032133676092544985 0.059895833333333336
0 0.40311696658097684 0.6600115740740741 0.06651670951156813 0.03993055555555555
0 0.36632390745501286 0.6124131944444444 0.032133676092544985 0.051215277777777776
0 0.3330655526992288 0.6278935185185185 0.039524421593830336 0.05092592592592592
0 0.7626928020565553 0.9172453703703703 0.04209511568123393 0.04861111111111111
0 0.6568123393316195 0.9082754629629629 0.032133676092544985 0.05324074074074074