0 0.21666666666666667 0.20579710144927535 0.02463768115942029 0.03768115942028986
0 0.18043478260869567 0.21014492753623187 0.036231884057971016 0.028985507246376812
0 0.19130434782608696 0.17101449275362318 0.04057971014492753 0.0463768115942029
0 0.27391304347826084 0.24420289855072463 0.034782608695652174 0.050724637681159424
0 0.2108695652173913 0.3159420289855073 0.02463768115942029 0.034782608695652174
0 0.2891304347826087 0.3601449275362319 0.036231884057971016 0.0391304347826087
0 0.23405797101449274 0.3572463768115942 0.04492753623188406 0.042028985507246375
0 0.29057971014492756 0.2710144927536232 0.03333333333333333 0.02608695652173913
0 0.1644927536231884 0.558695652173913 0.03333333333333333 0.050724637681159424
0 0.2753623188405797 0.1826086956521739 0.03768115942028986 0.034782608695652174
0 0.31956521739130433 0.23115942028985506 0.02463768115942029 0.030434782608695653
0 0.37318840579710144 0.3507246376811594 0.0536231884057971 0.028985507246376812
0 0.3869565217391304 0.3898550724637681 0.02608695652173913 0.03768115942028986
0 0.2427536231884058 0.44565217391304346 0.036231884057971016 0.03333333333333333
0 0.2956521739130435 0.48985507246376814 0.03188405797101449 0.028985507246376812
0 0.2956521739130435 0.4398550724637681 0.03188405797101449 0.05652173913043478
0 0.33695652173913043 0.45072463768115945 0.03333333333333333 0.034782608695652174
0 0.336231884057971 0.49927536231884057 0.06666666666666667 0.03333333333333333
0 0.3427536231884058 0.5413043478260869 0.030434782608695653 0.03333333333333333
0 0.3644927536231884 0.5623188405797102 0.030434782608695653 0.03768115942028986
0 0.31956521739130433 0.5615942028985508 0.03333333333333333 0.0391304347826087
0 0.26811594202898553 0.5760869565217391 0.03768115942028986 0.042028985507246375
0 0.19855072463768117 0.4753623188405797 0.03188405797101449 0.04057971014492753
0 0.1746376811594203 0.5072463768115942 0.042028985507246375 0.03768115942028986
0 0.2326086956521739 0.6166666666666667 0.02753623188405797 0.03333333333333333
0 0.27391304347826084 0.636231884057971 0.02608695652173913 0.05507246376811594
0 0.21594202898550724 0.6521739130434783 0.02608695652173913 0.0463768115942029
0 0.2543478260869565 0.686231884057971 0.03333333333333333 0.030434782608695653
0 0.17391304347826086 0.6949275362318841 0.06086956521739131 0.04492753623188406
0 0.21739130434782608 0.7123188405797102 0.05507246376811594 0.0536231884057971
0 0.11739130434782609 0.7268115942028985 0.05507246376811594 0.059420289855072465