0 0.36375321336760924 0.20992476851851852 0.056555269922879174 0.044270833333333336
0 0.7035668380462725 0.1568287037037037 0.04209511568123393 0.03993055555555555
0 0.8057519280205655 0.2554976851851852 0.07872750642673522 0.05092592592592592
0 0.788560411311054 0.33738425925925924 0.06426735218508997 0.028935185185185185
0 0.8661632390745502 0.3506944444444444 0.06137532133676093 0.04224537037037037
0 0.8316195372750642 0.5325520833333334 0.056555269922879174 0.033275462962962965
0 0.853952442159383 0.5646701388888888 0.05173521850899743 0.035590277777777776
0 0.7589974293059126 0.6278935185185185 0.04948586118251928 0.046296296296296294
0 0.8070372750642674 0.6922743055555556 0.03695372750642673 0.04658564814814815
0 0.7541773778920309 0.7032696759259259 0.04434447300771208 0.059895833333333336
0 0.7170629820051414 0.7808159722222222 0.08386889460154241 0.04658564814814815
0 0.719633676092545 0.8252314814814815 0.039524421593830336 0.03761574074074074
0 0.7651028277634961 0.8563368055555556 0.04177377892030849 0.028645833333333332
0 0.799646529562982 0.8208912037037037 0.05173521850899743 0.03761574074074074
0 0.6542416452442159 0.9094328703703703 0.04177377892030849 0.03761574074074074