0 0.5509318766066839 0.6699942129629629 0.03695372750642673 0.033275462962962965
0 0.5298843187660668 0.7110821759259259 0.05912596401028278 0.048900462962962965
0 0.7344151670951157 0.5125868055555556 0.034383033419023136 0.028645833333333332
0 0.7601221079691517 0.5392071759259259 0.03695372750642673 0.037905092592592594
0 0.6900706940874036 0.5691550925925926 0.06394601542416452 0.03993055555555555
0 0.6875 0.6190682870370371 0.039524421593830336 0.033275462962962965
0 0.7146529562982005 0.6600115740740741 0.04948586118251928 0.03530092592592592
0 0.7159383033419023 0.7032696759259259 0.012210796915167094 0.011284722222222222
0 0.5755141388174807 0.6300636574074074 0.056555269922879174 0.04195601851851852
0 0.5065874035989717 0.7287326388888888 0.02217223650385604 0.02228009259259259
0 0.5681233933161953 0.7575231481481481 0.04691516709511568 0.03993055555555555
0 0.6187339331619537 0.80078125 0.004820051413881748 0.006655092592592593
0 0.5927056555269923 0.7909432870370371 0.03695372750642673 0.044270833333333336
0 0.6076478149100257 0.6932870370370371 0.04177377892030849 0.03125
0 0.4672236503856041 0.9182581018518519 0.056555269922879174 0.033275462962962965
0 0.4967866323907455 0.7099247685185185 0.032133676092544985 0.02459490740740741
0 0.7429305912596401 0.5768229166666666 0.04691516709511568 0.04658564814814815
0 0.5300449871465296 0.7853009259259259 0.02474293059125964 0.028935185185185185
0 0.657133676092545 0.7459490740740741 0.02442159383033419 0.02488425925925926
0 0.5098007712082262 0.6277488425925926 0.04209511568123393 0.02806712962962963
0 0.5902956298200515 0.8511284722222222 0.027634961439588688 0.02806712962962963