0 0.3341902313624679 0.6799768518518519 0.061696658097686374 0.03530092592592592
0 0.38110539845758357 0.7165798611111112 0.04177377892030849 0.028645833333333332
0 0.2874357326478149 0.8695023148148148 0.046593830334190234 0.03761574074074074
0 0.35154241645244216 0.8796296296296297 0.017352185089974295 0.02662037037037037
0 0.37982005141388175 0.8773148148148148 0.01992287917737789 0.04456018518518518
0 0.39701156812339333 0.9094328703703703 0.034383033419023136 0.03761574074074074
0 0.5509318766066839 0.9272280092592593 0.05173521850899743 0.033275462962962965
0 0.559607969151671 0.8817997685185185 0.034383033419023136 0.035590277777777776
0 0.11889460154241645 0.6744791666666666 0.04434447300771208 0.03761574074074074
0 0.18284061696658097 0.6566840277777778 0.05398457583547558 0.059895833333333336
0 0.4365359897172236 0.2287326388888889 0.034383033419023136 0.04658564814814815