0 0.5226542416452442 0.8739872685185185 0.01960154241645244 0.033275462962962965
0 0.5472365038560412 0.8949652777777778 0.02956298200514139 0.02662037037037037
0 0.4844151670951157 0.8618344907407407 0.02731362467866324 0.039641203703703706
0 0.5952763496143959 0.8130787037037037 0.03695372750642673 0.03125
0 0.5681233933161953 0.8451967592592593 0.032133676092544985 0.024305555555555556
0 0.5804948586118251 0.8696469907407407 0.03695372750642673 0.033275462962962965
0 0.6433161953727506 0.8518518518518519 0.03470437017994859 0.03761574074074074
0 0.68396529562982 0.8197337962962963 0.06651670951156813 0.03530092592592592
0 0.42303984575835474 0.8240740740740741 0.03695372750642673 0.03993055555555555
0 0.4685089974293059 0.8263888888888888 0.04434447300771208 0.04456018518518518
0 0.36873393316195374 0.8219039351851852 0.06137532133676093 0.044270833333333336
0 0.33917095115681234 0.8972800925925926 0.046593830334190234 0.03125
0 0.3366002570694087 0.8618344907407407 0.02217223650385604 0.026331018518518517
0 0.37982005141388175 0.8684895833333334 0.04434447300771208 0.044270833333333336