0 0.6514492753623189 0.4574742268041237 0.0391304347826087 0.05412371134020619
0 0.6376811594202898 0.37242268041237114 0.017391304347826087 0.06958762886597938
0 0.553623188405797 0.2693298969072165 0.034782608695652174 0.059278350515463915
0 0.6 0.25773195876288657 0.028985507246376812 0.061855670103092786
0 0.6275362318840579 0.211340206185567 0.02608695652173913 0.05154639175257732
0 0.5594202898550724 0.19201030927835053 0.02608695652173913 0.07474226804123711
0 0.5210144927536232 0.15850515463917525 0.030434782608695653 0.05412371134020619
0 0.5282608695652173 0.21005154639175258 0.02753623188405797 0.059278350515463915
0 0.5601449275362319 0.07216494845360824 0.03333333333333333 0.061855670103092786
0 0.5260869565217391 0.08505154639175258 0.03188405797101449 0.06701030927835051
0 0.4920289855072464 0.07989690721649484 0.02753623188405797 0.030927835051546393
0 0.4789855072463768 0.13917525773195877 0.013043478260869565 0.06701030927835051
0 0.5297101449275362 0.4677835051546392 0.02753623188405797 0.06958762886597938
0 0.5340579710144927 0.5631443298969072 0.036231884057971016 0.06958762886597938
0 0.5688405797101449 0.6069587628865979 0.030434782608695653 0.06958762886597938
0 0.5702898550724638 0.6585051546391752 0.030434782608695653 0.059278350515463915
0 0.5144927536231884 0.6404639175257731 0.02318840579710145 0.04381443298969072
0 0.5340579710144927 0.6842783505154639 0.01884057971014493 0.06443298969072164
0 0.5007246376811594 0.586340206185567 0.030434782608695653 0.05412371134020619
0 0.4891304347826087 0.5476804123711341 0.03333333333333333 0.09020618556701031
0 0.5028985507246376 0.49226804123711343 0.02608695652173913 0.07216494845360824
0 0.48695652173913045 0.4652061855670103 0.02608695652173913 0.06958762886597938
0 0.46304347826086956 0.5 0.030434782608695653 0.06701030927835051
0 0.4557971014492754 0.4381443298969072 0.02753623188405797 0.05670103092783505
0 0.4652173913043478 0.32216494845360827 0.05507246376811594 0.061855670103092786
0 0.4384057971014493 0.4845360824742268 0.03333333333333333 0.04639175257731959
0 0.42971014492753623 0.5747422680412371 0.010144927536231883 0.07731958762886598
0 0.45507246376811594 0.5451030927835051 0.03188405797101449 0.05412371134020619
0 0.4666666666666667 0.6378865979381443 0.043478260869565216 0.059278350515463915
0 0.5702898550724638 0.35309278350515466 0.036231884057971016 0.05670103092783505
0 0.5884057971014492 0.5115979381443299 0.028985507246376812 0.06443298969072164
0 0.6507246376811594 0.5193298969072165 0.03768115942028986 0.06443298969072164
0 0.4311594202898551 0.3479381443298969 0.013043478260869565 0.05154639175257732
0 0.6905797101449276 0.38917525773195877 0.03333333333333333 0.061855670103092786
0 0.6847826086956522 0.32603092783505155 0.03333333333333333 0.059278350515463915
0 0.5289855072463768 0.3247422680412371 0.028985507246376812 0.041237113402061855
0 0.5094202898550725 0.2912371134020619 0.02463768115942029 0.041237113402061855
0 0.527536231884058 0.27448453608247425 0.02318840579710145 0.03865979381443299
0 0.48840579710144927 0.38144329896907214 0.028985507246376812 0.041237113402061855
0 0.618840579710145 0.5528350515463918 0.02608695652173913 0.059278350515463915
0 0.6405797101449275 0.5773195876288659 0.02608695652173913 0.04639175257731959
0 0.6 0.6353092783505154 0.028985507246376812 0.04896907216494845
0 0.5898550724637681 0.779639175257732 0.028985507246376812 0.03865979381443299
0 0.6275362318840579 0.7835051546391752 0.02608695652173913 0.03608247422680412
0 0.6246376811594203 0.6675257731958762 0.0463768115942029 0.04639175257731959
0 0.5623188405797102 0.5167525773195877 0.02608695652173913 0.04896907216494845
0 0.6181159420289855 0.8286082474226805 0.02753623188405797 0.04896907216494845
0 0.6173913043478261 0.15206185567010308 0.034782608695652174 0.061855670103092786
0 0.5869565217391305 0.17268041237113402 0.02608695652173913 0.06701030927835051
0 0.4152173913043478 0.38273195876288657 0.030434782608695653 0.04381443298969072
0 0.527536231884058 0.7938144329896907 0.03188405797101449 0.06701030927835051
0 0.5623188405797102 0.7731958762886598 0.03188405797101449 0.07731958762886598
0 0.5391304347826087 0.7538659793814433 0.028985507246376812 0.05412371134020619
0 0.5710144927536231 0.4110824742268041 0.03188405797101449 0.05412371134020619
0 0.5942028985507246 0.10309278350515463 0.03188405797101449 0.04639175257731959
0 0.6884057971014492 0.5257731958762887 0.028985507246376812 0.061855670103092786