0 0.49662596401028275 0.8297164351851852 0.03695372750642673 0.033275462962962965
0 0.34045629820051415 0.2277199074074074 0.02474293059125964 0.017939814814814815
0 0.331780205655527 0.7488425925925926 0.03181233933161954 0.03993055555555555
0 0.36134318766066836 0.8650173611111112 0.05687660668380463 0.019965277777777776
0 0.36873393316195374 0.8961226851851852 0.04209511568123393 0.028935185185185185
0 0.41179305912596403 0.9127604166666666 0.039524421593830336 0.030960648148148147
0 0.3280848329048843 0.9050925925925926 0.03470437017994859 0.024305555555555556
0 0.3402956298200514 0.9282407407407407 0.02956298200514139 0.02662037037037037
0 0.2800449871465296 0.9039351851851852 0.02731362467866324 0.02662037037037037
0 0.2467866323907455 0.8982928240740741 0.02442159383033419 0.04658564814814815
0 0.5570372750642674 0.8230613425925926 0.039524421593830336 0.028645833333333332
0 0.5374357326478149 0.8606770833333334 0.034383033419023136 0.04195601851851852
0 0.581780205655527 0.8618344907407407 0.039524421593830336 0.026331018518518517