0 0.4278598971722365 0.19994212962962962 0.03181233933161954 0.03761574074074074
0 0.68396529562982 0.37297453703703703 0.03695372750642673 0.04224537037037037
0 0.5422557840616966 0.5059317129629629 0.04916452442159383 0.037905092592592594
0 0.4143637532133676 0.5891203703703703 0.05430591259640103 0.05787037037037037
0 0.40311696658097684 0.6290509259259259 0.03695372750642673 0.03530092592592592
0 0.5065874035989717 0.5991030092592593 0.04209511568123393 0.02459490740740741
0 0.4991966580976864 0.5791377314814815 0.04209511568123393 0.028645833333333332
0 0.6187339331619537 0.6079282407407407 0.034383033419023136 0.03761574074074074
0 0.5571979434447301 0.6079282407407407 0.02956298200514139 0.028935185185185185
0 0.5448264781491002 0.64453125 0.039524421593830336 0.02228009259259259
0 0.4955012853470437 0.6280381944444444 0.02956298200514139 0.033275462962962965
0 0.5682840616966581 0.6666666666666666 0.03695372750642673 0.02662037037037037
0 0.5361503856041131 0.6766493055555556 0.03181233933161954 0.028645833333333332
0 0.559607969151671 0.7044270833333334 0.039524421593830336 0.030960648148148147
0 0.5165488431876607 0.6944444444444444 0.03695372750642673 0.024305555555555556
0 0.5016066838046273 0.6811342592592593 0.04691516709511568 0.028935185185185185
0 0.4535668380462725 0.6600115740740741 0.034383033419023136 0.02199074074074074
0 0.46224293059125965 0.6899594907407407 0.03181233933161954 0.02459490740740741
0 0.480719794344473 0.7154224537037037 0.03470437017994859 0.030960648148148147
0 0.5003213367609255 0.7508680555555556 0.02956298200514139 0.03993055555555555
0 0.5263496143958869 0.7310474537037037 0.032133676092544985 0.02228009259259259
0 0.5472365038560412 0.7486979166666666 0.02442159383033419 0.035590277777777776
0 0.5387210796915167 0.7786458333333334 0.02217223650385604 0.028935185185185185
0 0.5041773778920309 0.7986111111111112 0.02699228791773779 0.024305555555555556
0 0.538560411311054 0.8352141203703703 0.02699228791773779 0.030960648148148147