0 0.6450116009280742 0.30828779599271405 0.06496519721577726 0.033697632058287796
0 0.5342227378190255 0.3192167577413479 0.04524361948955916 0.04644808743169399
0 0.47041763341067283 0.2827868852459016 0.03596287703016241 0.03551912568306011
0 0.33178654292343385 0.22586520947176686 0.06496519721577726 0.051001821493624776
0 0.6995359628770301 0.24271402550091076 0.05336426914153132 0.026411657559198543
0 0.6948955916473318 0.2736794171220401 0.03944315545243619 0.03551912568306011
0 0.49303944315545245 0.5842440801457195 0.05336426914153132 0.026411657559198543
0 0.6357308584686775 0.5774134790528234 0.05568445475638051 0.04007285974499089
0 0.6653132250580046 0.645264116575592 0.05916473317865429 0.05555555555555555
0 0.724477958236659 0.6156648451730419 0.05916473317865429 0.030965391621129327
0 0.8683294663573086 0.5851548269581056 0.05916473317865429 0.04644808743169399
0 0.7076566125290024 0.6698542805100182 0.05336426914153132 0.037340619307832425
0 0.675754060324826 0.6930783242258652 0.04524361948955916 0.04007285974499089
0 0.6032482598607889 0.6816939890710383 0.048723897911832945 0.026411657559198543
0 0.8062645011600929 0.7153916211293261 0.05336426914153132 0.03551912568306011
0 0.4831786542923434 0.6798724954462659 0.0568445475638051 0.044626593806921674
0 0.5481438515081206 0.7404371584699454 0.04988399071925754 0.051001821493624776
0 0.484338747099768 0.7486338797814208 0.05916473317865429 0.04007285974499089
0 0.5609048723897911 0.849271402550091 0.054524361948955914 0.028233151183970857
0 0.6554524361948956 0.8702185792349727 0.06728538283062645 0.0482695810564663
0 0.5719257540603249 0.7044626593806922 0.05336426914153132 0.03551912568306011
0 0.4605568445475638 0.1320582877959927 0.03944315545243619 0.04918032786885246
0 0.4170533642691415 0.16530054644808742 0.042923433874709975 0.05737704918032787
0 0.5185614849187935 0.10974499089253188 0.048723897911832945 0.044626593806921674