0 0.6752892030848329 0.4262152777777778 0.04916452442159383 0.024305555555555556
0 0.6198586118251928 0.3297164351851852 0.04177377892030849 0.030960648148148147
0 0.7035668380462725 0.36747685185185186 0.04209511568123393 0.02662037037037037
0 0.6764138817480719 0.32740162037037035 0.012210796915167094 0.044270833333333336
0 0.386086118251928 0.6566840277777778 0.03695372750642673 0.028645833333333332
0 0.4350899742930591 0.6833043981481481 0.02699228791773779 0.02459490740740741
0 0.40681233933161953 0.7154224537037037 0.04434447300771208 0.030960648148148147
0 0.37724935732647813 0.7553530092592593 0.02956298200514139 0.030960648148148147
0 0.4156491002570694 0.7565104166666666 0.02217223650385604 0.04195601851851852
0 0.4633676092544987 0.7531828703703703 0.02956298200514139 0.04456018518518518
0 0.4930912596401028 0.7277199074074074 0.039524421593830336 0.028935185185185185
0 0.28631105398457585 0.6932870370370371 0.014781491002570694 0.04456018518518518
0 0.3120179948586118 0.6535011574074074 0.032133676092544985 0.01765046296296296
0 0.2493573264781491 0.6488715277777778 0.04434447300771208 0.030960648148148147
0 0.2455012853470437 0.7531828703703703 0.04177377892030849 0.03530092592592592
0 0.2591580976863753 0.7897858796296297 0.04916452442159383 0.037905092592592594
0 0.37612467866323906 0.9105902777777778 0.046593830334190234 0.017939814814814815
0 0.36134318766066836 0.9360532407407407 0.05173521850899743 0.05092592592592592
0 0.603952442159383 0.7986111111111112 0.039524421593830336 0.024305555555555556
0 0.5461118251928021 0.8109085648148148 0.03695372750642673 0.030960648148148147
0 0.5261889460154242 0.7764756944444444 0.03695372750642673 0.037905092592592594
0 0.43026992287917737 0.8894675925925926 0.036632390745501286 0.024305555555555556
0 0.48682519280205655 0.9116030092592593 0.04691516709511568 0.033275462962962965
0 0.5361503856041131 0.9239004629629629 0.04209511568123393 0.03530092592592592
0 0.5902956298200515 0.9393807870370371 0.04177377892030849 0.035590277777777776
0 0.581780205655527 0.9704861111111112 0.034383033419023136 0.02662037037037037
0 0.4670629820051414 0.9638310185185185 0.03695372750642673 0.03125
0 0.7157776349614395 0.32407407407407407 0.02217223650385604 0.028935185185185185
0 0.7207583547557841 0.29195601851851855 0.056555269922879174 0.02662037037037037