0 0.6948907455012854 0.35517939814814814 0.05430591259640103 0.04658564814814815
0 0.6198586118251928 0.2643229166666667 0.04177377892030849 0.033275462962962965
0 0.7048521850899743 0.2952835648148148 0.04916452442159383 0.028645833333333332
0 0.5250642673521851 0.04152199074074074 0.04948586118251928 0.044270833333333336
0 0.49180591259640105 0.0669849537037037 0.08129820051413882 0.04658564814814815
0 0.4389460154241645 0.08912037037037036 0.03920308483290488 0.03761574074074074
0 0.3415809768637532 0.048177083333333336 0.032133676092544985 0.044270833333333336
0 0.2726542416452442 0.0625 0.05173521850899743 0.03298611111111111
0 0.29611182519280205 0.26099537037037035 0.01960154241645244 0.03530092592592592
0 0.3452763496143959 0.2465277777777778 0.04916452442159383 0.04224537037037037
0 0.5607326478149101 0.09013310185185185 0.032133676092544985 0.05758101851851852
0 0.5829048843187661 0.09794560185185185 0.032133676092544985 0.028645833333333332
0 0.6309447300771208 0.0802951388888889 0.07358611825192803 0.059895833333333336
0 0.8415809768637532 0.5536747685185185 0.04691516709511568 0.044270833333333336
0 0.799646529562982 0.5836226851851852 0.03695372750642673 0.05092592592592592
0 0.8587724935732648 0.6200810185185185 0.05173521850899743 0.05324074074074074
0 0.9583868894601543 0.6145833333333334 0.02474293059125964 0.028935185185185185
0 0.9424807197943444 0.6467013888888888 0.04691516709511568 0.03993055555555555
0 0.8587724935732648 0.7110821759259259 0.03181233933161954 0.030960648148148147
0 0.8500964010282777 0.7521701388888888 0.039524421593830336 0.033275462962962965
0 0.9068123393316195 0.7798032407407407 0.05398457583547558 0.03993055555555555
0 0.6137532133676092 0.64453125 0.08868894601542417 0.06221064814814815
0 0.6765745501285347 0.7942708333333334 0.03695372750642673 0.03761574074074074
0 0.6444408740359897 0.7586805555555556 0.02217223650385604 0.015625
0 0.7122429305912596 0.8285590277777778 0.04916452442159383 0.02228009259259259
0 0.5779241645244216 0.8972800925925926 0.05173521850899743 0.04456018518518518
0 0.6555269922879178 0.8561921296296297 0.05912596401028278 0.03761574074074074
0 0.7183483290488432 0.9006076388888888 0.05687660668380463 0.028645833333333332
0 0.8537917737789203 0.8330439814814815 0.056555269922879174 0.03530092592592592