0 0.5079397394136808 0.7207414215686274 0.03216612377850163 0.07383578431372549
0 0.4740431596091205 0.6672794117647058 0.035627035830618894 0.06372549019607843
0 0.6162459283387622 0.780484068627451 0.04234527687296417 0.05606617647058824
0 0.49776058631921827 0.35799632352941174 0.025244299674267102 0.040747549019607844
0 0.511400651465798 0.39736519607843135 0.03216612377850163 0.04350490196078431
0 0.5112988599348535 0.30300245098039214 0.028705211726384364 0.04840686274509804
0 0.46651058631921827 0.33118872549019607 0.02707654723127036 0.04840686274509804
0 0.6484120521172638 0.39231004901960786 0.04560260586319218 0.06893382352941177
0 0.5713558631921825 0.39981617647058826 0.02707654723127036 0.04840686274509804
0 0.573900651465798 0.4762561274509804 0.06270358306188925 0.0940563725490196
0 0.39281351791530944 0.6749387254901961 0.03888436482084691 0.07904411764705882