0 0.3735440931780366 0.27375 0.064891846921797 0.0525
0 0.5723793677204659 0.496875 0.0632279534109817 0.04625
0 0.7246256239600666 0.4475 0.07154742096505824 0.055
0 0.8161397670549085 0.62875 0.064891846921797 0.035
0 0.8161397670549085 0.503125 0.05823627287853577 0.06375
0 0.7695507487520798 0.739375 0.06156405990016639 0.05375
0 0.48668885191347755 0.73375 0.09816971713810316 0.0725
0 0.37437603993344426 0.654375 0.07986688851913477 0.04625
0 0.31863560732113144 0.66625 0.06821963394342762 0.0675
0 0.3643926788685524 0.70625 0.07653910149750416 0.045
0 0.38352745424292845 0.7575 0.08485856905158069 0.0625
0 0.20299500831946754 0.756875 0.07321131447587355 0.04375
0 0.4858569051580699 0.848125 0.05324459234608985 0.04375
0 0.5 0.7925 0.064891846921797 0.0525
0 0.7046589018302829 0.8125 0.03826955074875208 0.0225
0 0.33943427620632277 0.809375 0.07321131447587355 0.04125
0 0.3136439267886855 0.87 0.05823627287853577 0.0525
0 0.44093178036605657 0.2925 0.05324459234608985 0.05
0 0.3277870216306156 0.428125 0.07321131447587355 0.03375
0 0.34193011647254573 0.46 0.08485856905158069 0.0525
0 0.5058236272878536 0.415625 0.06655574043261231 0.07125
0 0.6198003327787022 0.53125 0.06156405990016639 0.0575
0 0.6946755407653911 0.48 0.07154742096505824 0.03
0 0.5307820299500832 0.663125 0.07321131447587355 0.04625
0 0.5881863560732113 0.633125 0.05823627287853577 0.05375
0 0.6697171381031614 0.75875 0.03161397670549085 0.0375
0 0.5906821963394343 0.8025 0.05324459234608985 0.05
0 0.5648918469217971 0.86125 0.07154742096505824 0.0625
0 0.4301164725457571 0.434375 0.08485856905158069 0.05375
0 0.1772046589018303 0.50125 0.051580698835274545 0.0325
0 0.025790349417637273 0.506875 0.051580698835274545 0.03375
0 0.015806988352745424 0.458125 0.03161397670549085 0.03875
0 0.16139767054908485 0.65375 0.059900166389351084 0.0375
0 0.3752079866888519 0.8925 0.048252911813643926 0.04
0 0.44841930116472545 0.938125 0.048252911813643926 0.03625
0 0.31530782029950083 0.9725 0.04492512479201331 0.035
0 0.2978369384359401 0.928125 0.04991680532445923 0.04125
0 0.7703826955074875 0.936875 0.06655574043261231 0.08375
0 0.6472545757071547 0.613125 0.059900166389351084 0.07875
0 0.7337770382695508 0.595625 0.04658901830282862 0.03875
0 0.7071547420965059 0.624375 0.04658901830282862 0.04625
0 0.8144758735440932 0.55625 0.048252911813643926 0.04
0 0.35856905158069885 0.36625 0.06821963394342762 0.0275
0 0.1281198003327787 0.560625 0.059900166389351084 0.02875
0 0.3302828618968386 0.629375 0.07820299500831947 0.04625
0 0.413477537437604 0.98 0.04159733777038269 0.0325
0 0.5549084858569051 0.975625 0.051580698835274545 0.03625
0 0.21880199667221298 0.9675 0.05823627287853577 0.0325
0 0.18136439267886856 0.705 0.059900166389351084 0.035
0 0.6422628951747088 0.445 0.0632279534109817 0.04
0 0.3985024958402662 0.23875 0.05490848585690516 0.03