0 0.5804948586118251 0.27097800925925924 0.04209511568123393 0.04658564814814815
0 0.4672236503856041 0.2243923611111111 0.02699228791773779 0.04658564814814815
0 0.46593830334190234 0.28096064814814814 0.04434447300771208 0.02662037037037037
0 0.47332904884318766 0.3152488425925926 0.06876606683804627 0.033275462962962965
0 0.36873393316195374 0.20442708333333334 0.06651670951156813 0.051215277777777776
0 0.7787596401028277 0.3428819444444444 0.039524421593830336 0.03993055555555555
0 0.9227185089974294 0.6423611111111112 0.03695372750642673 0.03993055555555555
0 0.8611825192802056 0.6455439814814815 0.04177377892030849 0.03761574074074074
0 0.8046272493573264 0.6932870370370371 0.04177377892030849 0.03530092592592592
0 0.7713688946015425 0.71875 0.039524421593830336 0.028935185185185185
0 0.7405205655526992 0.7486979166666666 0.03695372750642673 0.044270833333333336
0 0.6752892030848329 0.8052662037037037 0.034383033419023136 0.04224537037037037
0 0.62853470437018 0.7476851851851852 0.02956298200514139 0.03761574074074074
0 0.6063624678663239 0.7753182870370371 0.05398457583547558 0.044270833333333336
0 0.5793701799485861 0.8839699074074074 0.04434447300771208 0.03993055555555555
0 0.6372107969151671 0.9016203703703703 0.04177377892030849 0.03993055555555555
0 0.7379498714652957 0.8696469907407407 0.03695372750642673 0.04195601851851852
0 0.46224293059125965 0.9383680555555556 0.03181233933161954 0.028935185185185185
0 0.5126928020565553 0.9249131944444444 0.01960154241645244 0.033275462962962965
0 0.38962082262210795 0.9205729166666666 0.034383033419023136 0.04195601851851852
0 0.708547557840617 0.9283854166666666 0.032133676092544985 0.030960648148148147