0 0.35294117647058826 0.2764227642276423 0.058823529411764705 0.06504065040650407
0 0.3284313725490196 0.16869918699186992 0.049019607843137254 0.052845528455284556
0 0.3946078431372549 0.08943089430894309 0.08333333333333333 0.04878048780487805
0 0.3946078431372549 0.14227642276422764 0.03431372549019608 0.04065040650406504
0 0.27205882352941174 0.18292682926829268 0.08333333333333333 0.04878048780487805
0 0.21568627450980393 0.20121951219512196 0.058823529411764705 0.06910569105691057
0 0.38480392156862747 0.4634146341463415 0.05392156862745098 0.04065040650406504
0 0.37254901960784315 0.4959349593495935 0.029411764705882353 0.056910569105691054
0 0.32598039215686275 0.4715447154471545 0.07352941176470588 0.04878048780487805
0 0.33088235294117646 0.5203252032520326 0.05392156862745098 0.056910569105691054
0 0.20098039215686275 0.5101626016260162 0.06862745098039216 0.052845528455284556
0 0.15441176470588236 0.5 0.06372549019607843 0.056910569105691054
0 0.23529411764705882 0.556910569105691 0.06862745098039216 0.04878048780487805
0 0.2916666666666667 0.5284552845528455 0.06372549019607843 0.04065040650406504
0 0.17892156862745098 0.40447154471544716 0.05392156862745098 0.036585365853658534
0 0.13970588235294118 0.6056910569105691 0.04411764705882353 0.04878048780487805
0 0.19852941176470587 0.6686991869918699 0.07352941176470588 0.052845528455284556
0 0.3897058823529412 0.5508130081300813 0.05392156862745098 0.036585365853658534
0 0.4852941176470588 0.5833333333333334 0.0392156862745098 0.052845528455284556
0 0.5392156862745098 0.5772357723577236 0.058823529411764705 0.04878048780487805
0 0.5588235294117647 0.6178861788617886 0.06862745098039216 0.06504065040650407
0 0.2818627450980392 0.6788617886178862 0.07352941176470588 0.04065040650406504
0 0.37745098039215685 0.7215447154471545 0.058823529411764705 0.036585365853658534
0 0.37254901960784315 0.6869918699186992 0.049019607843137254 0.032520325203252036
0 0.36764705882352944 0.8028455284552846 0.049019607843137254 0.044715447154471545
0 0.7254901960784313 0.9207317073170732 0.0392156862745098 0.052845528455284556
0 0.7622549019607843 0.8333333333333334 0.05392156862745098 0.056910569105691054
0 0.7181372549019608 0.8150406504065041 0.06372549019607843 0.052845528455284556
0 0.6617647058823529 0.9186991869918699 0.058823529411764705 0.04878048780487805
0 0.4877450980392157 0.766260162601626 0.06372549019607843 0.06097560975609756