0 0.8115942028985508 0.47554347826086957 0.02608695652173913 0.035869565217391305
0 0.6717391304347826 0.4391304347826087 0.04782608695652174 0.02826086956521739
0 0.6818840579710145 0.4722826086956522 0.05652173913043478 0.03804347826086957
0 0.6108695652173913 0.4559782608695652 0.02753623188405797 0.04021739130434782
0 0.6876811594202898 0.5396739130434782 0.050724637681159424 0.04456521739130435
0 0.7108695652173913 0.5875 0.06231884057971015 0.03804347826086957
0 0.7007246376811594 0.7217391304347827 0.0536231884057971 0.034782608695652174
0 0.7384057971014493 0.7505434782608695 0.06811594202898551 0.014130434782608696
0 0.6021739130434782 0.6896739130434782 0.03333333333333333 0.042391304347826085
0 0.5891304347826087 0.6201086956521739 0.07101449275362319 0.057608695652173914
0 0.5456521739130434 0.5733695652173914 0.02753623188405797 0.04456521739130435
0 0.6007246376811595 0.5679347826086957 0.06521739130434782 0.04673913043478261
0 0.46159420289855074 0.6108695652173913 0.036231884057971016 0.030434782608695653
0 0.5173913043478261 0.6228260869565218 0.034782608695652174 0.02391304347826087
0 0.4971014492753623 0.6505434782608696 0.04057971014492753 0.04456521739130435
0 0.39057971014492754 0.6641304347826087 0.04782608695652174 0.02608695652173913
0 0.47753623188405797 0.716304347826087 0.04492753623188406 0.03695652173913044
0 0.5101449275362319 0.7255434782608695 0.03188405797101449 0.051086956521739134
0 0.5695652173913044 0.7364130434782609 0.04927536231884058 0.03804347826086957
0 0.3739130434782609 0.6228260869565218 0.02608695652173913 0.02391304347826087
0 0.41231884057971013 0.5929347826086957 0.05652173913043478 0.06630434782608696
0 0.43043478260869567 0.5554347826086956 0.04927536231884058 0.030434782608695653
0 0.4891304347826087 0.5755434782608696 0.07391304347826087 0.05326086956521739
0 0.4572463768115942 0.5222826086956521 0.02753623188405797 0.03152173913043478
0 0.5173913043478261 0.5135869565217391 0.034782608695652174 0.04021739130434782
0 0.4427536231884058 0.4592391304347826 0.050724637681159424 0.04673913043478261
0 0.47608695652173916 0.4842391304347826 0.04782608695652174 0.04021739130434782
0 0.36376811594202896 0.4548913043478261 0.0463768115942029 0.042391304347826085
0 0.3992753623188406 0.4842391304347826 0.0536231884057971 0.04891304347826087
0 0.43623188405797103 0.37880434782608696 0.043478260869565216 0.042391304347826085
0 0.5217391304347826 0.33043478260869563 0.02608695652173913 0.04565217391304348
0 0.5826086956521739 0.28695652173913044 0.0463768115942029 0.034782608695652174
0 0.6789855072463769 0.3179347826086957 0.04492753623188406 0.02717391304347826
0 0.7021739130434783 0.28152173913043477 0.050724637681159424 0.04565217391304348
0 0.7355072463768116 0.23532608695652174 0.050724637681159424 0.03804347826086957
0 0.7355072463768116 0.1907608695652174 0.050724637681159424 0.05543478260869565
0 0.34782608695652173 0.571195652173913 0.06086956521739131 0.04456521739130435
0 0.2920289855072464 0.6152173913043478 0.05652173913043478 0.034782608695652174
0 0.41231884057971013 0.7048913043478261 0.050724637681159424 0.042391304347826085
0 0.5514492753623188 0.6717391304347826 0.06231884057971015 0.041304347826086954
0 0.43623188405797103 0.6592391304347827 0.03768115942028986 0.04456521739130435
0 0.8753623188405797 0.4418478260869565 0.057971014492753624 0.05326086956521739
0 0.7920289855072464 0.6440217391304348 0.07101449275362319 0.06195652173913044
0 0.7166666666666667 0.7831521739130435 0.07971014492753623 0.05543478260869565
0 0.6992753623188406 0.6451086956521739 0.08550724637681159 0.059782608695652176
0 0.8 0.41956521739130437 0.04927536231884058 0.03260869565217391
0 0.8449275362318841 0.4945652173913043 0.05217391304347826 0.043478260869565216
0 0.8891304347826087 0.5059782608695652 0.0536231884057971 0.035869565217391305
0 0.5695652173913044 0.49130434782608695 0.06666666666666667 0.0391304347826087
0 0.8028985507246377 0.6929347826086957 0.057971014492753624 0.04021739130434782
0 0.36086956521739133 0.683695652173913 0.057971014492753624 0.03695652173913044
0 0.6579710144927536 0.6173913043478261 0.057971014492753624 0.041304347826086954
0 0.28695652173913044 0.5434782608695652 0.04927536231884058 0.03695652173913044
0 0.3144927536231884 0.4625 0.0463768115942029 0.03152173913043478
0 0.372463768115942 0.3657608695652174 0.0463768115942029 0.02717391304347826
0 0.49782608695652175 0.3717391304347826 0.0536231884057971 0.03260869565217391
0 0.47681159420289854 0.33804347826086956 0.04927536231884058 0.034782608695652174
0 0.34782608695652173 0.6369565217391304 0.03188405797101449 0.02391304347826087
0 0.3318840579710145 0.6532608695652173 0.04057971014492753 0.02391304347826087
0 0.27246376811594203 0.6771739130434783 0.03188405797101449 0.02826086956521739
0 0.3065217391304348 0.6744565217391304 0.04492753623188406 0.03369565217391304
0 0.413768115942029 0.7510869565217392 0.04492753623188406 0.02608695652173913
0 0.6152173913043478 0.5396739130434782 0.042028985507246375 0.035869565217391305
0 0.7094202898550724 0.38858695652173914 0.036231884057971016 0.02717391304347826
0 0.7971014492753623 0.503804347826087 0.04057971014492753 0.029347826086956522