0 0.6857798165137615 0.3235294117647059 0.05963302752293578 0.058823529411764705
0 0.6399082568807339 0.25935828877005346 0.05963302752293578 0.058823529411764705
0 0.6880733944954128 0.21122994652406418 0.07339449541284404 0.08021390374331551
0 0.5665137614678899 0.35561497326203206 0.05963302752293578 0.09090909090909091
0 0.6284403669724771 0.4304812834224599 0.05504587155963303 0.058823529411764705
0 0.5986238532110092 0.4839572192513369 0.04128440366972477 0.0481283422459893
0 0.6307339449541285 0.5213903743315508 0.05045871559633028 0.058823529411764705
0 0.30275229357798167 0.3770053475935829 0.045871559633027525 0.0481283422459893
0 0.3876146788990826 0.5561497326203209 0.04128440366972477 0.06417112299465241
0 0.3463302752293578 0.5561497326203209 0.04128440366972477 0.053475935828877004
0 0.45871559633027525 0.56951871657754 0.045871559633027525 0.058823529411764705
0 0.6972477064220184 0.45187165775401067 0.045871559633027525 0.058823529411764705
0 0.5275229357798165 0.713903743315508 0.07339449541284404 0.058823529411764705
0 0.4541284403669725 0.93048128342246 0.06422018348623854 0.053475935828877004
0 0.3165137614678899 0.8823529411764706 0.027522935779816515 0.06417112299465241
0 0.3922018348623853 0.7620320855614974 0.05045871559633028 0.058823529411764705
0 0.5963302752293578 0.7754010695187166 0.045871559633027525 0.053475935828877004
0 0.6376146788990825 0.7245989304812834 0.05504587155963303 0.058823529411764705
0 0.9243119266055045 0.7352941176470589 0.04128440366972477 0.058823529411764705
0 0.9197247706422018 0.8048128342245989 0.05963302752293578 0.09090909090909091
0 0.6215596330275229 0.20320855614973263 0.05045871559633028 0.053475935828877004
0 0.5160550458715596 0.24331550802139038 0.0779816513761468 0.06951871657754011
0 0.5206422018348624 0.31016042780748665 0.05963302752293578 0.053475935828877004
0 0.41284403669724773 0.35294117647058826 0.06422018348623854 0.06417112299465241
0 0.5344036697247706 0.42780748663101603 0.06880733944954129 0.06417112299465241
0 0.5252293577981652 0.5374331550802139 0.06880733944954129 0.058823529411764705
0 0.5137614678899083 0.6390374331550802 0.05504587155963303 0.08021390374331551
0 0.5802752293577982 0.5828877005347594 0.04128440366972477 0.06417112299465241
0 0.6422018348623854 0.606951871657754 0.05504587155963303 0.06951871657754011
0 0.6857798165137615 0.6737967914438503 0.03211009174311927 0.06417112299465241
0 0.7293577981651376 0.6470588235294118 0.05504587155963303 0.0748663101604278
0 0.4793577981651376 0.7192513368983957 0.05963302752293578 0.058823529411764705
0 0.44036697247706424 0.7566844919786097 0.06422018348623854 0.058823529411764705
0 0.42660550458715596 0.6176470588235294 0.05504587155963303 0.0481283422459893
0 0.35091743119266056 0.6764705882352942 0.05045871559633028 0.06951871657754011
0 0.3830275229357798 0.9411764705882353 0.05045871559633028 0.0748663101604278
0 0.7064220183486238 0.786096256684492 0.06422018348623854 0.0748663101604278
0 0.8440366972477065 0.6631016042780749 0.045871559633027525 0.0427807486631016
0 0.8142201834862385 0.5454545454545454 0.05045871559633028 0.0427807486631016
0 0.4243119266055046 0.8181818181818182 0.04128440366972477 0.06417112299465241
0 0.5206422018348624 0.9090909090909091 0.04128440366972477 0.053475935828877004
0 0.5298165137614679 0.9438502673796791 0.04128440366972477 0.0374331550802139
0 0.555045871559633 0.8663101604278075 0.027522935779816515 0.053475935828877004
0 0.5665137614678899 0.9171122994652406 0.04128440366972477 0.0481283422459893
0 0.5825688073394495 0.9518716577540107 0.03669724770642202 0.0427807486631016
0 0.6100917431192661 0.9117647058823529 0.045871559633027525 0.0481283422459893
0 0.5871559633027523 0.8850267379679144 0.03669724770642202 0.0481283422459893
0 0.3119266055045872 0.7593582887700535 0.03669724770642202 0.0427807486631016
0 0.32798165137614677 0.8128342245989305 0.04128440366972477 0.053475935828877004
0 0.3623853211009174 0.8716577540106952 0.045871559633027525 0.0748663101604278
0 0.4288990825688073 0.48663101604278075 0.03211009174311927 0.06417112299465241
0 0.463302752293578 0.48663101604278075 0.05504587155963303 0.0427807486631016
0 0.4380733944954128 0.42245989304812837 0.05045871559633028 0.053475935828877004
0 0.5 0.3689839572192513 0.06422018348623854 0.053475935828877004