0 0.48984375 0.15492957746478872 0.0390625 0.028169014084507043
0 0.425 0.2494131455399061 0.04375 0.036384976525821594
0 0.4625 0.27816901408450706 0.05625 0.04460093896713615
0 0.6359375 0.29577464788732394 0.0875 0.04929577464788732
0 0.75390625 0.3767605633802817 0.0296875 0.028169014084507043
0 0.4390625 0.630868544600939 0.05625 0.04342723004694836
0 0.8234375 0.42018779342723006 0.0625 0.03990610328638498
0 0.7984375 0.448943661971831 0.059375 0.036384976525821594
0 0.675 0.7365023474178404 0.05 0.02464788732394366
0 0.6078125 0.7353286384976526 0.05 0.02699530516431925
0 0.7421875 0.33274647887323944 0.071875 0.05985915492957746
0 0.72734375 0.37910798122065725 0.0578125 0.06338028169014084
0 0.79921875 0.3550469483568075 0.0671875 0.05046948356807512
0 0.7578125 0.4847417840375587 0.0625 0.035211267605633804
0 0.8171875 0.49002347417840375 0.0625 0.05046948356807512
0 0.709375 0.5088028169014085 0.071875 0.03169014084507042
0 0.72265625 0.5387323943661971 0.0453125 0.046948356807511735
0 0.7078125 0.5762910798122066 0.05 0.03286384976525822
0 0.6734375 0.5275821596244131 0.053125 0.03403755868544601
0 0.6609375 0.5563380281690141 0.05625 0.046948356807511735
0 0.58125 0.5645539906103286 0.05 0.03051643192488263
0 0.56640625 0.5997652582159625 0.0515625 0.03051643192488263
0 0.534375 0.5645539906103286 0.04375 0.03051643192488263
0 0.40234375 0.7053990610328639 0.0421875 0.03286384976525822
0 0.46015625 0.7007042253521126 0.0515625 0.03755868544600939
0 0.37890625 0.7347417840375586 0.0359375 0.03051643192488263
0 0.3921875 0.7769953051643192 0.0625 0.04460093896713615
0 0.45625 0.7769953051643192 0.046875 0.035211267605633804
0 0.49140625 0.7758215962441315 0.0296875 0.028169014084507043
0 0.5265625 0.7916666666666666 0.034375 0.045774647887323945
0 0.5546875 0.7676056338028169 0.05625 0.04225352112676056