0 0.8925 0.511875 0.065 0.05125
0 0.7983333333333333 0.729375 0.08333333333333333 0.07875
0 0.705 0.52375 0.05 0.06
0 0.655 0.475625 0.07333333333333333 0.04875
0 0.63 0.413125 0.06666666666666667 0.04875
0 0.5341666666666667 0.419375 0.09166666666666666 0.04625
0 0.5458333333333333 0.460625 0.09833333333333333 0.04875
0 0.5441666666666667 0.5275 0.11166666666666666 0.0425
0 0.5483333333333333 0.576875 0.12666666666666668 0.04625
0 0.4375 0.531875 0.041666666666666664 0.04625
0 0.7141666666666666 0.61125 0.06166666666666667 0.0225
0 0.8858333333333334 0.4025 0.045 0.045
0 0.9 0.3525 0.05 0.02
0 0.8175 0.40125 0.06166666666666667 0.0425
0 0.7733333333333333 0.433125 0.06666666666666667 0.04375
0 0.7408333333333333 0.395625 0.06166666666666667 0.03625
0 0.8833333333333333 0.300625 0.056666666666666664 0.02625
0 0.8733333333333333 0.214375 0.056666666666666664 0.04875
0 0.89 0.24375 0.04666666666666667 0.02
0 0.75 0.055625 0.07333333333333333 0.02875
0 0.6758333333333333 0.163125 0.051666666666666666 0.04375
0 0.6475 0.2175 0.065 0.02
0 0.6741666666666667 0.25625 0.058333333333333334 0.04
0 0.6583333333333333 0.34 0.07333333333333333 0.045
0 0.5775 0.334375 0.065 0.04625
0 0.76 0.199375 0.07 0.04625
0 0.9358333333333333 0.39625 0.03833333333333333 0.04
0 0.745 0.344375 0.08333333333333333 0.04875
0 0.7925 0.2625 0.041666666666666664 0.03
0 0.9758333333333333 0.33 0.045 0.0325
0 0.8408333333333333 0.5575 0.035 0.0275
0 0.7958333333333333 0.5425 0.055 0.0275
0 0.8416666666666667 0.5275 0.05 0.03
0 0.9266666666666666 0.623125 0.05 0.03375
0 0.9033333333333333 0.666875 0.056666666666666664 0.04625
0 0.8141666666666667 0.63125 0.075 0.0475
0 0.8433333333333334 0.665 0.06333333333333334 0.035
0 0.5875 0.214375 0.04833333333333333 0.04125
0 0.7108333333333333 0.105625 0.055 0.02875
0 0.7933333333333333 0.15125 0.06333333333333334 0.0375
0 0.4708333333333333 0.455 0.041666666666666664 0.04
0 0.6991666666666667 0.4425 0.041666666666666664 0.0375
0 0.8516666666666667 0.450625 0.05333333333333334 0.04125
0 0.8325 0.374375 0.055 0.02875
0 0.8325 0.340625 0.055 0.03875
0 0.6216666666666667 0.291875 0.04 0.03625
0 0.7375 0.24375 0.051666666666666666 0.025
0 0.8233333333333334 0.206875 0.043333333333333335 0.03125
0 0.8275 0.239375 0.045 0.03375
0 0.6266666666666667 0.15125 0.05 0.0325
0 0.76 0.10625 0.05333333333333334 0.0325
0 0.685 0.299375 0.06666666666666667 0.03625
0 0.54 0.3825 0.05 0.03
0 0.695 0.3775 0.05 0.0325
0 0.6658333333333334 0.6225 0.041666666666666664 0.03
0 0.6808333333333333 0.649375 0.035 0.02375
0 0.9341666666666667 0.704375 0.041666666666666664 0.03375