0 0.30517241379310345 0.34022988505747126 0.041379310344827586 0.0367816091954023
0 0.2836206896551724 0.3632183908045977 0.04655172413793104 0.05057471264367816
0 0.28879310344827586 0.2850574712643678 0.04655172413793104 0.059770114942528735
0 0.2353448275862069 0.24482758620689654 0.04655172413793104 0.05747126436781609
0 0.19655172413793104 0.271264367816092 0.041379310344827586 0.059770114942528735
0 0.1706896551724138 0.21724137931034482 0.06896551724137931 0.06206896551724138
0 0.18275862068965518 0.40804597701149425 0.034482758620689655 0.029885057471264367
0 0.22586206896551725 0.4666666666666667 0.03793103448275862 0.0367816091954023
0 0.17844827586206896 0.4942528735632184 0.0603448275862069 0.05057471264367816
0 0.2267241379310345 0.5551724137931034 0.04310344827586207 0.04367816091954023
0 0.20689655172413793 0.5839080459770115 0.05172413793103448 0.05517241379310345
0 0.21120689655172414 0.7 0.05 0.029885057471264367
0 0.15258620689655172 0.7413793103448276 0.05 0.04827586206896552
0 0.19827586206896552 0.7919540229885057 0.03793103448275862 0.04367816091954023
0 0.22413793103448276 0.8494252873563218 0.05172413793103448 0.07126436781609195
0 0.2663793103448276 0.7793103448275862 0.032758620689655175 0.05057471264367816
0 0.2836206896551724 0.8459770114942529 0.03620689655172414 0.059770114942528735
0 0.3629310344827586 0.725287356321839 0.04310344827586207 0.052873563218390804
0 0.3887931034482759 0.7931034482758621 0.05344827586206897 0.05517241379310345
0 0.5241379310344828 0.6275862068965518 0.04827586206896552 0.04597701149425287
0 0.5724137931034483 0.667816091954023 0.041379310344827586 0.07586206896551724
0 0.4482758620689655 0.43333333333333335 0.05862068965517241 0.06206896551724138
0 0.44396551724137934 0.5114942528735632 0.0603448275862069 0.08505747126436781
0 0.49482758620689654 0.5183908045977011 0.04827586206896552 0.04827586206896552
0 0.4836206896551724 0.5804597701149425 0.05344827586206897 0.06666666666666667
0 0.44482758620689655 0.5873563218390805 0.027586206896551724 0.04827586206896552
0 0.3775862068965517 0.5666666666666667 0.034482758620689655 0.03908045977011494
0 0.3577586206896552 0.603448275862069 0.03620689655172414 0.06206896551724138
0 0.44568965517241377 0.6494252873563219 0.039655172413793106 0.03908045977011494
0 0.4353448275862069 0.6862068965517242 0.04310344827586207 0.052873563218390804
0 0.12241379310344827 0.5919540229885057 0.04827586206896552 0.03908045977011494
0 0.18017241379310345 0.6252873563218391 0.04310344827586207 0.04597701149425287
0 0.11206896551724138 0.6574712643678161 0.041379310344827586 0.05517241379310345
0 0.1206896551724138 0.4954022988505747 0.041379310344827586 0.04367816091954023