0 0.3713046272493573 0.29311342592592593 0.03695372750642673 0.03761574074074074
0 0.2972365038560411 0.2864583333333333 0.032133676092544985 0.04224537037037037
0 0.37001928020565555 0.234375 0.039524421593830336 0.05324074074074074
0 0.7639781491002571 0.5502025462962963 0.034383033419023136 0.04658564814814815
0 0.8033419023136247 0.6012731481481481 0.02956298200514139 0.04224537037037037
0 0.7294344473007712 0.6611689814814815 0.03470437017994859 0.03298611111111111
0 0.7490359897172236 0.6921296296296297 0.02956298200514139 0.028935185185185185
0 0.7490359897172236 0.6179108796296297 0.04434447300771208 0.048900462962962965
0 0.6887853470437018 0.63671875 0.04209511568123393 0.04658564814814815
0 0.5989717223650386 0.6733217592592593 0.04948586118251928 0.04456018518518518
0 0.5261889460154242 0.6788194444444444 0.02217223650385604 0.028935185185185185
0 0.6248393316195373 0.7565104166666666 0.04209511568123393 0.04195601851851852
0 0.6383354755784062 0.6323784722222222 0.034383033419023136 0.028645833333333332