0 0.4818444730077121 0.4017650462962963 0.03695372750642673 0.04195601851851852
0 0.5535025706940874 0.36733217592592593 0.05173521850899743 0.030960648148148147
0 0.5324550128534704 0.4461805555555556 0.04948586118251928 0.05092592592592592
0 0.6519922879177378 0.26099537037037035 0.04177377892030849 0.04861111111111111
0 0.6544023136246787 0.16116898148148148 0.046593830334190234 0.05324074074074074
0 0.6924807197943444 0.2243923611111111 0.03470437017994859 0.04195601851851852
0 0.40809768637532134 0.6535011574074074 0.04691516709511568 0.044270833333333336
0 0.4524421593830334 0.6944444444444444 0.04691516709511568 0.04224537037037037
0 0.4930912596401028 0.6357060185185185 0.034383033419023136 0.0798611111111111
0 0.5348650385604113 0.6778067129629629 0.04916452442159383 0.030960648148148147
0 0.5878856041131105 0.7154224537037037 0.05687660668380463 0.044270833333333336
0 0.5237789203084833 0.7388599537037037 0.04177377892030849 0.04658564814814815
0 0.5546272493573264 0.7821180555555556 0.06426735218508997 0.03993055555555555
0 0.6457262210796915 0.6977719907407407 0.05430591259640103 0.044270833333333336
0 0.6813946015424165 0.6634837962962963 0.046593830334190234 0.05092592592592592
0 0.6605077120822622 0.7465277777777778 0.05430591259640103 0.04861111111111111
0 0.6211439588688946 0.7887731481481481 0.04434447300771208 0.03993055555555555