0 0.5063025210084033 0.6984375 0.058823529411764705 0.05
0 0.36869747899159666 0.18671875 0.03571428571428571 0.0359375
0 0.34138655462184875 0.16328125 0.06512605042016807 0.0203125
0 0.3067226890756303 0.38125 0.05042016806722689 0.05625
0 0.2972689075630252 0.3125 0.03571428571428571 0.0375
0 0.6733193277310925 0.2671875 0.0273109243697479 0.040625
0 0.6165966386554622 0.2375 0.04831932773109244 0.0375
0 0.6680672268907563 0.2125 0.037815126050420166 0.046875
0 0.6228991596638656 0.14921875 0.04411764705882353 0.0359375
0 0.8571428571428571 0.2546875 0.046218487394957986 0.034375
0 0.7804621848739496 0.1015625 0.09033613445378151 0.034375
0 0.43067226890756305 0.12734375 0.09243697478991597 0.0484375
0 0.7615546218487395 0.16484375 0.06512605042016807 0.0390625
0 0.6922268907563025 0.9765625 0.06932773109243698 0.03125
0 0.6554621848739496 0.909375 0.06302521008403361 0.0375
0 0.5378151260504201 0.159375 0.09243697478991597 0.065625
0 0.8350840336134454 0.14375 0.0861344537815126 0.05