0 0.33547557840616965 0.31958912037037035 0.03920308483290488 0.059895833333333336
0 0.38223007712082263 0.39742476851851855 0.01960154241645244 0.019965277777777776
0 0.7935411311053985 0.6956018518518519 0.04916452442159383 0.03993055555555555
0 0.7652634961439588 0.7332175925925926 0.03695372750642673 0.02199074074074074
0 0.7687982005141388 0.6433738425925926 0.04916452442159383 0.04658564814814815
0 0.6383354755784062 0.6756365740740741 0.039524421593830336 0.03993055555555555
0 0.5755141388174807 0.7465277777777778 0.04177377892030849 0.03125
0 0.6322300771208226 0.7764756944444444 0.04209511568123393 0.04195601851851852
0 0.5424164524421594 0.33304398148148145 0.02956298200514139 0.028935185185185185
0 0.549646529562982 0.6843171296296297 0.034383033419023136 0.03993055555555555
0 0.6026670951156813 0.7265625 0.04209511568123393 0.02199074074074074
0 0.5645886889460154 0.8219039351851852 0.04434447300771208 0.044270833333333336
0 0.5089974293059126 0.9350405092592593 0.032133676092544985 0.044270833333333336
0 0.5657133676092545 0.9471932870370371 0.03695372750642673 0.04658564814814815