0 0.7270244215938303 0.21773726851851852 0.039524421593830336 0.04195601851851852
0 0.43396529562982006 0.24985532407407407 0.05430591259640103 0.01765046296296296
0 0.11134318766066838 0.5104166666666666 0.04916452442159383 0.03761574074074074
0 0.1817159383033419 0.5237268518518519 0.03695372750642673 0.03761574074074074
0 0.25160668380462725 0.6124131944444444 0.05912596401028278 0.04658564814814815
0 0.2837403598971722 0.65234375 0.03470437017994859 0.033275462962962965
0 0.20131748071979436 0.6743344907407407 0.03695372750642673 0.033275462962962965
0 0.15568766066838047 0.6656539351851852 0.04916452442159383 0.04195601851851852
0 0.09415167095115681 0.6799768518518519 0.04948586118251928 0.03125
0 0.18284061696658097 0.7641782407407407 0.02442159383033419 0.02662037037037037
0 0.2210796915167095 0.7521701388888888 0.04177377892030849 0.033275462962962965
0 0.25546272493573263 0.8207465277777778 0.032133676092544985 0.019965277777777776
0 0.2935411311053985 0.81640625 0.04916452442159383 0.04195601851851852
0 0.43396529562982006 0.8019386574074074 0.04402313624678663 0.01765046296296296
0 0.47332904884318766 0.7676504629629629 0.04948586118251928 0.024305555555555556
0 0.2332904884318766 0.8530092592592593 0.04177377892030849 0.03530092592592592
0 0.2763496143958869 0.8541666666666666 0.03470437017994859 0.03761574074074074
0 0.18155526992287918 0.8807870370370371 0.08097686375321336 0.0642361111111111
0 0.2615681233933162 0.9338831018518519 0.07904884318766067 0.06452546296296297
0 0.3589331619537275 0.2974537037037037 0.032133676092544985 0.06886574074074074
0 0.4019922879177378 0.27980324074074076 0.06876606683804627 0.0642361111111111