0 0.7224137931034482 0.22327586206896552 0.05862068965517241 0.05
0 0.6103448275862069 0.23793103448275862 0.04827586206896552 0.06206896551724138
0 0.6905172413793104 0.30603448275862066 0.08103448275862069 0.07758620689655173
0 0.4956896551724138 0.4387931034482759 0.039655172413793106 0.0603448275862069
0 0.4051724137931034 0.40086206896551724 0.07241379310344828 0.07758620689655173
0 0.3163793103448276 0.6612068965517242 0.10172413793103448 0.056896551724137934
0 0.1267241379310345 0.6681034482758621 0.056896551724137934 0.05344827586206897
0 0.13275862068965516 0.5637931034482758 0.06551724137931035 0.06551724137931035
0 0.44568965517241377 0.19741379310344828 0.07413793103448275 0.04655172413793104
0 0.7146551724137931 0.13275862068965516 0.10517241379310345 0.03793103448275862
0 0.41810344827586204 0.1646551724137931 0.02586206896551724 0.02586206896551724
0 0.4103448275862069 0.11293103448275862 0.06206896551724138 0.0603448275862069
0 0.36551724137931035 0.3275862068965517 0.041379310344827586 0.05172413793103448
0 0.2267241379310345 0.3879310344827586 0.06724137931034482 0.1
0 0.30431034482758623 0.328448275862069 0.04655172413793104 0.0603448275862069
0 0.33448275862068966 0.46120689655172414 0.06896551724137931 0.06379310344827586
0 0.3620689655172414 0.5887931034482758 0.034482758620689655 0.03620689655172414
0 0.4560344827586207 0.575 0.09137931034482759 0.06724137931034482
0 0.28620689655172415 0.8387931034482758 0.06206896551724138 0.07413793103448275
0 0.1543103448275862 0.8517241379310345 0.09137931034482759 0.07931034482758621
0 0.4663793103448276 0.7258620689655172 0.08448275862068966 0.08275862068965517
0 0.5336206896551724 0.7474137931034482 0.07758620689655173 0.05344827586206897
0 0.5232758620689655 0.5517241379310345 0.05 0.07241379310344828
0 0.42758620689655175 0.2853448275862069 0.041379310344827586 0.04655172413793104
0 0.5577586206896552 0.39655172413793105 0.056896551724137934 0.06551724137931035
0 0.2672413793103448 0.6956896551724138 0.07586206896551724 0.07413793103448275