0 0.5273819218241043 0.23560049019607843 0.03033387622149837 0.04595588235294118
0 0.5299267100977199 0.17340686274509803 0.021986970684039087 0.03308823529411765
0 0.6365024429967426 0.17708333333333334 0.05232084690553746 0.061274509803921566
0 0.6442385993485342 0.20894607843137256 0.02707654723127036 0.03799019607843137
0 0.6678542345276873 0.22288602941176472 0.03033387622149837 0.035845588235294115
0 0.663578990228013 0.27512254901960786 0.028705211726384364 0.03799019607843137
0 0.5942589576547231 0.20128676470588236 0.03216612377850163 0.058823529411764705
0 0.5908998371335505 0.11596200980392157 0.018526058631921825 0.040747549019607844
0 0.7059242671009772 0.3388480392156863 0.03888436482084691 0.05330882352941176
0 0.6796620521172638 0.4100796568627451 0.02707654723127036 0.05361519607843137
0 0.4157166123778502 0.3681066176470588 0.02035830618892508 0.040747549019607844
0 0.42671009771986973 0.5234375 0.025244299674267102 0.05606617647058824
0 0.3886400651465798 0.6430759803921569 0.033794788273615636 0.05575980392156863
0 0.3902687296416938 0.7181372549019608 0.02035830618892508 0.03308823529411765
0 0.4919584690553746 0.7895220588235294 0.02707654723127036 0.04840686274509804
0 0.5172027687296417 0.7665441176470589 0.04051302931596091 0.03308823529411765
0 0.4952157980456026 0.7271752450980392 0.050692182410423454 0.09160539215686274
0 0.4284405537459283 0.8302696078431373 0.018526058631921825 0.03308823529411765
0 0.5155741042345277 0.9270833333333334 0.0372557003257329 0.04840686274509804
0 0.5450936482084691 0.9537377450980392 0.025447882736156353 0.025735294117647058
0 0.5638232899022801 0.9155943627450981 0.028705211726384364 0.035845588235294115