0 0.6235539845758354 0.2365451388888889 0.034383033419023136 0.030960648148148147
0 0.5348650385604113 0.24088541666666666 0.02474293059125964 0.030960648148148147
0 0.4476221079691517 0.7021122685185185 0.04177377892030849 0.02228009259259259
0 0.41789845758354754 0.25202546296296297 0.03695372750642673 0.03993055555555555
0 0.30960796915167094 0.33405671296296297 0.002249357326478149 0.004340277777777778
0 0.29611182519280205 0.31640625 0.02474293059125964 0.030960648148148147
0 0.3454370179948586 0.2986111111111111 0.04434447300771208 0.03993055555555555
0 0.2861503856041131 0.25766782407407407 0.034383033419023136 0.04658564814814815
0 0.1778598971722365 0.45167824074074076 0.039524421593830336 0.061921296296296294
0 0.17416452442159383 0.5613425925925926 0.02699228791773779 0.04224537037037037
0 0.35266709511568123 0.6611689814814815 0.039524421593830336 0.03298611111111111