0 0.3380462724935733 0.5182291666666666 0.02956298200514139 0.03993055555555555
0 0.28116966580976865 0.5203993055555556 0.02956298200514139 0.035590277777777776
0 0.7578727506426736 0.6866319444444444 0.05173521850899743 0.03993055555555555
0 0.7059768637532133 0.7576678240740741 0.08611825192802057 0.06221064814814815
0 0.7602827763496144 0.7353877314814815 0.04691516709511568 0.035590277777777776
0 0.7405205655526992 0.6345486111111112 0.05173521850899743 0.0642361111111111
0 0.7763496143958869 0.6046006944444444 0.05912596401028278 0.05758101851851852
0 0.8070372750642674 0.6213831018518519 0.046593830334190234 0.04658564814814815
0 0.8574871465295629 0.6145833333333334 0.06908740359897173 0.05092592592592592
0 0.46095758354755784 0.8806423611111112 0.01960154241645244 0.028645833333333332
0 0.8526670951156813 0.5014467592592593 0.039524421593830336 0.028935185185185185
0 0.8711439588688946 0.45717592592592593 0.056555269922879174 0.04224537037037037
0 0.8550771208226221 0.3107638888888889 0.05912596401028278 0.0642361111111111
0 0.7048521850899743 0.2443576388888889 0.05430591259640103 0.059895833333333336
0 0.7541773778920309 0.2664930555555556 0.05912596401028278 0.06886574074074074
0 0.756426735218509 0.02155671296296296 0.02956298200514139 0.035590277777777776
0 0.7368251928020566 0.0625 0.05398457583547558 0.0642361111111111
0 0.7589974293059126 0.1511863425925926 0.03470437017994859 0.04658564814814815
0 0.7009961439588689 0.16333912037037038 0.03695372750642673 0.035590277777777776
0 0.5387210796915167 0.6611689814814815 0.03695372750642673 0.028935185185185185
0 0.4955012853470437 0.5580150462962963 0.02956298200514139 0.02228009259259259
0 0.6015424164524421 0.8596643518518519 0.04434447300771208 0.02662037037037037
0 0.549646529562982 0.9184027777777778 0.039524421593830336 0.04224537037037037
0 0.6261246786632391 0.9260706018518519 0.039524421593830336 0.05758101851851852