0 0.4535668380462725 0.4583333333333333 0.04916452442159383 0.04861111111111111
0 0.49662596401028275 0.3927951388888889 0.05173521850899743 0.04658564814814815
0 0.4413560411311054 0.4050925925925926 0.05430591259640103 0.03993055555555555
0 0.39090616966580977 0.44719328703703703 0.05173521850899743 0.044270833333333336
0 0.3587724935732648 0.4759837962962963 0.05173521850899743 0.04861111111111111
0 0.2800449871465296 0.4461805555555556 0.04209511568123393 0.03761574074074074
0 0.2639781491002571 0.5147569444444444 0.04916452442159383 0.03761574074074074
0 0.3378856041131105 0.6112557870370371 0.034383033419023136 0.030960648148148147
0 0.34656169665809766 0.5669849537037037 0.03181233933161954 0.030960648148148147
0 0.26638817480719795 0.578125 0.05912596401028278 0.03993055555555555
0 0.14106683804627249 0.8130787037037037 0.02956298200514139 0.04456018518518518