0 0.6094827586206897 0.08732212160413971 0.03620689655172414 0.047865459249676584
0 0.5956896551724138 0.16041397153945666 0.04310344827586207 0.04915912031047866
0 0.7008620689655173 0.029754204398447608 0.03620689655172414 0.018111254851228976
0 0.7379310344827587 0.05109961190168176 0.03793103448275862 0.019404915912031046
0 0.4862068965517241 0.40103492884864167 0.06206896551724138 0.059508408796895215
0 0.5948275862068966 0.4754204398447607 0.05862068965517241 0.045278137128072445
0 0.5620689655172414 0.6293661060802069 0.034482758620689655 0.037516170763260026
0 0.5103448275862069 0.6248382923673997 0.04482758620689655 0.04657179818887452
0 0.6327586206896552 0.7018111254851229 0.0896551724137931 0.05304010349288486
0 0.6836206896551724 0.7160413971539457 0.05344827586206897 0.050452781371280724
0 0.7448275862068966 0.684993531694696 0.05862068965517241 0.06338939197930142
0 0.8120689655172414 0.7516170763260026 0.06206896551724138 0.04657179818887452
0 0.8974137931034483 0.3473479948253558 0.032758620689655175 0.040103492884864166
0 0.7896551724137931 0.3408796895213454 0.05862068965517241 0.037516170763260026
0 0.8517241379310345 0.3997412677878396 0.06551724137931035 0.04398447606727038
0 0.8232758620689655 0.4333764553686934 0.06724137931034482 0.04915912031047866
0 0.9258620689655173 0.43661060802069857 0.08275862068965517 0.050452781371280724
0 0.653448275862069 0.351875808538163 0.07241379310344828 0.062095730918499355
0 0.628448275862069 0.278137128072445 0.06724137931034482 0.03880983182406209
0 0.5810344827586207 0.34928848641655885 0.06206896551724138 0.04915912031047866
0 0.531896551724138 0.3279430789133247 0.0706896551724138 0.06080206985769728
0 0.49137931034482757 0.27619663648124193 0.05862068965517241 0.05304010349288486
0 0.6525862068965518 0.5329883570504528 0.07413793103448275 0.06727037516170763
0 0.6767241379310345 0.4851228978007762 0.08793103448275862 0.059508408796895215
0 0.7663793103448275 0.556921086675291 0.029310344827586206 0.02457956015523933
0 0.8103448275862069 0.6228978007761966 0.0896551724137931 0.06080206985769728
0 0.6508620689655172 0.6455368693402329 0.08793103448275862 0.0646830530401035
0 0.7146551724137931 0.7749029754204398 0.09137931034482759 0.04398447606727038
0 0.875 0.7328589909443726 0.0706896551724138 0.06597671410090557
0 0.8293103448275863 0.8033635187580854 0.07931034482758621 0.04915912031047866
0 0.928448275862069 0.7917205692108668 0.05344827586206897 0.0517464424320828
0 0.7905172413793103 0.8589909443725744 0.056896551724137934 0.04398447606727038
0 0.9120689655172414 0.9003880983182406 0.05172413793103448 0.028460543337645538
0 0.8931034482758621 0.9611901681759379 0.041379310344827586 0.031047865459249677
0 0.9224137931034483 0.4909443725743855 0.034482758620689655 0.045278137128072445
0 0.9663793103448276 0.5950840879689522 0.05344827586206897 0.062095730918499355
0 0.44655172413793104 0.630659767141009 0.05172413793103448 0.047865459249676584
0 0.4732758620689655 0.5045278137128072 0.04310344827586207 0.031047865459249677
0 0.4603448275862069 0.43661060802069857 0.04482758620689655 0.040103492884864166
0 0.378448275862069 0.37710219922380334 0.05 0.029754204398447608
0 0.7017241379310345 0.4282018111254851 0.05862068965517241 0.04657179818887452
0 0.7353448275862069 0.5388098318240621 0.05344827586206897 0.040103492884864166
0 0.8379310344827586 0.5252263906856404 0.03793103448275862 0.03880983182406209
0 0.6767241379310345 0.08926261319534282 0.05344827586206897 0.02328589909443726
0 0.7112068965517241 0.10219922380336352 0.04310344827586207 0.0258732212160414
0 0.8603448275862069 0.027166882276843468 0.05862068965517241 0.02328589909443726
0 0.9560344827586207 0.02199223803363519 0.06724137931034482 0.0258732212160414
0 0.8931034482758621 0.014230271668822769 0.03793103448275862 0.028460543337645538
0 0.6267241379310344 0.13583441138421734 0.056896551724137934 0.031047865459249677
0 0.7586206896551724 0.07503234152652005 0.05172413793103448 0.0258732212160414
0 0.5620689655172414 0.2018111254851229 0.03793103448275862 0.03880983182406209
0 0.7379310344827587 0.35316946959896506 0.034482758620689655 0.03363518758085381
0 0.7146551724137931 0.37710219922380334 0.05 0.03234152652005175
0 0.7620689655172413 0.4217335058214748 0.04482758620689655 0.0258732212160414
0 0.7663793103448275 0.4553686934023286 0.05 0.03363518758085381
0 0.7732758620689655 0.38227684346701163 0.04310344827586207 0.03234152652005175
0 0.628448275862069 0.7542043984476067 0.039655172413793106 0.03363518758085381
0 0.9732758620689655 0.8292367399741267 0.05 0.031047865459249677
0 0.8879310344827587 0.8318240620957309 0.05172413793103448 0.03363518758085381
0 0.8844827586206897 0.7994825355756792 0.03793103448275862 0.028460543337645538
0 0.8646551724137931 0.8822768434670116 0.04310344827586207 0.0258732212160414
0 0.971551724137931 0.5258732212160414 0.03620689655172414 0.03492884864165589
0 0.5775862068965517 0.43531694695989653 0.04827586206896552 0.027166882276843468