0 0.5752895752895753 0.12536231884057972 0.11969111969111969 0.07101449275362319
0 0.6418918918918919 0.43043478260869567 0.0945945945945946 0.05507246376811594
0 0.6959459459459459 0.4963768115942029 0.06756756756756757 0.06521739130434782
0 0.8474903474903475 0.3456521739130435 0.07335907335907337 0.059420289855072465
0 0.5984555984555985 0.7528985507246376 0.08108108108108109 0.07101449275362319
0 0.3861003861003861 0.85 0.05791505791505792 0.036231884057971016
0 0.333011583011583 0.8166666666666667 0.0637065637065637 0.04492753623188406
0 0.3938223938223938 0.1492753623188406 0.10038610038610038 0.057971014492753624
0 0.47586872586872586 0.27391304347826084 0.08301158301158301 0.043478260869565216
0 0.3252895752895753 0.36884057971014494 0.0637065637065637 0.0391304347826087
0 0.3861003861003861 0.4028985507246377 0.08108108108108109 0.05507246376811594
0 0.46042471042471045 0.40797101449275364 0.09073359073359073 0.050724637681159424
0 0.5588803088803089 0.34782608695652173 0.07528957528957529 0.06376811594202898
0 0.7567567567567568 0.3210144927536232 0.06563706563706563 0.06811594202898551
0 0.4806949806949807 0.45 0.0694980694980695 0.042028985507246375
0 0.45366795366795365 0.48768115942028983 0.07335907335907337 0.05652173913043478
0 0.5193050193050193 0.5007246376811594 0.09266409266409266 0.050724637681159424
0 0.30115830115830117 0.4797101449275362 0.06177606177606178 0.03188405797101449
0 0.4768339768339768 0.5405797101449276 0.07722007722007722 0.0463768115942029
0 0.555984555984556 0.5760869565217391 0.07722007722007722 0.050724637681159424
0 0.5222007722007722 0.6224637681159421 0.06756756756756757 0.042028985507246375
0 0.555984555984556 0.6615942028985508 0.07722007722007722 0.04782608695652174
0 0.6621621621621622 0.5608695652173913 0.08108108108108109 0.06376811594202898
0 0.609073359073359 0.5108695652173914 0.07142857142857142 0.036231884057971016
0 0.7895752895752896 0.44565217391304346 0.05405405405405406 0.042028985507246375
0 0.7847490347490348 0.4905797101449275 0.07915057915057915 0.04492753623188406
0 0.7442084942084942 0.5557971014492754 0.055984555984555984 0.050724637681159424
0 0.7818532818532818 0.5318840579710145 0.04247104247104247 0.0463768115942029
0 0.8378378378378378 0.42391304347826086 0.0694980694980695 0.042028985507246375
0 0.890926640926641 0.5028985507246376 0.06756756756756757 0.06956521739130435
0 0.8194980694980695 0.644927536231884 0.14478764478764478 0.08115942028985507
0 0.3667953667953668 0.6456521739130435 0.06177606177606178 0.04492753623188406
0 0.2731660231660232 0.6543478260869565 0.04826254826254826 0.0391304347826087
0 0.27413127413127414 0.6094202898550725 0.04633204633204633 0.0391304347826087
0 0.34459459459459457 0.7246376811594203 0.055984555984555984 0.034782608695652174
0 0.2644787644787645 0.8268115942028985 0.06563706563706563 0.0391304347826087
0 0.5386100386100386 0.7108695652173913 0.04633204633204633 0.03333333333333333
0 0.5077220077220077 0.736231884057971 0.05019305019305019 0.03768115942028986
0 0.5444015444015444 0.7557971014492754 0.04247104247104247 0.0391304347826087
0 0.6824324324324325 0.6978260869565217 0.052123552123552123 0.036231884057971016
0 0.667953667953668 0.6579710144927536 0.08108108108108109 0.043478260869565216
0 0.6911196911196911 0.6210144927536232 0.06177606177606178 0.05652173913043478
0 0.6467181467181468 0.613768115942029 0.05791505791505792 0.0391304347826087
0 0.47104247104247104 0.6036231884057971 0.05791505791505792 0.042028985507246375
0 0.40733590733590735 0.5297101449275362 0.04247104247104247 0.030434782608695653
0 0.5656370656370656 0.25869565217391305 0.05405405405405406 0.036231884057971016
0 0.8243243243243243 0.7108695652173913 0.05405405405405406 0.04492753623188406
0 0.6563706563706564 0.7456521739130435 0.05405405405405406 0.04492753623188406
0 0.694980694980695 0.7644927536231884 0.05405405405405406 0.036231884057971016
0 0.35714285714285715 0.5173913043478261 0.04633204633204633 0.03188405797101449
0 0.666023166023166 0.3681159420289855 0.05405405405405406 0.0463768115942029
0 0.8397683397683398 0.3826086956521739 0.05405405405405406 0.034782608695652174
0 0.6341698841698842 0.3188405797101449 0.04826254826254826 0.03768115942028986
0 0.7075289575289575 0.427536231884058 0.04826254826254826 0.04927536231884058
0 0.4971042471042471 0.6847826086956522 0.0444015444015444 0.0391304347826087
0 0.4420849420849421 0.7195652173913043 0.04247104247104247 0.02463768115942029
0 0.8658301158301158 0.5514492753623188 0.07142857142857142 0.030434782608695653
0 0.8368725868725869 0.5746376811594203 0.052123552123552123 0.036231884057971016