0 0.15938303341902313 0.3841145833333333 0.056555269922879174 0.033275462962962965
0 0.1778598971722365 0.3463541666666667 0.04916452442159383 0.028935185185185185
0 0.43525064267352187 0.2387152777777778 0.03695372750642673 0.02662037037037037
0 0.2578727506426735 0.8230613425925926 0.02731362467866324 0.028645833333333332
0 0.2898457583547558 0.8894675925925926 0.04177377892030849 0.03761574074074074
0 0.3169987146529563 0.8120659722222222 0.03695372750642673 0.04658564814814815
0 0.03390102827763496 0.5713252314814815 0.03695372750642673 0.030960648148148147
0 0.0708547557840617 0.5358796296296297 0.06651670951156813 0.04456018518518518
0 0.06587403598971722 0.46498842592592593 0.04177377892030849 0.03530092592592592
0 0.125 0.6999421296296297 0.04691516709511568 0.03125
0 0.1495822622107969 0.7420428240740741 0.03181233933161954 0.02228009259259259
0 0.18653598971722365 0.7576678240740741 0.04209511568123393 0.030960648148148147
0 0.18396529562982006 0.8075810185185185 0.06651670951156813 0.015625