0 0.1669344473007712 0.3152488425925926 0.03695372750642673 0.033275462962962965
0 0.06587403598971722 0.44950810185185186 0.032133676092544985 0.044270833333333336
0 0.22847043701799485 0.5991030092592593 0.04177377892030849 0.033275462962962965
0 0.3035025706940874 0.6433738425925926 0.039524421593830336 0.04658564814814815
0 0.3513817480719794 0.8396990740740741 0.03695372750642673 0.03993055555555555
0 0.3602185089974293 0.8739872685185185 0.02956298200514139 0.037905092592592594
0 0.24919665809768637 0.8551793981481481 0.05430591259640103 0.039641203703703706
0 0.5176735218508998 0.9150752314814815 0.04434447300771208 0.044270833333333336
0 0.5756748071979434 0.8385416666666666 0.03695372750642673 0.03761574074074074
0 0.17432519280205655 0.6257233796296297 0.02217223650385604 0.033275462962962965
0 0.10523778920308484 0.6124131944444444 0.03695372750642673 0.04195601851851852
0 0.21240359897172237 0.6634837962962963 0.03920308483290488 0.03761574074074074
0 0.2898457583547558 0.7387152777777778 0.017352185089974295 0.03761574074074074