0 0.6982899022801303 0.3388480392156863 0.030537459283387622 0.04840686274509804
0 0.543464983713355 0.25474877450980393 0.015268729641693811 0.03829656862745098
0 0.6856677524429967 0.4724264705882353 0.021986970684039087 0.04595588235294118
0 0.7118281758957655 0.5425857843137255 0.023819218241042345 0.04840686274509804
0 0.6205211726384365 0.5960477941176471 0.02035830618892508 0.03829656862745098
0 0.5968037459283387 0.5742953431372549 0.016897394136807818 0.045649509803921566
0 0.5993485342019544 0.7346813725490197 0.03216612377850163 0.0508578431372549
0 0.5976180781758957 0.8276654411764706 0.025447882736156353 0.03829656862745098
0 0.6382328990228013 0.7933517156862745 0.028908794788273615 0.02542892156862745
0 0.6450529315960912 0.8226102941176471 0.028705211726384364 0.03308823529411765
0 0.6881107491856677 0.7614889705882353 0.030537459283387622 0.033394607843137254
0 0.7041938110749185 0.7895220588235294 0.021986970684039087 0.03308823529411765
0 0.7321864820846905 0.7806372549019608 0.02707654723127036 0.04595588235294118
0 0.6804763843648208 0.7092524509803921 0.018526058631921825 0.0508578431372549
0 0.6584894136807817 0.7130821078431373 0.015268729641693811 0.043198529411764705
0 0.7143729641693811 0.4583333333333333 0.025244299674267102 0.04840686274509804
0 0.6128868078175895 0.20128676470588236 0.025447882736156353 0.04350490196078431