0 0.26721311475409837 0.7470588235294118 0.07540983606557378 0.052941176470588235
0 0.12295081967213115 0.39558823529411763 0.036065573770491806 0.05
0 0.18688524590163935 0.4485294117647059 0.03934426229508197 0.05
0 0.25573770491803277 0.3764705882352941 0.05901639344262295 0.047058823529411764
0 0.2540983606557377 0.4264705882352941 0.04918032786885246 0.058823529411764705
0 0.2639344262295082 0.4808823529411765 0.036065573770491806 0.05
0 0.31311475409836065 0.4235294117647059 0.06885245901639345 0.058823529411764705
0 0.32295081967213113 0.47941176470588237 0.036065573770491806 0.047058823529411764
0 0.3737704918032787 0.49558823529411766 0.05901639344262295 0.06764705882352941
0 0.25081967213114753 0.5470588235294118 0.07540983606557378 0.052941176470588235
0 0.34918032786885245 0.5852941176470589 0.06229508196721312 0.047058823529411764
0 0.48032786885245904 0.5632352941176471 0.08196721311475409 0.05588235294117647
0 0.4426229508196721 0.29705882352941176 0.07213114754098361 0.047058823529411764
0 0.6065573770491803 0.2161764705882353 0.08524590163934426 0.04411764705882353
0 0.7229508196721312 0.3044117647058823 0.05573770491803279 0.05588235294117647
0 0.5098360655737705 0.4161764705882353 0.06885245901639345 0.04411764705882353
0 0.6 0.41323529411764703 0.05245901639344262 0.03823529411764706
0 0.3950819672131147 0.4161764705882353 0.04262295081967213 0.04411764705882353
0 0.44098360655737706 0.4764705882352941 0.036065573770491806 0.03529411764705882
0 0.14426229508196722 0.6102941176470589 0.05901639344262295 0.05588235294117647
0 0.15081967213114755 0.6691176470588235 0.04590163934426229 0.05588235294117647
0 0.1737704918032787 0.7205882352941176 0.05901639344262295 0.052941176470588235
0 0.08524590163934426 0.7867647058823529 0.06557377049180328 0.06764705882352941
0 0.17049180327868851 0.8735294117647059 0.07213114754098361 0.06470588235294118
0 0.22950819672131148 0.8058823529411765 0.04590163934426229 0.058823529411764705
0 0.46557377049180326 0.17794117647058824 0.03278688524590164 0.05
0 0.4262295081967213 0.18529411764705883 0.04590163934426229 0.052941176470588235
0 0.3557377049180328 0.25 0.08196721311475409 0.08235294117647059
0 0.5098360655737705 0.18823529411764706 0.04918032786885246 0.07647058823529412
0 0.5639344262295082 0.1676470588235294 0.08524590163934426 0.052941176470588235
0 0.7836065573770492 0.1588235294117647 0.06557377049180328 0.07058823529411765
0 0.6622950819672131 0.28088235294117647 0.11147540983606558 0.07352941176470588
0 0.5049180327868853 0.27205882352941174 0.07868852459016394 0.05588235294117647
0 0.3836065573770492 0.3382352941176471 0.05901639344262295 0.041176470588235294
0 0.3180327868852459 0.325 0.06557377049180328 0.04411764705882353
0 0.3475409836065574 0.36470588235294116 0.06557377049180328 0.047058823529411764