0 0.17544987146529564 0.6080729166666666 0.01992287917737789 0.033275462962962965
0 0.20613753213367608 0.6046006944444444 0.03181233933161954 0.030960648148148147
0 0.193926735218509 0.6500289351851852 0.02731362467866324 0.033275462962962965
0 0.29000642673521854 0.5934606481481481 0.03695372750642673 0.02662037037037037
0 0.3144280205655527 0.6157407407407407 0.03695372750642673 0.02199074074074074
0 0.3120179948586118 0.7287326388888888 0.032133676092544985 0.030960648148148147
0 0.24437660668380462 0.7065972222222222 0.034383033419023136 0.02662037037037037
0 0.4106683804627249 0.7377025462962963 0.04691516709511568 0.02228009259259259
0 0.41548843187660667 0.7586805555555556 0.04177377892030849 0.024305555555555556
0 0.4795951156812339 0.8729745370370371 0.03695372750642673 0.03993055555555555
0 0.3995822622107969 0.6766493055555556 0.02474293059125964 0.028645833333333332
0 0.23698586118251927 0.65234375 0.02474293059125964 0.028645833333333332