0 0.4672236503856041 0.3385416666666667 0.04691516709511568 0.03530092592592592
0 0.46224293059125965 0.2974537037037037 0.03695372750642673 0.04224537037037037
0 0.43267994858611825 0.17881944444444445 0.03695372750642673 0.05324074074074074
0 0.46963367609254497 0.1433738425925926 0.05173521850899743 0.035590277777777776
0 0.5409704370179949 0.13122106481481483 0.06651670951156813 0.051215277777777776
0 0.6026670951156813 0.1378761574074074 0.05173521850899743 0.037905092592592594
0 0.6000964010282777 0.19444444444444445 0.05173521850899743 0.05787037037037037
0 0.7553020565552699 0.1412037037037037 0.07615681233933162 0.04456018518518518
0 0.8415809768637532 0.3230613425925926 0.04691516709511568 0.048900462962962965
0 0.8981362467866324 0.32624421296296297 0.04691516709511568 0.033275462962962965
0 0.9375 0.3951099537037037 0.05687660668380463 0.04658564814814815
0 0.9140424164524421 0.5104166666666666 0.06394601542416452 0.03761574074074074
0 0.9522814910025706 0.5513599537037037 0.07615681233933162 0.05758101851851852
0 0.9116323907455013 0.5802951388888888 0.05398457583547558 0.044270833333333336
0 0.8820694087403599 0.6102430555555556 0.05912596401028278 0.04224537037037037
0 0.9325192802056556 0.6300636574074074 0.04691516709511568 0.04658564814814815
0 0.8746786632390745 0.65234375 0.05398457583547558 0.04195601851851852
0 0.7516066838046273 0.6655092592592593 0.04948586118251928 0.05092592592592592
0 0.8366002570694088 0.7042824074074074 0.06137532133676093 0.05324074074074074
0 0.8883354755784062 0.7122395833333334 0.06137532133676093 0.019965277777777776
0 0.8783740359897172 0.7421875 0.03181233933161954 0.03993055555555555
0 0.9264138817480719 0.7355324074074074 0.05398457583547558 0.03993055555555555
0 0.9437660668380463 0.6911168981481481 0.04434447300771208 0.044270833333333336
0 0.9720437017994858 0.6977719907407407 0.032133676092544985 0.030960648148148147
0 0.7713688946015425 0.7353877314814815 0.05430591259640103 0.044270833333333336
0 0.6580976863753213 0.6999421296296297 0.05912596401028278 0.05324074074074074