0 0.7191176470588235 0.20172413793103447 0.03823529411764706 0.05862068965517241
0 0.7161764705882353 0.25862068965517243 0.05 0.04827586206896552
0 0.39705882352941174 0.27413793103448275 0.047058823529411764 0.06551724137931035
0 0.3735294117647059 0.3758620689655172 0.052941176470588235 0.06896551724137931
0 0.4470588235294118 0.16896551724137931 0.041176470588235294 0.041379310344827586
0 0.5279411764705882 0.07758620689655173 0.05588235294117647 0.05172413793103448
0 0.875 0.039655172413793106 0.061764705882352944 0.04482758620689655
0 0.6588235294117647 0.3741379310344828 0.052941176470588235 0.05862068965517241
0 0.6588235294117647 0.4413793103448276 0.052941176470588235 0.06896551724137931
0 0.7411764705882353 0.3775862068965517 0.047058823529411764 0.04482758620689655
0 0.7544117647058823 0.4413793103448276 0.03235294117647059 0.041379310344827586
0 0.861764705882353 0.25689655172413794 0.047058823529411764 0.03793103448275862
0 0.788235294117647 0.5862068965517241 0.047058823529411764 0.04827586206896552
0 0.7808823529411765 0.5051724137931034 0.05 0.08620689655172414
0 0.8808823529411764 0.6517241379310345 0.03235294117647059 0.06206896551724138
0 0.9470588235294117 0.6517241379310345 0.047058823529411764 0.05517241379310345
0 0.8691176470588236 0.746551724137931 0.05 0.06551724137931035
0 0.8102941176470588 0.6982758620689655 0.05 0.07241379310344828
0 0.7514705882352941 0.7741379310344828 0.026470588235294117 0.04482758620689655
0 0.736764705882353 0.6551724137931034 0.05588235294117647 0.06206896551724138
0 0.6735294117647059 0.753448275862069 0.052941176470588235 0.03793103448275862
0 0.6661764705882353 0.65 0.05 0.05172413793103448
0 0.638235294117647 0.8206896551724138 0.07058823529411765 0.027586206896551724
0 0.6176470588235294 0.7689655172413793 0.047058823529411764 0.05517241379310345
0 0.48676470588235293 0.6448275862068965 0.05588235294117647 0.05517241379310345
0 0.45 0.7155172413793104 0.03529411764705882 0.05862068965517241
0 0.40588235294117647 0.7913793103448276 0.052941176470588235 0.05172413793103448
0 0.4 0.6431034482758621 0.047058823529411764 0.05862068965517241
0 0.3382352941176471 0.653448275862069 0.052941176470588235 0.07241379310344828
0 0.3029411764705882 0.6120689655172413 0.041176470588235294 0.03793103448275862
0 0.38088235294117645 0.5465517241379311 0.07352941176470588 0.04482758620689655
0 0.22647058823529412 0.45689655172413796 0.052941176470588235 0.06551724137931035
0 0.3044117647058823 0.3758620689655172 0.05 0.04827586206896552
0 0.48676470588235293 0.4896551724137931 0.05588235294117647 0.05517241379310345
0 0.8132352941176471 0.027586206896551724 0.05 0.027586206896551724
0 0.9455882352941176 0.017241379310344827 0.04411764705882353 0.034482758620689655
0 0.8867647058823529 0.09655172413793103 0.04411764705882353 0.05517241379310345
0 0.8632352941176471 0.14655172413793102 0.061764705882352944 0.05172413793103448
0 0.7779411764705882 0.13793103448275862 0.05588235294117647 0.06896551724137931
0 0.6602941176470588 0.1482758620689655 0.06764705882352941 0.07586206896551724
0 0.49558823529411766 0.022413793103448276 0.07941176470588235 0.04482758620689655
0 0.43676470588235294 0.0603448275862069 0.05588235294117647 0.05172413793103448
0 0.3558823529411765 0.06379310344827586 0.07058823529411765 0.08620689655172414
0 0.5470588235294118 0.1396551724137931 0.058823529411764705 0.05862068965517241
0 0.5632352941176471 0.2 0.04411764705882353 0.041379310344827586
0 0.5485294117647059 0.2517241379310345 0.061764705882352944 0.041379310344827586
0 0.3161764705882353 0.2482758620689655 0.061764705882352944 0.04827586206896552
0 0.3588235294117647 0.2706896551724138 0.058823529411764705 0.07931034482758621
0 0.45441176470588235 0.32241379310344825 0.04411764705882353 0.05172413793103448
0 0.12352941176470589 0.553448275862069 0.041176470588235294 0.04482758620689655
0 0.3220588235294118 0.4396551724137931 0.026470588235294117 0.03103448275862069
0 0.25 0.7068965517241379 0.058823529411764705 0.08275862068965517
0 0.5485294117647059 0.6086206896551725 0.06764705882352941 0.06551724137931035
0 0.586764705882353 0.6879310344827586 0.04411764705882353 0.05172413793103448
0 0.7191176470588235 0.5448275862068965 0.05 0.041379310344827586
0 0.8397058823529412 0.5086206896551724 0.05 0.05862068965517241
0 0.5970588235294118 0.44310344827586207 0.03529411764705882 0.04482758620689655