0 0.5354166666666667 0.20859375 0.07708333333333334 0.0515625
0 0.25625 0.1875 0.0625 0.053125
0 0.175 0.21953125 0.06458333333333334 0.046875
0 0.1203125 0.24296875 0.05520833333333333 0.0578125
0 0.24322916666666666 0.32734375 0.12395833333333334 0.075
0 0.3770833333333333 0.26171875 0.05625 0.0421875
0 0.5317708333333333 0.40703125 0.109375 0.0625
0 0.43802083333333336 0.45 0.065625 0.0421875
0 0.5385416666666667 0.4734375 0.1 0.0578125
0 0.6744791666666666 0.40703125 0.08854166666666667 0.0625
0 0.27395833333333336 0.49453125 0.09166666666666666 0.06875
0 0.3703125 0.448046875 0.13020833333333334 0.07265625
0 0.22708333333333333 0.6078125 0.09166666666666666 0.078125
0 0.15 0.5453125 0.0625 0.0421875
0 0.3567708333333333 0.70078125 0.08645833333333333 0.0734375
0 0.2604166666666667 0.868359375 0.07708333333333334 0.06171875
0 0.4354166666666667 0.794921875 0.07083333333333333 0.04921875
0 0.6270833333333333 0.653125 0.07708333333333334 0.0578125
0 0.5223958333333333 0.685546875 0.026041666666666668 0.02890625
0 0.753125 0.641015625 0.04375 0.05546875
0 0.8135416666666667 0.5578125 0.09375 0.04375