0 0.5592105263157895 0.034195933456561925 0.07105263157894737 0.06099815157116451
0 0.6921052631578948 0.1377079482439926 0.06842105263157895 0.04621072088724584
0 0.8026315789473685 0.2301293900184843 0.05789473684210526 0.04990757855822551
0 0.7868421052631579 0.1645101663585952 0.06315789473684211 0.04805914972273567
0 0.5802631578947368 0.26062846580406657 0.07105263157894737 0.04436229205175601
0 0.5394736842105263 0.32624768946395566 0.07368421052631578 0.04251386321626617
0 0.40657894736842104 0.3438077634011091 0.060526315789473685 0.036968576709796676
0 0.4368421052631579 0.4066543438077634 0.1 0.08133086876155268
0 0.38026315789473686 0.4519408502772643 0.060526315789473685 0.04251386321626617
0 0.22763157894736843 0.3733826247689464 0.04473684210526316 0.036968576709796676
0 0.24473684210526317 0.41866913123844735 0.05263157894736842 0.04251386321626617
0 0.3144736842105263 0.3678373382624769 0.06578947368421052 0.033271719038817
0 0.3092105263157895 0.40388170055452866 0.04473684210526316 0.053604436229205174
0 0.6368421052631579 0.5646950092421442 0.042105263157894736 0.04990757855822551
0 0.7315789473684211 0.5286506469500925 0.05789473684210526 0.033271719038817
0 0.8039473684210526 0.4852125693160813 0.09210526315789473 0.053604436229205174
0 0.9236842105263158 0.5859519408502772 0.05263157894736842 0.04805914972273567
0 0.7171052631578947 0.7634011090573013 0.08157894736842106 0.08133086876155268
0 0.6552631578947369 0.3290203327171904 0.06315789473684211 0.04805914972273567
0 0.48157894736842105 0.03234750462107209 0.07368421052631578 0.04251386321626617
0 0.5105263157894737 0.522181146025878 0.05789473684210526 0.04621072088724584
0 0.46710526315789475 0.5166358595194085 0.06578947368421052 0.04251386321626617
0 0.14342105263157895 0.5831792975970426 0.06578947368421052 0.06469500924214418
0 0.15789473684210525 0.678373382624769 0.06842105263157895 0.07393715341959335
0 0.29210526315789476 0.821626617375231 0.07368421052631578 0.04621072088724584
0 0.43157894736842106 0.822550831792976 0.06842105263157895 0.04436229205175601
0 0.6026315789473684 0.8133086876155268 0.06315789473684211 0.04066543438077634
0 0.32894736842105265 0.6635859519408502 0.07368421052631578 0.059149722735674676