0 0.6833333333333333 0.08596491228070176 0.04285714285714286 0.0456140350877193
0 0.7095238095238096 0.15087719298245614 0.047619047619047616 0.03508771929824561
0 0.4380952380952381 0.2596491228070175 0.0380952380952381 0.028070175438596492
0 0.38571428571428573 0.18771929824561404 0.047619047619047616 0.0456140350877193
0 0.1761904761904762 0.6192982456140351 0.10476190476190476 0.05263157894736842
0 0.2761904761904762 0.7035087719298245 0.05714285714285714 0.05263157894736842
0 0.6238095238095238 0.5070175438596491 0.11428571428571428 0.031578947368421054
0 0.45476190476190476 0.5701754385964912 0.05238095238095238 0.0456140350877193
0 0.6476190476190476 0.612280701754386 0.06666666666666667 0.0456140350877193
0 0.6047619047619047 0.5578947368421052 0.047619047619047616 0.03508771929824561
0 0.7333333333333333 0.6385964912280702 0.0761904761904762 0.042105263157894736
0 0.638095238095238 0.656140350877193 0.0380952380952381 0.056140350877192984
0 0.5666666666666667 0.7105263157894737 0.047619047619047616 0.05263157894736842
0 0.46190476190476193 0.6421052631578947 0.05714285714285714 0.03508771929824561
0 0.5952380952380952 0.7789473684210526 0.0761904761904762 0.042105263157894736
0 0.6642857142857143 0.7824561403508772 0.04285714285714286 0.056140350877192984
0 0.611904761904762 0.8245614035087719 0.06190476190476191 0.028070175438596492
0 0.5571428571428572 0.8210526315789474 0.05714285714285714 0.04912280701754386
0 0.44761904761904764 0.7596491228070176 0.047619047619047616 0.0456140350877193
0 0.4380952380952381 0.8719298245614036 0.0761904761904762 0.05263157894736842
0 0.6238095238095238 0.8596491228070176 0.047619047619047616 0.04912280701754386
0 0.7380952380952381 0.8894736842105263 0.05714285714285714 0.05964912280701754
0 0.5976190476190476 0.9228070175438596 0.06190476190476191 0.042105263157894736
0 0.5952380952380952 0.9754385964912281 0.047619047619047616 0.042105263157894736
0 0.23333333333333334 0.4298245614035088 0.09523809523809523 0.05964912280701754
0 0.25 0.5526315789473685 0.07142857142857142 0.05263157894736842
0 0.39285714285714285 0.6526315789473685 0.08095238095238096 0.056140350877192984
0 0.37857142857142856 0.7421052631578947 0.07142857142857142 0.05263157894736842
0 0.45476190476190476 0.6964912280701754 0.06190476190476191 0.0456140350877193
0 0.530952380952381 0.5929824561403508 0.07142857142857142 0.04912280701754386
0 0.5619047619047619 0.6421052631578947 0.0761904761904762 0.04912280701754386
0 0.6857142857142857 0.7105263157894737 0.11428571428571428 0.05263157894736842
0 0.4928571428571429 0.7824561403508772 0.06190476190476191 0.07017543859649122
0 0.6976190476190476 0.8771929824561403 0.1 0.03508771929824561
0 0.7119047619047619 0.9596491228070175 0.06190476190476191 0.0456140350877193
0 0.35714285714285715 0.9298245614035088 0.05714285714285714 0.08421052631578947
0 0.9047619047619048 0.5368421052631579 0.0761904761904762 0.06315789473684211
0 0.8119047619047619 0.4473684210526316 0.06190476190476191 0.03859649122807018
0 0.3357142857142857 0.8280701754385965 0.05238095238095238 0.03508771929824561
0 0.3047619047619048 0.8578947368421053 0.05714285714285714 0.05964912280701754
0 0.3261904761904762 0.7736842105263158 0.05238095238095238 0.0456140350877193
0 0.4166666666666667 0.7964912280701755 0.05238095238095238 0.042105263157894736
0 0.5 0.8736842105263158 0.0380952380952381 0.03508771929824561
0 0.5166666666666667 0.9157894736842105 0.03333333333333333 0.028070175438596492
0 0.5380952380952381 0.9350877192982456 0.0380952380952381 0.02456140350877193
0 0.22142857142857142 0.6614035087719298 0.1 0.03859649122807018
0 0.29285714285714287 0.6035087719298246 0.06190476190476191 0.04912280701754386
0 0.5095238095238095 0.48771929824561405 0.05714285714285714 0.03508771929824561
0 0.5095238095238095 0.5508771929824562 0.047619047619047616 0.042105263157894736
0 0.7071428571428572 0.5526315789473685 0.07142857142857142 0.0456140350877193
0 0.7785714285714286 0.8385964912280702 0.06190476190476191 0.03508771929824561
0 0.7095238095238096 0.8368421052631579 0.05714285714285714 0.0456140350877193
0 0.7738095238095238 0.7736842105263158 0.06190476190476191 0.0456140350877193