0 0.5777777777777777 0.04833333333333333 0.07555555555555556 0.03333333333333333
0 0.5622222222222222 0.10666666666666667 0.008888888888888889 0.006666666666666667
0 0.5333333333333333 0.09 0.06666666666666667 0.03333333333333333
0 0.4766666666666667 0.08333333333333333 0.09111111111111111 0.06
0 0.5466666666666666 0.1825 0.07555555555555556 0.045
0 0.47888888888888886 0.21833333333333332 0.07777777777777778 0.02666666666666667
0 0.4633333333333333 0.25583333333333336 0.07333333333333333 0.04833333333333333
0 0.40444444444444444 0.2775 0.05333333333333334 0.035
0 0.43 0.31166666666666665 0.05555555555555555 0.04666666666666667
0 0.53 0.305 0.08222222222222222 0.04
0 0.52 0.375 0.07111111111111111 0.04666666666666667
0 0.4955555555555556 0.4091666666666667 0.06222222222222222 0.035
0 0.4677777777777778 0.4266666666666667 0.07333333333333333 0.05
0 0.44222222222222224 0.4683333333333333 0.06666666666666667 0.04
0 0.41 0.49416666666666664 0.07333333333333333 0.06833333333333333
0 0.6188888888888889 0.5583333333333333 0.07333333333333333 0.04666666666666667
0 0.7288888888888889 0.675 0.07555555555555556 0.05
0 0.3088888888888889 0.23 0.03111111111111111 0.03333333333333333
0 0.36666666666666664 0.25666666666666665 0.07111111111111111 0.06333333333333334
0 0.37666666666666665 0.335 0.06888888888888889 0.04666666666666667
0 0.3933333333333333 0.38333333333333336 0.07555555555555556 0.043333333333333335
0 0.3011111111111111 0.415 0.07777777777777778 0.04
0 0.6022222222222222 0.3591666666666667 0.07111111111111111 0.055
0 0.6666666666666666 0.4058333333333333 0.07555555555555556 0.03833333333333333
0 0.7066666666666667 0.4708333333333333 0.07111111111111111 0.058333333333333334
0 0.6233333333333333 0.4508333333333333 0.07777777777777778 0.04833333333333333
0 0.6466666666666666 0.49916666666666665 0.08888888888888889 0.06166666666666667
0 0.8477777777777777 0.4741666666666667 0.08222222222222222 0.058333333333333334
0 0.6511111111111111 0.7116666666666667 0.07111111111111111 0.05
0 0.7111111111111111 0.7408333333333333 0.057777777777777775 0.055
0 0.8033333333333333 0.7083333333333334 0.05555555555555555 0.04
0 0.8144444444444444 0.7533333333333333 0.08666666666666667 0.06333333333333334
0 0.4444444444444444 0.12416666666666666 0.06222222222222222 0.051666666666666666
0 0.35444444444444445 0.12833333333333333 0.06 0.03333333333333333
0 0.4077777777777778 0.06833333333333333 0.051111111111111114 0.04
0 0.5033333333333333 0.03833333333333333 0.06 0.03333333333333333
0 0.7855555555555556 0.54 0.06444444444444444 0.03333333333333333
0 0.54 0.655 0.08888888888888889 0.04666666666666667
0 0.9422222222222222 0.69 0.05333333333333334 0.03666666666666667
0 0.9333333333333333 0.7716666666666666 0.044444444444444446 0.03
0 0.7766666666666666 0.6183333333333333 0.08222222222222222 0.04
0 0.5722222222222222 0.41583333333333333 0.06 0.035
0 0.5422222222222223 0.4483333333333333 0.08 0.04
0 0.5522222222222222 0.26416666666666666 0.051111111111111114 0.051666666666666666
0 0.5933333333333334 0.24916666666666668 0.05333333333333334 0.041666666666666664
0 0.8888888888888888 0.7375 0.04 0.03833333333333333
0 0.7722222222222223 0.3675 0.05555555555555555 0.041666666666666664
0 0.6755555555555556 0.5508333333333333 0.06666666666666667 0.041666666666666664
0 0.5177777777777778 0.5916666666666667 0.035555555555555556 0.03333333333333333
0 0.6255555555555555 0.6675 0.05555555555555555 0.028333333333333332
0 0.8955555555555555 0.7766666666666666 0.035555555555555556 0.02666666666666667
0 0.48333333333333334 0.6016666666666667 0.04666666666666667 0.03
0 0.5311111111111111 0.6208333333333333 0.044444444444444446 0.028333333333333332
0 0.3988888888888889 0.43666666666666665 0.03777777777777778 0.023333333333333334
0 0.37444444444444447 0.4241666666666667 0.03777777777777778 0.021666666666666667
0 0.6544444444444445 0.37416666666666665 0.04666666666666667 0.035
0 0.6144444444444445 0.2925 0.03777777777777778 0.025
0 0.45222222222222225 0.38 0.042222222222222223 0.023333333333333334
0 0.5888888888888889 0.52 0.06222222222222222 0.03