0 0.6298200514138818 0.18214699074074073 0.04177377892030849 0.019965277777777776
0 0.6076478149100257 0.20558449074074073 0.02699228791773779 0.044270833333333336
0 0.6420308483290489 0.21672453703703703 0.032133676092544985 0.02662037037037037
0 0.5705334190231363 0.18995949074074073 0.03695372750642673 0.035590277777777776
0 0.5337403598971723 0.19328703703703703 0.032133676092544985 0.03761574074074074
0 0.5841902313624678 0.16782407407407407 0.03470437017994859 0.03530092592592592
0 0.6200192802056556 0.1300636574074074 0.03695372750642673 0.044270833333333336
0 0.42898457583547556 0.21325231481481483 0.02956298200514139 0.04224537037037037
0 0.4587082262210797 0.17216435185185186 0.04916452442159383 0.03993055555555555
0 0.4794344473007712 0.1378761574074074 0.04691516709511568 0.033275462962962965
0 0.7700835475578406 0.4904513888888889 0.03181233933161954 0.028935185185185185
0 0.6222686375321337 0.5591724537037037 0.03695372750642673 0.033275462962962965
0 0.5952763496143959 0.6102430555555556 0.02731362467866324 0.024305555555555556
0 0.5668380462724936 0.6290509259259259 0.02956298200514139 0.04861111111111111
0 0.5324550128534704 0.6114004629629629 0.03470437017994859 0.03993055555555555
0 0.6124678663239075 0.6313657407407407 0.017352185089974295 0.013310185185185185
0 0.6556876606683805 0.6456886574074074 0.034383033419023136 0.033275462962962965
0 0.650706940874036 0.6655092592592593 0.02956298200514139 0.028935185185185185
0 0.6876606683804627 0.6699942129629629 0.02956298200514139 0.033275462962962965
0 0.6678984575835476 0.6956018518518519 0.02924164524421594 0.02662037037037037
0 0.6605077120822622 0.7065972222222222 0.034383033419023136 0.02199074074074074
0 0.7157776349614395 0.6754918981481481 0.02217223650385604 0.02228009259259259
0 0.7381105398457584 0.6566840277777778 0.032133676092544985 0.028645833333333332
0 0.7416452442159382 0.6977719907407407 0.02956298200514139 0.030960648148148147
0 0.731844473007712 0.7254050925925926 0.034383033419023136 0.04224537037037037
0 0.7048521850899743 0.7199074074074074 0.01960154241645244 0.03530092592592592
0 0.7320051413881749 0.6245659722222222 0.02956298200514139 0.035590277777777776
0 0.7614074550128535 0.6378761574074074 0.039524421593830336 0.039641203703703706
0 0.7689588688946015 0.6002604166666666 0.02956298200514139 0.035590277777777776
0 0.7233290488431876 0.5891203703703703 0.04691516709511568 0.04456018518518518
0 0.672879177377892 0.7432002314814815 0.02956298200514139 0.033275462962962965
0 0.7098329048843187 0.7586805555555556 0.02956298200514139 0.024305555555555556
0 0.640745501285347 0.7909432870370371 0.05912596401028278 0.035590277777777776