0 0.5538194444444444 0.8474770642201835 0.059027777777777776 0.06192660550458716
0 0.7291666666666666 0.8348623853211009 0.0625 0.05045871559633028
0 0.7690972222222222 0.7844036697247706 0.0798611111111111 0.045871559633027525
0 0.8368055555555556 0.731651376146789 0.1527777777777778 0.05045871559633028
0 0.7239583333333334 0.680045871559633 0.12152777777777778 0.05733944954128441
0 0.7569444444444444 0.606651376146789 0.1597222222222222 0.052752293577981654
0 0.6336805555555556 0.6261467889908257 0.052083333333333336 0.04128440366972477
0 0.3454861111111111 0.5561926605504587 0.0798611111111111 0.052752293577981654
0 0.2222222222222222 0.6215596330275229 0.1527777777777778 0.06880733944954129
0 0.07465277777777778 0.5630733944954128 0.0798611111111111 0.052752293577981654
0 0.11979166666666667 0.4461009174311927 0.11458333333333333 0.06192660550458716
0 0.3055555555555556 0.4197247706422018 0.09027777777777778 0.07339449541284404
0 0.1267361111111111 0.31422018348623854 0.10069444444444445 0.06422018348623854
0 0.921875 0.2958715596330275 0.0798611111111111 0.05504587155963303
0 0.8993055555555556 0.3555045871559633 0.0763888888888889 0.06880733944954129
0 0.7881944444444444 0.49311926605504586 0.09722222222222222 0.0871559633027523
0 0.7309027777777778 0.3474770642201835 0.1701388888888889 0.052752293577981654
0 0.546875 0.31077981651376146 0.1076388888888889 0.04357798165137615
0 0.5208333333333334 0.3577981651376147 0.08333333333333333 0.05504587155963303
0 0.4409722222222222 0.29128440366972475 0.10416666666666667 0.045871559633027525
0 0.4149305555555556 0.22706422018348624 0.06597222222222222 0.06422018348623854
0 0.578125 0.1743119266055046 0.13541666666666666 0.06880733944954129
0 0.3385416666666667 0.2121559633027523 0.12152777777777778 0.06192660550458716
0 0.2864583333333333 0.14564220183486237 0.1076388888888889 0.07110091743119266
0 0.1892361111111111 0.17087155963302753 0.13541666666666666 0.07568807339449542
0 0.5659722222222222 0.5194954128440367 0.08333333333333333 0.06192660550458716
0 0.6440972222222222 0.4598623853211009 0.0798611111111111 0.0481651376146789
0 0.7204861111111112 0.4243119266055046 0.09375 0.05963302752293578
0 0.3420138888888889 0.7110091743119266 0.09375 0.05045871559633028
0 0.20833333333333334 0.7603211009174312 0.1875 0.07568807339449542
0 0.6840277777777778 0.7706422018348624 0.08333333333333333 0.045871559633027525
0 0.6527777777777778 0.09518348623853211 0.09027777777777778 0.0389908256880734
0 0.6666666666666666 0.24541284403669725 0.06944444444444445 0.05504587155963303
0 0.2847222222222222 0.0779816513761468 0.1597222222222222 0.05963302752293578
0 0.7326388888888888 0.22362385321100917 0.0625 0.05733944954128441
0 0.8298611111111112 0.17775229357798164 0.05555555555555555 0.05733944954128441
0 0.5329861111111112 0.6181192660550459 0.10069444444444445 0.06192660550458716
0 0.4409722222222222 0.47591743119266056 0.08333333333333333 0.10779816513761468
0 0.21354166666666666 0.5103211009174312 0.1076388888888889 0.05733944954128441
0 0.4149305555555556 0.8084862385321101 0.059027777777777776 0.06651376146788991
0 0.4565972222222222 0.18004587155963303 0.07291666666666667 0.0481651376146789
0 0.9010416666666666 0.805045871559633 0.06597222222222222 0.05045871559633028
0 0.9513888888888888 0.8084862385321101 0.0763888888888889 0.052752293577981654
0 0.9635416666666666 0.7282110091743119 0.06597222222222222 0.05733944954128441
0 0.3489583333333333 0.6077981651376146 0.08680555555555555 0.05504587155963303
0 0.3541666666666667 0.9025229357798165 0.0625 0.034403669724770644
0 0.3315972222222222 0.8612385321100917 0.059027777777777776 0.02981651376146789
0 0.2899305555555556 0.8818807339449541 0.03819444444444445 0.02981651376146789
0 0.2708333333333333 0.9162844036697247 0.06944444444444445 0.034403669724770644
0 0.7986111111111112 0.3084862385321101 0.04861111111111111 0.04357798165137615
0 0.8819444444444444 0.24885321100917432 0.05555555555555555 0.04357798165137615
0 0.4097222222222222 0.6422018348623854 0.06944444444444445 0.05045871559633028
0 0.24479166666666666 0.6846330275229358 0.10069444444444445 0.05733944954128441
0 0.2673611111111111 0.3084862385321101 0.04861111111111111 0.07568807339449542
0 0.53125 0.966743119266055 0.0625 0.0389908256880734
0 0.6354166666666666 0.8944954128440367 0.08333333333333333 0.05045871559633028
0 0.4930555555555556 0.40711009174311924 0.0763888888888889 0.05733944954128441