0 0.3992673992673993 0.35665529010238906 0.07326007326007326 0.051194539249146756
0 0.6978021978021978 0.3003412969283277 0.047619047619047616 0.040955631399317405
0 0.673992673992674 0.34812286689419797 0.05860805860805861 0.05460750853242321
0 0.5476190476190477 0.47952218430034127 0.054945054945054944 0.05802047781569966
0 0.2857142857142857 0.41638225255972694 0.06593406593406594 0.040955631399317405
0 0.08791208791208792 0.41467576791808874 0.07326007326007326 0.051194539249146756
0 0.8296703296703297 0.7235494880546075 0.06227106227106227 0.06143344709897611
0 0.056776556776556776 0.6552901023890785 0.02564102564102564 0.027303754266211604
0 0.5 0.24061433447098976 0.06227106227106227 0.05802047781569966
0 0.5531135531135531 0.29692832764505117 0.05128205128205128 0.04778156996587031
0 0.6062271062271062 0.24744027303754265 0.040293040293040296 0.04436860068259386
0 0.6245421245421245 0.18600682593856654 0.047619047619047616 0.03754266211604096
0 0.6501831501831502 0.20136518771331058 0.03296703296703297 0.04778156996587031
0 0.73992673992674 0.3361774744027304 0.029304029304029304 0.04436860068259386
0 0.7875457875457875 0.32764505119453924 0.05860805860805861 0.04778156996587031
0 0.7728937728937729 0.4044368600682594 0.07326007326007326 0.051194539249146756
0 0.6941391941391941 0.4249146757679181 0.047619047619047616 0.030716723549488054
0 0.6721611721611722 0.46075085324232085 0.0695970695970696 0.04778156996587031
0 0.7326007326007326 0.4726962457337884 0.06593406593406594 0.051194539249146756
0 0.7875457875457875 0.5392491467576792 0.04395604395604396 0.04778156996587031
0 0.7051282051282052 0.5443686006825939 0.040293040293040296 0.030716723549488054
0 0.673992673992674 0.5221843003412969 0.029304029304029304 0.027303754266211604
0 0.6373626373626373 0.5102389078498294 0.04395604395604396 0.023890784982935155
0 0.5989010989010989 0.5546075085324232 0.047619047619047616 0.03754266211604096
0 0.46153846153846156 0.48293515358361777 0.029304029304029304 0.030716723549488054
0 0.5183150183150184 0.5836177474402731 0.040293040293040296 0.034129692832764506
0 0.2967032967032967 0.27303754266211605 0.03663003663003663 0.034129692832764506
0 0.34615384615384615 0.4812286689419795 0.040293040293040296 0.040955631399317405
0 0.38644688644688646 0.4931740614334471 0.040293040293040296 0.04436860068259386
0 0.4084249084249084 0.5580204778156996 0.040293040293040296 0.030716723549488054
0 0.44505494505494503 0.6143344709897611 0.040293040293040296 0.034129692832764506
0 0.4468864468864469 0.6484641638225256 0.029304029304029304 0.034129692832764506
0 0.5934065934065934 0.6416382252559727 0.05128205128205128 0.040955631399317405
0 0.554945054945055 0.6808873720136519 0.047619047619047616 0.03754266211604096
0 0.554945054945055 0.7167235494880546 0.03296703296703297 0.04778156996587031
0 0.5842490842490843 0.6979522184300341 0.018315018315018316 0.030716723549488054
0 0.6575091575091575 0.7457337883959044 0.03296703296703297 0.030716723549488054
0 0.7142857142857143 0.6655290102389079 0.029304029304029304 0.027303754266211604
0 0.6996336996336996 0.7406143344709898 0.029304029304029304 0.027303754266211604
0 0.7545787545787546 0.7406143344709898 0.04395604395604396 0.04778156996587031
0 0.510989010989011 0.7081911262798635 0.047619047619047616 0.05802047781569966
0 0.532967032967033 0.636518771331058 0.047619047619047616 0.03754266211604096
0 0.47435897435897434 0.7918088737201365 0.047619047619047616 0.040955631399317405
0 0.5695970695970696 0.8293515358361775 0.054945054945054944 0.05460750853242321
0 0.5054945054945055 0.8856655290102389 0.05860805860805861 0.07167235494880546
0 0.3772893772893773 0.8822525597269625 0.05860805860805861 0.05802047781569966
0 0.25274725274725274 0.7918088737201365 0.05128205128205128 0.06825938566552901
0 0.25274725274725274 0.5580204778156996 0.04395604395604396 0.04436860068259386
0 0.1813186813186813 0.43856655290102387 0.03296703296703297 0.03754266211604096
0 0.1813186813186813 0.5 0.047619047619047616 0.04436860068259386
0 0.07142857142857142 0.6006825938566553 0.047619047619047616 0.034129692832764506
0 0.15934065934065933 0.7133105802047781 0.047619047619047616 0.04778156996587031