0 0.5104166666666666 0.273046875 0.08194444444444444 0.05078125
0 0.29930555555555555 0.312890625 0.10138888888888889 0.05078125
0 0.35625 0.253125 0.09027777777777778 0.0421875
0 0.7763888888888889 0.329296875 0.1111111111111111 0.03984375
0 0.27152777777777776 0.4703125 0.0875 0.0328125
0 0.5590277777777778 0.641015625 0.07083333333333333 0.03359375
0 0.5777777777777777 0.69296875 0.075 0.0625
0 0.5 0.6375 0.04722222222222222 0.03125
0 0.5631944444444444 0.7484375 0.0625 0.0359375
0 0.5180555555555556 0.812890625 0.06666666666666667 0.04921875
0 0.6006944444444444 0.7640625 0.09861111111111111 0.0265625
0 0.7291666666666666 0.755078125 0.13333333333333333 0.05703125
0 0.6576388888888889 0.2484375 0.13472222222222222 0.046875
0 0.6347222222222222 0.321484375 0.09444444444444444 0.06015625
0 0.41180555555555554 0.297265625 0.09027777777777778 0.06484375
0 0.5756944444444444 0.3984375 0.07083333333333333 0.053125
0 0.6833333333333333 0.38046875 0.08333333333333333 0.0359375
0 0.6951388888888889 0.4125 0.09861111111111111 0.0328125
0 0.6444444444444445 0.43671875 0.06666666666666667 0.0421875
0 0.6875 0.458203125 0.075 0.03515625
0 0.7777777777777778 0.471484375 0.08333333333333333 0.03515625
0 0.5243055555555556 0.473828125 0.03194444444444444 0.01796875
0 0.4236111111111111 0.44140625 0.09166666666666666 0.0546875
0 0.26180555555555557 0.537890625 0.09027777777777778 0.05703125
0 0.3784722222222222 0.522265625 0.0625 0.03046875
0 0.45694444444444443 0.548828125 0.06388888888888888 0.03984375
0 0.5020833333333333 0.562109375 0.09027777777777778 0.04921875
0 0.4013888888888889 0.635546875 0.09444444444444444 0.04921875
0 0.29583333333333334 0.6609375 0.10277777777777777 0.0515625
0 0.41180555555555554 0.686328125 0.09861111111111111 0.04921875
0 0.8041666666666667 0.657421875 0.08611111111111111 0.04453125
0 0.6444444444444445 0.8171875 0.058333333333333334 0.0484375
0 0.7645833333333333 0.823046875 0.06527777777777778 0.03203125
0 0.20694444444444443 0.597265625 0.05 0.02890625
0 0.6798611111111111 0.508984375 0.05694444444444444 0.03671875
0 0.75 0.578515625 0.058333333333333334 0.02578125
0 0.8659722222222223 0.3796875 0.059722222222222225 0.034375
0 0.9638888888888889 0.37734375 0.06944444444444445 0.0421875
0 0.8798611111111111 0.428125 0.07361111111111111 0.0421875
0 0.49444444444444446 0.373828125 0.08888888888888889 0.03203125
0 0.5597222222222222 0.448046875 0.06944444444444445 0.02734375
0 0.3263888888888889 0.615234375 0.06111111111111111 0.03515625
0 0.5701388888888889 0.585546875 0.0763888888888889 0.04765625
0 0.7701388888888889 0.3828125 0.07916666666666666 0.0375
0 0.7402777777777778 0.679296875 0.075 0.03515625
0 0.6569444444444444 0.701171875 0.06111111111111111 0.03046875
0 0.5458333333333333 0.5234375 0.05 0.0296875
0 0.4722222222222222 0.496875 0.075 0.040625
0 0.65 0.65859375 0.06388888888888888 0.0421875
0 0.2847222222222222 0.709765625 0.058333333333333334 0.03359375
0 0.3861111111111111 0.721875 0.06944444444444445 0.028125