0 0.17139737991266377 0.07291666666666667 0.05021834061135371 0.03685897435897436
0 0.1888646288209607 0.11858974358974358 0.05895196506550218 0.04487179487179487
0 0.2336244541484716 0.04487179487179487 0.043668122270742356 0.04807692307692308
0 0.29912663755458513 0.08573717948717949 0.056768558951965066 0.046474358974358976
0 0.38427947598253276 0.12179487179487179 0.048034934497816595 0.03205128205128205
0 0.12663755458515283 0.10336538461538461 0.05240174672489083 0.046474358974358976
0 0.40611353711790393 0.3814102564102564 0.05240174672489083 0.038461538461538464
0 0.2368995633187773 0.5801282051282052 0.05458515283842795 0.028846153846153848
0 0.19978165938864628 0.7612179487179487 0.03275109170305677 0.035256410256410256
0 0.26419213973799127 0.7908653846153846 0.03056768558951965 0.04006410256410257
0 0.3056768558951965 0.780448717948718 0.03056768558951965 0.038461538461538464
0 0.3569868995633188 0.8108974358974359 0.03275109170305677 0.038461538461538464
0 0.3482532751091703 0.7604166666666666 0.024017467248908297 0.03365384615384615
0 0.47707423580786024 0.6955128205128205 0.05895196506550218 0.041666666666666664
0 0.5010917030567685 0.75 0.05021834061135371 0.04807692307692308
0 0.41593886462882096 0.7748397435897436 0.03275109170305677 0.04326923076923077
0 0.24126637554585154 0.8381410256410257 0.028384279475982533 0.028846153846153848
0 0.287117903930131 0.8733974358974359 0.05021834061135371 0.03205128205128205
0 0.08951965065502183 0.7059294871794872 0.048034934497816595 0.04326923076923077
0 0.3318777292576419 0.719551282051282 0.06986899563318777 0.04807692307692308
0 0.259825327510917 0.6915064102564102 0.056768558951965066 0.03365384615384615
0 0.10807860262008734 0.5 0.04585152838427948 0.04487179487179487
0 0.16593886462882096 0.5264423076923077 0.05240174672489083 0.04326923076923077
0 0.0611353711790393 0.40705128205128205 0.048034934497816595 0.035256410256410256
0 0.16266375545851527 0.24919871794871795 0.04585152838427948 0.05608974358974359
0 0.2390829694323144 0.3573717948717949 0.0851528384279476 0.07051282051282051
0 0.3624454148471616 0.35096153846153844 0.05240174672489083 0.03205128205128205
0 0.15502183406113537 0.45032051282051283 0.048034934497816595 0.05128205128205128
0 0.22161572052401746 0.4703525641025641 0.06768558951965066 0.04006410256410257
0 0.40502183406113534 0.5689102564102564 0.08078602620087336 0.07051282051282051
0 0.5 0.5136217948717948 0.0611353711790393 0.046474358974358976
0 0.2762008733624454 0.6474358974358975 0.04148471615720524 0.05128205128205128
0 0.15065502183406113 0.6442307692307693 0.06986899563318777 0.04807692307692308
0 0.21943231441048036 0.7043269230769231 0.07205240174672489 0.04006410256410257
0 0.4366812227074236 0.8541666666666666 0.06550218340611354 0.057692307692307696