0 0.38223007712082263 0.24754050925925927 0.05430591259640103 0.044270833333333336
0 0.640745501285347 0.2586805555555556 0.08354755784061697 0.05324074074074074
0 0.6740038560411311 0.3297164351851852 0.06137532133676093 0.048900462962962965
0 0.7479113110539846 0.3441840277777778 0.04209511568123393 0.033275462962962965
0 0.7651028277634961 0.5525173611111112 0.04177377892030849 0.055266203703703706
0 0.7183483290488432 0.6234085648148148 0.05687660668380463 0.033275462962962965
0 0.6863753213367609 0.6468460648148148 0.061696658097686374 0.044270833333333336
0 0.731844473007712 0.7089120370370371 0.06908740359897173 0.05324074074074074
0 0.6852506426735219 0.7288773148148148 0.04916452442159383 0.03993055555555555
0 0.6924807197943444 0.7708333333333334 0.04948586118251928 0.03993055555555555
0 0.62853470437018 0.6666666666666666 0.05912596401028278 0.03993055555555555
0 0.581780205655527 0.6578414351851852 0.06394601542416452 0.05295138888888889
0 0.5631426735218509 0.6954571759259259 0.05173521850899743 0.030960648148148147
0 0.5952763496143959 0.7365451388888888 0.04209511568123393 0.04195601851851852
0 0.6148778920308483 0.7764756944444444 0.05173521850899743 0.037905092592592594
0 0.6015424164524421 0.8585069444444444 0.04434447300771208 0.03761574074074074
0 0.6948907455012854 0.8763020833333334 0.04916452442159383 0.04658564814814815
0 0.8168380462724936 0.8009259259259259 0.056555269922879174 0.05092592592592592
0 0.5570372750642674 0.7277199074074074 0.06908740359897173 0.05092592592592592
0 0.5054627249357326 0.70703125 0.03984575835475578 0.03269675925925926
0 0.49068123393316193 0.8282696759259259 0.056555269922879174 0.037905092592592594