0 0.542650651465798 0.28017769607843135 0.016897394136807818 0.027879901960784315
0 0.5688110749185668 0.3043811274509804 0.018729641693811076 0.030330882352941176
0 0.31341612377850164 0.6646752450980392 0.025447882736156353 0.027879901960784315
0 0.3056799674267101 0.6303615196078431 0.016897394136807818 0.040747549019607844
0 0.3590187296416938 0.5729166666666666 0.028705211726384364 0.04840686274509804
0 0.3801913680781759 0.5284926470588235 0.02707654723127036 0.025735294117647058
0 0.3869096091205212 0.5500919117647058 0.016897394136807818 0.03829656862745098
0 0.3894543973941368 0.5819546568627451 0.011807817589576547 0.030330882352941176
0 0.44788273615635177 0.5641850490196079 0.03705211726384365 0.035845588235294115
0 0.4402483713355049 0.6035539215686274 0.025447882736156353 0.028186274509803922
0 0.4249796416938111 0.6495098039215687 0.018526058631921825 0.05330882352941176
0 0.47831840390879476 0.5666360294117647 0.044177524429967426 0.040747549019607844
0 0.5088558631921825 0.5742953431372549 0.0372557003257329 0.040747549019607844
0 0.49022801302931596 0.6786151960784313 0.030537459283387622 0.0508578431372549
0 0.43943403908794787 0.7501531862745098 0.02707654723127036 0.040747549019607844
0 0.4884975570032573 0.7602634803921569 0.04051302931596091 0.06096813725490196
0 0.5570032573289903 0.6545649509803921 0.035423452768729644 0.05361519607843137
0 0.37846091205211724 0.6557904411764706 0.023615635179153095 0.040747549019607844
0 0.4157166123778502 0.5690870098039216 0.030537459283387622 0.040747549019607844
0 0.4056392508143323 0.6099877450980392 0.0372557003257329 0.061274509803921566
0 0.36838355048859933 0.6825980392156863 0.02707654723127036 0.04840686274509804
0 0.47414495114006516 0.6315870098039216 0.021986970684039087 0.043198529411764705
0 0.5257532573289903 0.6469056372549019 0.050692182410423454 0.03829656862745098