0 0.7243172951885566 0.07617728531855955 0.04161248374512354 0.05263157894736842
0 0.6053315994798439 0.47229916897506924 0.04811443433029909 0.024930747922437674
0 0.7087126137841352 0.528393351800554 0.031209362808842653 0.07617728531855955
0 0.5955786736020806 0.6329639889196675 0.02860858257477243 0.030470914127423823
0 0.6605981794538361 0.6253462603878116 0.04161248374512354 0.05124653739612189
0 0.6079323797139142 0.6724376731301939 0.0377113133940182 0.04016620498614958
0 0.5162548764629389 0.5886426592797784 0.033810143042912875 0.038781163434903045
0 0.5312093628088427 0.631578947368421 0.0247074122236671 0.04709141274238227
0 0.5695708712613784 0.5664819944598338 0.04681404421326398 0.05263157894736842
0 0.9076723016905072 0.10595567867036011 0.04161248374512354 0.037396121883656507
0 0.8400520156046815 0.05193905817174515 0.03901170351105332 0.04016620498614958
0 0.42522756827048114 0.40650969529085873 0.04161248374512354 0.04016620498614958
0 0.39986996098829647 0.45706371191135736 0.05071521456436931 0.0664819944598338
0 0.43823146944083224 0.4605263157894737 0.044213263979193757 0.05955678670360111
0 0.4739921976592978 0.4930747922437673 0.04811443433029909 0.05817174515235457
0 0.3751625487646294 0.5353185595567868 0.0377113133940182 0.04847645429362881
0 0.21651495448634592 0.5637119113573407 0.032509752925877766 0.0443213296398892
0 0.2886866059817945 0.5886426592797784 0.036410923276983094 0.04986149584487535
0 0.28023407022106633 0.6198060941828255 0.053315994798439535 0.03462603878116344
0 0.29128738621586475 0.6530470914127424 0.04161248374512354 0.03462603878116344
0 0.328998699609883 0.5976454293628809 0.02860858257477243 0.03462603878116344
0 0.3634590377113134 0.6253462603878116 0.04291287386215865 0.05124653739612189
0 0.28023407022106633 0.7534626038781164 0.06371911573472042 0.04709141274238227
0 0.3257477243172952 0.7195290858725761 0.04811443433029909 0.04016620498614958
0 0.27243172951885564 0.8871191135734072 0.0377113133940182 0.05124653739612189
0 0.34070221066319895 0.9134349030470914 0.03901170351105332 0.037396121883656507
0 0.38166449934980495 0.907202216066482 0.0377113133940182 0.0443213296398892
0 0.546814044213264 0.693213296398892 0.035110533159947985 0.04016620498614958
0 0.5318595578673602 0.7382271468144044 0.03901170351105332 0.060941828254847646
0 0.5630689206762028 0.7313019390581718 0.03901170351105332 0.0332409972299169
0 0.611183355006502 0.7126038781163435 0.05721716514954486 0.04016620498614958
0 0.476592977893368 0.7763157894736842 0.0377113133940182 0.05124653739612189
0 0.5247074122236671 0.7929362880886427 0.0377113133940182 0.04016620498614958
0 0.6131339401820546 0.7957063711911357 0.027308192457737322 0.037396121883656507
0 0.7321196358907672 0.775623268698061 0.036410923276983094 0.04709141274238227
0 0.7490247074122237 0.7361495844875346 0.05201560468140442 0.05124653739612189