0 0.5535025706940874 0.25535300925925924 0.02217223650385604 0.028645833333333332
0 0.5891709511568124 0.20225694444444445 0.05430591259640103 0.015625
0 0.6457262210796915 0.13122106481481483 0.039524421593830336 0.04658564814814815
0 0.708547557840617 0.2120949074074074 0.061696658097686374 0.05324074074074074
0 0.6765745501285347 0.26880787037037035 0.05173521850899743 0.03761574074074074
0 0.230719794344473 0.3917824074074074 0.056555269922879174 0.03993055555555555
0 0.21481362467866325 0.33521412037037035 0.04916452442159383 0.02459490740740741
0 0.17673521850899743 0.28197337962962965 0.04177377892030849 0.033275462962962965
0 0.20501285347043702 0.30092592592592593 0.02956298200514139 0.02662037037037037
0 0.2652634961439589 0.18113425925925927 0.046593830334190234 0.04861111111111111
0 0.1680591259640103 0.3951099537037037 0.04434447300771208 0.037905092592592594
0 0.12853470437017994 0.4283854166666667 0.05912596401028278 0.04195601851851852
0 0.14476221079691518 0.47164351851851855 0.05173521850899743 0.04861111111111111
0 0.1817159383033419 0.45283564814814814 0.03695372750642673 0.03761574074074074
0 0.18766066838046272 0.4859664351851852 0.04434447300771208 0.04658564814814815
0 0.14717223650385605 0.5170717592592593 0.04691516709511568 0.05555555555555555
0 0.19023136246786632 0.5458622685185185 0.03920308483290488 0.033275462962962965
0 0.20244215938303342 0.5713252314814815 0.03920308483290488 0.035590277777777776
0 0.13351542416452442 0.64453125 0.034383033419023136 0.039641203703703706
0 0.17175449871465295 0.6412037037037037 0.04209511568123393 0.03298611111111111
0 0.18284061696658097 0.6644965277777778 0.03470437017994859 0.044270833333333336
0 0.22959511568123395 0.6733217592592593 0.058804627249357325 0.04456018518518518
0 0.432840616966581 0.6600115740740741 0.04177377892030849 0.03530092592592592
0 0.2726542416452442 0.6954571759259259 0.04209511568123393 0.035590277777777776
0 0.23698586118251927 0.7588252314814815 0.05430591259640103 0.033275462962962965
0 0.1791452442159383 0.8054108796296297 0.05687660668380463 0.04658564814814815
0 0.5422557840616966 0.7254050925925926 0.04916452442159383 0.03761574074074074
0 0.5633033419023136 0.8428819444444444 0.04691516709511568 0.0642361111111111
0 0.62853470437018 0.8395543981481481 0.08354755784061697 0.05758101851851852
0 0.4892352185089974 0.16898148148148148 0.02217223650385604 0.028935185185185185
0 0.5250642673521851 0.2355324074074074 0.04948586118251928 0.05092592592592592
0 0.3587724935732648 0.5668402777777778 0.05173521850899743 0.06655092592592593