0 0.8427854938271605 0.32536008230452673 0.028935185185185185 0.061213991769547324
0 0.7345679012345679 0.3299897119341564 0.04938271604938271 0.038580246913580245
0 0.6880787037037037 0.275977366255144 0.027391975308641976 0.042695473251028807
0 0.6608796296296297 0.21604938271604937 0.05092592592592592 0.10802469135802469
0 0.6348379629629629 0.12139917695473251 0.03202160493827161 0.04526748971193416
0 0.3497299382716049 0.10776748971193416 0.04050925925925926 0.04989711934156379
0 0.3082561728395062 0.13580246913580246 0.0625 0.09259259259259259
0 0.44521604938271603 0.058127572016460904 0.04938271604938271 0.08127572016460906
0 0.6795910493827161 0.3469650205761317 0.02353395061728395 0.03137860082304527
0 0.7058256172839507 0.4012345679012346 0.048996913580246916 0.0360082304526749
0 0.7573302469135802 0.3966049382716049 0.02700617283950617 0.05864197530864197
0 0.798804012345679 0.37294238683127573 0.045910493827160496 0.056584362139917695
0 0.7260802469135802 0.5308641975308642 0.02854938271604938 0.033950617283950615
0 0.6838348765432098 0.5262345679012346 0.028935185185185185 0.03806584362139918
0 0.660108024691358 0.5452674897119342 0.02854938271604938 0.0360082304526749
0 0.5306712962962963 0.6039094650205762 0.04050925925925926 0.05864197530864197
0 0.5061728395061729 0.5475823045267489 0.02854938271604938 0.03137860082304527
0 0.49363425925925924 0.5082304526748971 0.030478395061728395 0.06584362139917696
0 0.45621141975308643 0.536522633744856 0.027391975308641976 0.04938271604938271
0 0.5271990740740741 0.48122427983539096 0.047453703703703706 0.038580246913580245
0 0.439429012345679 0.4169238683127572 0.033950617283950615 0.04989711934156379
0 0.7540509259259259 0.2579732510288066 0.016589506172839507 0.029320987654320986
0 0.7642746913580247 0.4699074074074074 0.04398148148148148 0.042695473251028807
0 0.6956018518518519 0.4722222222222222 0.035493827160493825 0.047325102880658436
0 0.685570987654321 0.43698559670781895 0.015432098765432098 0.04063786008230453
0 0.6498842592592593 0.45859053497942387 0.03202160493827161 0.047839506172839504
0 0.6076388888888888 0.5002572016460906 0.018518518518518517 0.04989711934156379
0 0.5831404320987654 0.503858024691358 0.02353395061728395 0.029320987654320986
0 0.6195987654320988 0.5408950617283951 0.035493827160493825 0.04989711934156379
0 0.5509259259259259 0.5452674897119342 0.05401234567901234 0.05864197530864197
0 0.5559413580246914 0.43132716049382713 0.033950617283950615 0.042695473251028807
0 0.5991512345679012 0.4133230452674897 0.02546296296296296 0.042695473251028807
0 0.5553626543209876 0.37397119341563784 0.02199074074074074 0.0360082304526749
0 0.5281635802469136 0.3726851851851852 0.02854938271604938 0.051954732510288065
0 0.4976851851851852 0.4045781893004115 0.032407407407407406 0.051954732510288065
0 0.4697145061728395 0.3819444444444444 0.04050925925925926 0.06532921810699588
0 0.6109182098765432 0.30504115226337447 0.03896604938271605 0.056584362139917695
0 0.6195987654320988 0.3559670781893004 0.035493827160493825 0.05452674897119342