0 0.14717223650385605 0.43721064814814814 0.032133676092544985 0.028935185185185185
0 0.09174164524421594 0.5358796296296297 0.034383033419023136 0.03125
0 0.1397814910025707 0.5149016203703703 0.032133676092544985 0.019965277777777776
0 0.15568766066838047 0.5691550925925926 0.04916452442159383 0.03993055555555555
0 0.18412596401028278 0.6478587962962963 0.056555269922879174 0.024305555555555556
0 0.16195372750642673 0.6821469907407407 0.056555269922879174 0.048900462962962965
0 0.230719794344473 0.6600115740740741 0.04177377892030849 0.02662037037037037
0 0.22702442159383032 0.6877893518518519 0.04916452442159383 0.028935185185185185
0 0.21368894601542415 0.7298900462962963 0.02699228791773779 0.051215277777777776
0 0.262853470437018 0.7232349537037037 0.04177377892030849 0.019965277777777776
0 0.299646529562982 0.7486979166666666 0.05173521850899743 0.048900462962962965
0 0.35395244215938304 0.6388888888888888 0.05173521850899743 0.03761574074074074
0 0.352827763496144 0.7054398148148148 0.05912596401028278 0.05092592592592592