0 0.8693181818181818 0.3333333333333333 0.05113636363636364 0.057692307692307696
0 0.6519886363636364 0.4951923076923077 0.036931818181818184 0.060897435897435896
0 0.6377840909090909 0.5592948717948718 0.06534090909090909 0.060897435897435896
0 0.6704545454545454 0.6025641025641025 0.045454545454545456 0.038461538461538464
0 0.5582386363636364 0.3717948717948718 0.036931818181818184 0.0641025641025641
0 0.5610795454545454 0.3173076923076923 0.048295454545454544 0.07051282051282051
0 0.5113636363636364 0.3189102564102564 0.045454545454545456 0.0673076923076923
0 0.3693181818181818 0.10256410256410256 0.05113636363636364 0.05128205128205128
0 0.22017045454545456 0.7483974358974359 0.036931818181818184 0.041666666666666664
0 0.2599431818181818 0.8333333333333334 0.05965909090909091 0.0641025641025641
0 0.31107954545454547 0.9567307692307693 0.048295454545454544 0.041666666666666664
0 0.37926136363636365 0.9487179487179487 0.048295454545454544 0.05128205128205128
0 0.4559659090909091 0.9615384615384616 0.05397727272727273 0.057692307692307696
0 0.5681818181818182 0.8782051282051282 0.056818181818181816 0.07692307692307693
0 0.5965909090909091 0.8301282051282052 0.05113636363636364 0.07051282051282051
0 0.7201704545454546 0.8413461538461539 0.048295454545454544 0.05448717948717949
0 0.5298295454545454 0.6522435897435898 0.04261363636363636 0.060897435897435896
0 0.7556818181818182 0.5 0.06818181818181818 0.10256410256410256
0 0.671875 0.40544871794871795 0.08806818181818182 0.09294871794871795
0 0.7883522727272727 0.3685897435897436 0.07670454545454546 0.05128205128205128
0 0.7883522727272727 0.4326923076923077 0.09375 0.05128205128205128
0 0.8792613636363636 0.28846153846153844 0.048295454545454544 0.05128205128205128
0 0.9403409090909091 0.38782051282051283 0.05113636363636364 0.0641025641025641
0 0.9261363636363636 0.5336538461538461 0.07386363636363637 0.035256410256410256
0 0.8977272727272727 0.5753205128205128 0.045454545454545456 0.04807692307692308
0 0.8068181818181818 0.6217948717948718 0.03977272727272727 0.057692307692307696
0 0.84375 0.6009615384615384 0.03977272727272727 0.05448717948717949
0 0.6505681818181818 0.6602564102564102 0.045454545454545456 0.04487179487179487
0 0.6704545454545454 0.7788461538461539 0.03977272727272727 0.07051282051282051
0 0.7230113636363636 0.7740384615384616 0.06534090909090909 0.07371794871794872
0 0.6122159090909091 0.9182692307692307 0.04261363636363636 0.041666666666666664
0 0.5 0.9038461538461539 0.05113636363636364 0.04487179487179487
0 0.4446022727272727 0.8173076923076923 0.05397727272727273 0.07051282051282051
0 0.4659090909090909 0.719551282051282 0.056818181818181816 0.05448717948717949
0 0.578125 0.25801282051282054 0.03125 0.041666666666666664
0 0.5014204545454546 0.1858974358974359 0.04261363636363636 0.04487179487179487
0 0.46875 0.20032051282051283 0.03977272727272727 0.04807692307692308
0 0.045454545454545456 0.2403846153846154 0.056818181818181816 0.04487179487179487
0 0.06392045454545454 0.1330128205128205 0.05965909090909091 0.041666666666666664
0 0.5738636363636364 0.5128205128205128 0.05113636363636364 0.04487179487179487
0 0.3409090909090909 0.7451923076923077 0.028409090909090908 0.035256410256410256
0 0.3508522727272727 0.7772435897435898 0.03125 0.035256410256410256
0 0.9474431818181818 0.5833333333333334 0.04261363636363636 0.057692307692307696
0 0.8181818181818182 0.5176282051282052 0.045454545454545456 0.04807692307692308
0 0.7215909090909091 0.5993589743589743 0.045454545454545456 0.04487179487179487
0 0.7471590909090909 0.6282051282051282 0.045454545454545456 0.04487179487179487
0 0.7329545454545454 0.6858974358974359 0.05113636363636364 0.057692307692307696
0 0.7627840909090909 0.7996794871794872 0.036931818181818184 0.04807692307692308
0 0.9829545454545454 0.4375 0.028409090909090908 0.041666666666666664
0 0.9829545454545454 0.4791666666666667 0.028409090909090908 0.035256410256410256
0 0.984375 0.5336538461538461 0.02556818181818182 0.05448717948717949
0 0.546875 0.5689102564102564 0.036931818181818184 0.041666666666666664
0 0.5767045454545454 0.6073717948717948 0.05113636363636364 0.05448717948717949
0 0.5696022727272727 0.7676282051282052 0.04261363636363636 0.035256410256410256
0 0.49573863636363635 0.7900641025641025 0.04261363636363636 0.05448717948717949
0 0.515625 0.3974358974358974 0.04261363636363636 0.057692307692307696
0 0.8536931818181818 0.39903846153846156 0.05965909090909091 0.041666666666666664
0 0.8650568181818182 0.6730769230769231 0.06534090909090909 0.05128205128205128
0 0.9460227272727273 0.34455128205128205 0.03409090909090909 0.060897435897435896
0 0.6903409090909091 0.4967948717948718 0.045454545454545456 0.057692307692307696
0 0.5724431818181818 0.4551282051282051 0.05397727272727273 0.05128205128205128
0 0.6036931818181818 0.3942307692307692 0.048295454545454544 0.0641025641025641
0 0.625 0.3173076923076923 0.056818181818181816 0.057692307692307696