0 0.6703317901234568 0.4586226851851852 0.02546296296296296 0.027777777777777776
0 0.6737075617283951 0.4927662037037037 0.015239197530864198 0.045717592592592594
0 0.6331018518518519 0.4586226851851852 0.02546296296296296 0.027777777777777776
0 0.6069637345679012 0.46875 0.02025462962962963 0.03298611111111111
0 0.5866126543209876 0.4827835648148148 0.02353395061728395 0.030381944444444444
0 0.5874807098765432 0.5054976851851852 0.011766975308641976 0.02546296296296296
0 0.5959683641975309 0.5219907407407407 0.01871141975308642 0.03298611111111111
0 0.6060956790123457 0.5614872685185185 0.011959876543209876 0.035590277777777776
0 0.603491512345679 0.6006944444444444 0.03722993827160494 0.027777777777777776
0 0.5756172839506173 0.6032986111111112 0.02199074074074074 0.03819444444444445
0 0.5553626543209876 0.6375868055555556 0.018518518518518517 0.030381944444444444
0 0.6593364197530864 0.5588831018518519 0.013503086419753086 0.030381944444444444
0 0.6263503086419753 0.5461516203703703 0.018518518518518517 0.030381944444444444
0 0.6280864197530864 0.5727719907407407 0.02546296296296296 0.04832175925925926
0 0.6255787037037037 0.49406828703703703 0.013503086419753086 0.01765046296296296
0 0.6408179012345679 0.5131655092592593 0.02700617283950617 0.030381944444444444
0 0.5603780864197531 0.7015335648148148 0.011188271604938271 0.021701388888888888
0 0.6247106481481481 0.6179108796296297 0.014467592592592593 0.025173611111111112
0 0.5844907407407407 0.6588541666666666 0.022376543209876542 0.03761574074074074
0 0.6696566358024691 0.5316840277777778 0.016010802469135804 0.021701388888888888
0 0.6106288580246914 0.5099826388888888 0.015239197530864198 0.026331018518518517