0 0.46119791666666665 0.6685185185185185 0.030729166666666665 0.053703703703703705
0 0.3776041666666667 0.2657407407407407 0.03229166666666667 0.06666666666666667
0 0.4875 0.7273148148148149 0.042708333333333334 0.09351851851851851
0 0.4434895833333333 0.7300925925925926 0.03177083333333333 0.04537037037037037
0 0.47734375 0.799537037037037 0.049479166666666664 0.05648148148148148
0 0.48072916666666665 0.8944444444444445 0.029166666666666667 0.07777777777777778
0 0.43671875 0.8643518518518518 0.025520833333333333 0.05462962962962963
0 0.41796875 0.7967592592592593 0.0421875 0.06944444444444445
0 0.39036458333333335 0.8578703703703704 0.033854166666666664 0.06018518518518518
0 0.30911458333333336 0.9259259259259259 0.033854166666666664 0.05185185185185185
0 0.34791666666666665 0.8578703703703704 0.0375 0.06018518518518518
0 0.37005208333333334 0.888425925925926 0.033854166666666664 0.05462962962962963
0 0.41822916666666665 0.924537037037037 0.04583333333333333 0.05462962962962963
0 0.32916666666666666 0.7453703703703703 0.0375 0.07592592592592592
0 0.3671875 0.42824074074074076 0.03229166666666667 0.06574074074074074
0 0.33177083333333335 0.33194444444444443 0.042708333333333334 0.08425925925925926
0 0.20208333333333334 0.36203703703703705 0.026041666666666668 0.044444444444444446
0 0.31666666666666665 0.513425925925926 0.030208333333333334 0.06018518518518518
0 0.3359375 0.5032407407407408 0.017708333333333333 0.041666666666666664
0 0.43385416666666665 0.5328703703703703 0.023958333333333335 0.030555555555555555
0 0.42239583333333336 0.49074074074074076 0.017708333333333333 0.022222222222222223
0 0.38984375 0.6046296296296296 0.019270833333333334 0.05740740740740741
0 0.4283854166666667 0.6717592592592593 0.018229166666666668 0.03425925925925926
0 0.3578125 0.6537037037037037 0.010416666666666666 0.024074074074074074
0 0.3684895833333333 0.33240740740740743 0.0234375 0.06111111111111111
0 0.30859375 0.6601851851851852 0.030729166666666665 0.04259259259259259
0 0.2872395833333333 0.6666666666666666 0.016145833333333335 0.03518518518518519
0 0.28828125 0.7083333333333334 0.05572916666666667 0.07222222222222222
0 0.3651041666666667 0.7041666666666667 0.016666666666666666 0.026851851851851852
0 0.37864583333333335 0.6953703703703704 0.020833333333333332 0.03518518518518519
0 0.39348958333333334 0.5393518518518519 0.016145833333333335 0.023148148148148147
0 0.4088541666666667 0.5375 0.01875 0.05277777777777778
0 0.3411458333333333 0.44537037037037036 0.046875 0.08518518518518518
0 0.4088541666666667 0.44583333333333336 0.023958333333333335 0.03796296296296296
0 0.353125 0.749537037037037 0.026041666666666668 0.032407407407407406
0 0.35703125 0.6041666666666666 0.0296875 0.04351851851851852
0 0.34791666666666665 0.5587962962962963 0.034375 0.04537037037037037
0 0.48333333333333334 0.5115740740740741 0.017708333333333333 0.041666666666666664
0 0.5104166666666666 0.475462962962963 0.020833333333333332 0.03425925925925926
0 0.4825520833333333 0.6268518518518519 0.0171875 0.044444444444444446
0 0.38333333333333336 0.2064814814814815 0.01875 0.037037037037037035
0 0.425 0.3648148148148148 0.027083333333333334 0.03518518518518519
0 0.4153645833333333 0.40370370370370373 0.0234375 0.03333333333333333
0 0.39375 0.3699074074074074 0.023958333333333335 0.05092592592592592
0 0.38515625 0.47685185185185186 0.015104166666666667 0.03518518518518519
0 0.40078125 0.48657407407407405 0.018229166666666668 0.03796296296296296
0 0.29348958333333336 0.2865740740740741 0.016145833333333335 0.025
0 0.35572916666666665 0.39166666666666666 0.030208333333333334 0.037037037037037035
0 0.37890625 0.9481481481481482 0.015104166666666667 0.025925925925925925
0 0.39114583333333336 0.9458333333333333 0.010416666666666666 0.030555555555555555
0 0.45260416666666664 0.8652777777777778 0.021875 0.04722222222222222
0 0.41692708333333334 0.7203703703703703 0.0203125 0.044444444444444446
0 0.2828125 0.6273148148148148 0.025 0.032407407407407406
0 0.34322916666666664 0.6555555555555556 0.017708333333333333 0.04259259259259259
0 0.1828125 0.24166666666666667 0.015625 0.027777777777777776
0 0.19036458333333334 0.3282407407407407 0.022395833333333334 0.03425925925925926
0 0.18333333333333332 0.36203703703703705 0.014583333333333334 0.037037037037037035
0 0.17135416666666667 0.3449074074074074 0.013541666666666667 0.023148148148148147
0 0.165625 0.3138888888888889 0.017708333333333333 0.03518518518518519