0 0.6688405797101449 0.6086244541484717 0.07391304347826087 0.027292576419213975
0 0.6268115942028986 0.634825327510917 0.08260869565217391 0.06222707423580786
0 0.5528985507246377 0.6129912663755459 0.059420289855072465 0.027292576419213975
0 0.6442028985507247 0.5687772925764192 0.07101449275362319 0.048034934497816595
0 0.6014492753623188 0.5191048034934498 0.06666666666666667 0.03820960698689956
0 0.696376811594203 0.5081877729257642 0.08550724637681159 0.060043668122270744
0 0.5384057971014493 0.5032751091703057 0.06521739130434782 0.04148471615720524
0 0.4826086956521739 0.6031659388646288 0.05217391304347826 0.03384279475982533
0 0.4007246376811594 0.5987991266375546 0.09130434782608696 0.04694323144104803
0 0.37318840579710144 0.5376637554585153 0.06521739130434782 0.03165938864628821
0 0.2920289855072464 0.5644104803493449 0.07391304347826087 0.056768558951965066
0 0.12681159420289856 0.6206331877729258 0.09420289855072464 0.04694323144104803
0 0.2217391304347826 0.6370087336244541 0.05507246376811594 0.0665938864628821
0 0.377536231884058 0.4645196506550218 0.07971014492753623 0.05786026200873363
0 0.4601449275362319 0.4874454148471616 0.06811594202898551 0.060043668122270744
0 0.5195652173913043 0.44486899563318777 0.08550724637681159 0.04475982532751092
0 0.16594202898550725 0.3902838427947598 0.07971014492753623 0.06441048034934498
0 0.46594202898550724 0.40229257641921395 0.10289855072463767 0.05349344978165939
0 0.558695652173913 0.3346069868995633 0.08840579710144927 0.04694323144104803
0 0.5818840579710145 0.40556768558951967 0.07681159420289856 0.0425764192139738
0 0.5659420289855073 0.3029475982532751 0.07391304347826087 0.05786026200873363
0 0.48695652173913045 0.27838427947598254 0.06086956521739131 0.043668122270742356
0 0.5043478260869565 0.24290393013100436 0.06666666666666667 0.04912663755458515
0 0.6094202898550725 0.17631004366812228 0.07681159420289856 0.03165938864628821
0 0.6746376811594202 0.19596069868995633 0.06811594202898551 0.05786026200873363
0 0.413768115942029 0.19268558951965065 0.09710144927536232 0.0425764192139738
0 0.15144927536231884 0.48580786026200873 0.06811594202898551 0.04148471615720524
0 0.5869565217391305 0.11844978165938864 0.06666666666666667 0.07969432314410481
0 0.6920289855072463 0.0769650655021834 0.09420289855072464 0.0665938864628821
0 0.8007246376811594 0.519650655021834 0.06811594202898551 0.04585152838427948
0 0.1144927536231884 0.3346069868995633 0.04057971014492753 0.027292576419213975
0 0.16231884057971013 0.3094978165938865 0.07246376811594203 0.036026200873362446
0 0.28695652173913044 0.26582969432314413 0.03188405797101449 0.03384279475982533
0 0.30434782608695654 0.29748908296943233 0.043478260869565216 0.027292576419213975
0 0.2818840579710145 0.3460698689956332 0.0536231884057971 0.034934497816593885
0 0.26956521739130435 0.4279475982532751 0.0463768115942029 0.039301310043668124
0 0.23768115942028986 0.4656113537117904 0.03768115942028986 0.03165938864628821
0 0.2108695652173913 0.4443231441048035 0.03333333333333333 0.048034934497816595
0 0.17391304347826086 0.5240174672489083 0.03768115942028986 0.028384279475982533
0 0.1398550724637681 0.5420305676855895 0.036231884057971016 0.02947598253275109
0 0.18768115942028984 0.5786026200873362 0.07681159420289856 0.05458515283842795
0 0.3463768115942029 0.37936681222707425 0.06956521739130435 0.055676855895196505
0 0.42681159420289855 0.3569868995633188 0.06811594202898551 0.039301310043668124
0 0.48188405797101447 0.36080786026200873 0.03333333333333333 0.03384279475982533
0 0.5413043478260869 0.37663755458515286 0.050724637681159424 0.03275109170305677
0 0.5014492753623189 0.3406113537117904 0.034782608695652174 0.024017467248908297
0 0.4905797101449275 0.3116812227074236 0.042028985507246375 0.03384279475982533
0 0.4101449275362319 0.2712882096069869 0.04057971014492753 0.04039301310043668
0 0.4355072463768116 0.30240174672489084 0.042028985507246375 0.03056768558951965
0 0.5934782608695652 0.2287117903930131 0.0536231884057971 0.036026200873362446
0 0.6492753623188405 0.2925764192139738 0.06376811594202898 0.034934497816593885
0 0.75 0.16266375545851527 0.09710144927536232 0.04148471615720524
0 0.4811594202898551 0.5578602620087336 0.07246376811594203 0.05240174672489083
0 0.035507246376811595 0.42958515283842796 0.04782608695652174 0.05786026200873363
0 0.0463768115942029 0.4759825327510917 0.06956521739130435 0.03275109170305677
0 0.855072463768116 0.06168122270742358 0.05217391304347826 0.04039301310043668
0 0.7557971014492754 0.4645196506550218 0.05652173913043478 0.0665938864628821