0 0.2332904884318766 0.40625 0.04177377892030849 0.03761574074074074
0 0.28133033419023135 0.36733217592592593 0.05430591259640103 0.035590277777777776
0 0.3046272493573265 0.3984375 0.04177377892030849 0.03530092592592592
0 0.5226542416452442 0.23987268518518517 0.05430591259640103 0.05555555555555555
0 0.5866002570694088 0.2643229166666667 0.06908740359897173 0.04658564814814815
0 0.5411311053984575 0.15784143518518517 0.07133676092544987 0.04195601851851852
0 0.24791131105398456 0.6345486111111112 0.05173521850899743 0.024305555555555556
0 0.22461439588688947 0.6767939814814815 0.04434447300771208 0.0642361111111111
0 0.262853470437018 0.6721643518518519 0.02699228791773779 0.03761574074074074
0 0.29000642673521854 0.6545138888888888 0.03695372750642673 0.03298611111111111
0 0.29000642673521854 0.7142650462962963 0.05173521850899743 0.033275462962962965
0 0.30960796915167094 0.7565104166666666 0.03695372750642673 0.051215277777777776
0 0.34286632390745503 0.6899594907407407 0.03920308483290488 0.033275462962962965
0 0.44376606683804626 0.6723090277777778 0.04434447300771208 0.04658564814814815
0 0.4611182519280206 0.7265625 0.02956298200514139 0.03530092592592592