0 0.6137532133676092 0.3142361111111111 0.03920308483290488 0.02662037037037037
0 0.34656169665809766 0.32740162037037035 0.03181233933161954 0.01765046296296296
0 0.3133033419023136 0.3030960648148148 0.03470437017994859 0.02228009259259259
0 0.25176735218509 0.35966435185185186 0.039524421593830336 0.024305555555555556
0 0.2713688946015424 0.37514467592592593 0.039524421593830336 0.033275462962962965
0 0.20003213367609254 0.5237268518518519 0.04402313624678663 0.024305555555555556
0 0.15809768637532134 0.6090856481481481 0.04434447300771208 0.02662037037037037
0 0.14331619537275064 0.6535011574074074 0.04434447300771208 0.044270833333333336
0 0.18396529562982006 0.6501736111111112 0.03695372750642673 0.03761574074074074
0 0.230719794344473 0.6302083333333334 0.04177377892030849 0.03761574074074074
0 0.2639781491002571 0.6112557870370371 0.034383033419023136 0.035590277777777776
0 0.31458868894601544 0.6124131944444444 0.04177377892030849 0.033275462962962965
0 0.39090616966580977 0.5824652777777778 0.05173521850899743 0.04456018518518518
0 0.2787596401028278 0.6345486111111112 0.034383033419023136 0.024305555555555556
0 0.3280848329048843 0.6756365740740741 0.04948586118251928 0.02662037037037037
0 0.28502570694087404 0.6799768518518519 0.032133676092544985 0.03125
0 0.2800449871465296 0.7242476851851852 0.04209511568123393 0.03993055555555555
0 0.40070694087403597 0.6333912037037037 0.04177377892030849 0.02662037037037037
0 0.38962082262210795 0.66015625 0.039524421593830336 0.030960648148148147
0 0.37483933161953725 0.7377025462962963 0.05430591259640103 0.044270833333333336
0 0.4315552699228792 0.6911168981481481 0.02956298200514139 0.030960648148148147
0 0.46963367609254497 0.6866319444444444 0.03695372750642673 0.03125
0 0.5089974293059126 0.8573495370370371 0.032133676092544985 0.04861111111111111
0 0.5755141388174807 0.8861400462962963 0.04177377892030849 0.030960648148148147
0 0.6505462724935732 0.8285590277777778 0.034383033419023136 0.030960648148148147