0 0.6568607491856677 0.4954044117647059 0.025447882736156353 0.025735294117647058
0 0.6305985342019544 0.5412071078431373 0.023819218241042345 0.035845588235294115
0 0.6483102605863192 0.578125 0.03888436482084691 0.05330882352941176
0 0.6094258957654723 0.5883884803921569 0.035627035830618894 0.05361519607843137
0 0.612785016286645 0.6188725490196079 0.03216612377850163 0.03308823529411765
0 0.5307410423452769 0.6317401960784313 0.02035830618892508 0.03308823529411765
0 0.5764454397394136 0.616421568627451 0.02707654723127036 0.03308823529411765
0 0.5012214983713354 0.6596200980392157 0.03216612377850163 0.04350490196078431
0 0.5213762214983714 0.6824448529411765 0.021986970684039087 0.043198529411764705
0 0.5425488599348535 0.7372855392156863 0.02035830618892508 0.05116421568627451
0 0.5671824104234527 0.6901041666666666 0.018729641693811076 0.03829656862745098
0 0.5968037459283387 0.6927083333333334 0.02707654723127036 0.03799019607843137
0 0.5858102605863192 0.7552083333333334 0.028705211726384364 0.03553921568627451
0 0.6162459283387622 0.7296262254901961 0.028908794788273615 0.05116421568627451
0 0.6348737785016286 0.6824448529411765 0.028705211726384364 0.043198529411764705
0 0.573086319218241 0.8492647058823529 0.023615635179153095 0.04595588235294118
0 0.6111563517915309 0.6544117647058824 0.025244299674267102 0.04840686274509804
0 0.6788477198697068 0.5131740196078431 0.042141693811074916 0.04595588235294118
0 0.6695846905537459 0.5526960784313726 0.030537459283387622 0.04840686274509804
0 0.38578990228013027 0.19944852941176472 0.028501628664495113 0.03553921568627451
0 0.4537866449511401 0.5609681372549019 0.024429967426710098 0.0428921568627451