0 0.8 0.3031203566121842 0.08666666666666667 0.05943536404160475
0 0.5575 0.12109955423476969 0.035 0.04903417533432392
0 0.42833333333333334 0.31575037147102525 0.06666666666666667 0.06092124814264487
0 0.39916666666666667 0.20802377414561665 0.058333333333333334 0.06835066864784546
0 0.32083333333333336 0.19465081723625557 0.055 0.05943536404160475
0 0.29333333333333333 0.2555720653789004 0.08 0.06240713224368499
0 0.7 0.4138187221396731 0.06333333333333334 0.07578008915304606
0 0.635 0.437592867756315 0.06666666666666667 0.05200594353640416
0 0.6166666666666667 0.5052005943536404 0.07333333333333333 0.05943536404160475
0 0.48083333333333333 0.512630014858841 0.06166666666666667 0.06240713224368499
0 0.5891666666666666 0.35958395245170877 0.085 0.07726597325408618
0 0.5325 0.6931649331352154 0.085 0.06686478454680535
0 0.5858333333333333 0.6092124814264487 0.07166666666666667 0.041604754829123326
0 0.3233333333333333 0.8945022288261516 0.02 0.06240713224368499
0 0.61 0.7028231797919762 0.056666666666666664 0.05943536404160475
0 0.395 0.4063893016344725 0.04 0.04011887072808321
0 0.525 0.2771173848439822 0.09 0.07280832095096583
0 0.5108333333333334 0.3350668647845468 0.058333333333333334 0.0638930163447251
0 0.355 0.2838038632986627 0.06 0.06835066864784546
0 0.2375 0.18647845468053492 0.07166666666666667 0.0638930163447251
0 0.19083333333333333 0.24219910846953938 0.095 0.05349182763744428
0 0.19666666666666666 0.30683506686478457 0.1 0.0787518573551263
0 0.16916666666666666 0.4576523031203566 0.085 0.07429420505200594
0 0.31833333333333336 0.39598811292719166 0.07333333333333333 0.04011887072808321
0 0.30833333333333335 0.46656760772659733 0.05333333333333334 0.06240713224368499
0 0.47333333333333333 0.41084695393759285 0.056666666666666664 0.05794947994056464
0 0.37666666666666665 0.5222882615156018 0.08333333333333333 0.06686478454680535
0 0.385 0.563150074294205 0.06 0.05646359583952452
0 0.3675 0.6300148588410104 0.065 0.05052005943536404
0 0.4425 0.6040118870728083 0.03833333333333333 0.06686478454680535
0 0.5041666666666667 0.5802377414561665 0.065 0.08172362555720654
0 0.6941666666666667 0.5557206537890045 0.055 0.04457652303120357
0 0.6283333333333333 0.6069836552748885 0.056666666666666664 0.0638930163447251
0 0.22666666666666666 0.5772659732540861 0.05 0.0787518573551263
0 0.30333333333333334 0.6263001485884101 0.05 0.04309063893016345
0 0.34833333333333333 0.687221396731055 0.06 0.06092124814264487
0 0.465 0.6983655274888558 0.06 0.05646359583952452
0 0.43833333333333335 0.7570579494799405 0.07666666666666666 0.04309063893016345
0 0.2833333333333333 0.7964338781575037 0.043333333333333335 0.05349182763744428
0 0.355 0.812035661218425 0.06 0.04903417533432392
0 0.4691666666666667 0.8714710252600297 0.08166666666666667 0.03417533432392273
0 0.4525 0.9301634472511144 0.07833333333333334 0.06240713224368499
0 0.5625 0.8313521545319466 0.105 0.06092124814264487
0 0.5925 0.8937592867756315 0.055 0.0549777117384844
0 0.6591666666666667 0.9197622585438335 0.055 0.06835066864784546
0 0.6283333333333333 0.212481426448737 0.056666666666666664 0.05646359583952452
0 0.17083333333333334 0.0638930163447251 0.07166666666666667 0.06835066864784546
0 0.5283333333333333 0.2013372956909361 0.06333333333333334 0.0638930163447251
0 0.735 0.3640416047548291 0.07 0.05943536404160475
0 0.16583333333333333 0.18053491827637444 0.06833333333333333 0.04903417533432392
0 0.3325 0.15081723625557206 0.06166666666666667 0.04606240713224369
0 0.5883333333333334 0.7756315007429421 0.07666666666666666 0.03863298662704309
0 0.23416666666666666 0.6448736998514116 0.075 0.08320950965824665
0 0.0875 0.24962852897473997 0.058333333333333334 0.041604754829123326
0 0.8091666666666667 0.47771173848439824 0.04833333333333333 0.04606240713224369
0 0.9383333333333334 0.25928677563150077 0.04666666666666667 0.03417533432392273
0 0.9316666666666666 0.32317979197622587 0.04 0.06983655274888559
0 0.89 0.3699851411589896 0.04666666666666667 0.04457652303120357
0 0.895 0.28083209509658247 0.043333333333333335 0.03863298662704309
0 0.6775 0.22213967310549776 0.045 0.04309063893016345
0 0.6116666666666667 0.27191679049034173 0.06666666666666667 0.05052005943536404
0 0.6358333333333334 0.14041604754829123 0.06166666666666667 0.05794947994056464