0 0.29739717223650386 0.2986111111111111 0.02217223650385604 0.03530092592592592
0 0.3169987146529563 0.2277199074074074 0.06651670951156813 0.02662037037037037
0 0.39460154241645246 0.5447048611111112 0.03470437017994859 0.044270833333333336
0 0.432840616966581 0.5635127314814815 0.04177377892030849 0.04658564814814815
0 0.3724293059125964 0.6002604166666666 0.03920308483290488 0.044270833333333336
0 0.29980719794344474 0.6168981481481481 0.02699228791773779 0.015625
0 0.3046272493573265 0.6611689814814815 0.032133676092544985 0.03298611111111111
0 0.6002570694087404 0.6313657407407407 0.04691516709511568 0.02662037037037037
0 0.6100578406169666 0.6644965277777778 0.03181233933161954 0.030960648148148147
0 0.6666131105398457 0.5691550925925926 0.03181233933161954 0.03125
0 0.8415809768637532 0.6057581018518519 0.032133676092544985 0.019965277777777776
0 0.843991002570694 0.6323784722222222 0.03181233933161954 0.033275462962962965
0 0.7983611825192802 0.6090856481481481 0.02474293059125964 0.017939814814814815
0 0.7948264781491002 0.6422164351851852 0.02217223650385604 0.01765046296296296
0 0.8329048843187661 0.6643518518518519 0.03920308483290488 0.02662037037037037
0 0.8057519280205655 0.6833043981481481 0.02474293059125964 0.028645833333333332
0 0.831780205655527 0.7132523148148148 0.02217223650385604 0.02662037037037037
0 0.7935411311053985 0.71875 0.02474293059125964 0.024305555555555556
0 0.7676735218508998 0.6611689814814815 0.02699228791773779 0.03298611111111111
0 0.7331298200514139 0.6300636574074074 0.02731362467866324 0.033275462962962965
0 0.7516066838046273 0.6889467592592593 0.02956298200514139 0.02662037037037037
0 0.7283097686375322 0.6699942129629629 0.02217223650385604 0.02459490740740741
0 0.6998714652956298 0.6533564814814815 0.04434447300771208 0.02662037037037037
0 0.7011568123393316 0.6788194444444444 0.02699228791773779 0.024305555555555556
0 0.672879177377892 0.6843171296296297 0.014781491002570694 0.02662037037037037
0 0.6457262210796915 0.6766493055555556 0.034383033419023136 0.033275462962962965
0 0.6470115681233933 0.7199074074074074 0.03181233933161954 0.02662037037037037
0 0.6802699228791774 0.7265625 0.02956298200514139 0.02662037037037037
0 0.7207583547557841 0.7065972222222222 0.02699228791773779 0.02662037037037037
0 0.7663881748071979 0.7210648148148148 0.02956298200514139 0.024305555555555556
0 0.777474293059126 0.7508680555555556 0.04209511568123393 0.02662037037037037
0 0.7368251928020566 0.7520254629629629 0.03470437017994859 0.024305555555555556
0 0.6887853470437018 0.7986111111111112 0.02731362467866324 0.03761574074074074
0 0.6309447300771208 0.7842881944444444 0.039524421593830336 0.035590277777777776
0 0.6433161953727506 0.7586805555555556 0.04434447300771208 0.024305555555555556
0 0.5890102827763496 0.7410300925925926 0.04434447300771208 0.024305555555555556
0 0.5878856041131105 0.7044270833333334 0.05173521850899743 0.035590277777777776
0 0.6015424164524421 0.8585069444444444 0.02956298200514139 0.03298611111111111
0 0.5335796915167095 0.8896122685185185 0.02217223650385604 0.033275462962962965
0 0.5743894601542416 0.9194155092592593 0.034383033419023136 0.035590277777777776
0 0.7848650385604113 0.8152488425925926 0.05173521850899743 0.01765046296296296