0 0.39701156812339333 0.3407118055555556 0.05430591259640103 0.035590277777777776
0 0.4365359897172236 0.3019386574074074 0.034383033419023136 0.037905092592592594
0 0.5780848329048843 0.25766782407407407 0.061696658097686374 0.04195601851851852
0 0.5904562982005142 0.18229166666666666 0.03695372750642673 0.04224537037037037
0 0.5498071979434447 0.21108217592592593 0.04434447300771208 0.028645833333333332
0 0.6531169665809768 0.4759837962962963 0.02924164524421594 0.04456018518518518
0 0.672879177377892 0.42939814814814814 0.03920308483290488 0.03993055555555555
0 0.28133033419023135 0.7941261574074074 0.06394601542416452 0.033275462962962965
0 0.28631105398457585 0.8373842592592593 0.04434447300771208 0.03530092592592592
0 0.2763496143958869 0.7531828703703703 0.02442159383033419 0.02662037037037037
0 0.32438946015424164 0.7443576388888888 0.04209511568123393 0.035590277777777776
0 0.3626285347043702 0.8119212962962963 0.02474293059125964 0.03761574074074074
0 0.3711439588688946 0.9305555555555556 0.04691516709511568 0.04861111111111111
0 0.4069730077120823 0.8551793981481481 0.034383033419023136 0.026331018518518517
0 0.43396529562982006 0.8020833333333334 0.06908740359897173 0.05324074074074074
0 0.4683483290488432 0.7475405092592593 0.039524421593830336 0.033275462962962965
0 0.24791131105398456 0.7265625 0.05173521850899743 0.03530092592592592